 1
 1
 1
 1
 1
 1
 1
 1
 1
 1
 1
 1
 1
 1
 0
 0
 0
 1
 1
 1
 1
 1
 1
 1
 1
 1
 1
 1
 1
 1
 1
 0
 0
 0
 1
 1
 1
 1
 1
 1
 1
 1
 1
 1
 1
 1
 1
 1
 1
 0
 0
 1
 1
 1
 1
 1
 1
 1
 1
 1
 1
 1
 1
 1
 1
 1
 1
 0
 1
 1
 1
 1
 1
 1
 1
 1
 1
 1
 1
 1
 1
 1
 1
 1
 1
 1
 1
 1
 1
 1
 1
 1
 1
 1
 1
 1
 1
 1
 1
 1
 1
 1
 1
 1
 1
 1
 1
 1
 1
 1
 1
 1
 1
 1
 1
 1
 1
 1
 1
 1
 1
 1
 1
 1
 1
 1
 1
 1
 1
 1
 1
 1
 1
 1
 1
 1
 1
 1
 1
 1
 1
 1
 1
 1
 1
 1
 1
 1
 1
 1
 1
 1
 1
 1
 1
 1
 1
 1
 1
 1
 1
 1
 1
 1
 1
 1
 1
 1
 1
 1
 0
 1
 1
 1
 1
 1
 1
 1
 1
 1
 1
 1
 1
 1
 1
 1
 1
 1
 1
 1
 1
 1
 1
 1
 1
 1
 1
 1
 1
 1
 1
 1
 1
 1
 1
 1
 1
 1
 1
 1
 1
 1
 1
 1
 1
 1
 1
 1
 1
 1
 1
 1
 1
 1
 1
 1
 1
 1
 1
 1
 1
 1
 1
 1
 1
 1
 1
 1
 1
 1
 1
 1
 1
 1
 1
 1
 1
 1
 1
 1
 1
 1
 1
 1
 1
 1
 1
 1
 1
 1
 1
 1
 1
 1
 1
 1
 1
 1
 1
 1
 1
 1
 1
 1
 1
 1
 1
 1
 1
 1
 1
 1
 1
 1
 1
 1
 1
 1
 1
 1
 1
 1
 1
 1
 1
 1
 1
 1
 1
 1
 1
 1
 1
 1
 1
 1
 1
 1
 1
 1
 1
 1
 1
 1
 1
 1
 1
 1
 1
 1
 1
 1
 1
 1
 1
 1
 1
 1
 1
 1
 1
 1
 1
 1
 1
 1
 1
 1
 1
 1
 1
 1
 1
 1
 1
 1
 1
 1
 1
 1
 1
 1
 1
 1
 1
 1
 1
 1
 1
 1
 1
 1
 1
 1
 1
 1
 1
 1
 1
 1
 1
 1
 1
 1
 1
 1
 1
 1
 1
 1
 1
 1
 1
 1
 1
 1
 1
 1
 1
 1
 1
 1
 1
 1
 1
 1
 1
 1
 1
 1
 1
 1
 1
 1
 1
 1
 1
 1
0.8514618
0.8425317
0.8334027
0.5558341
0.5610023
0.8361152
0.840146
0.8418528
0.8105589
0.7756186
0.7365056
0.433821
0.3833387
0.3289135
0.2694435
0.2049113
0.1948959
0.5997623
0.5921147
0.8542334
0.8476009
0.5757085
0.8436872
0.5706608
0.5667197
0.5349241
0.7697673
0.7298828
0.4275433
0.3837115
0.3369116
0.4959375
0.232965
0.2238879
0.6149007
0.6076908
0.6003584
0.8621864
0.855399
0.8485209
0.5711945
0.5639445
0.5333614
0.5011944
0.4672732
0.4312592
0.3931682
0.3531114
0.3106575
0.2654416
0.2539836
0.8779873
0.6027696
0.595329
0.8574361
0.8517883
0.8461356
0.8404512
0.8347524
0.8076856
0.7773382
0.743973
0.446005
0.4122665
0.6211597
0.5716716
0.5166631
0.2847364
0.6051334
0.5977588
0.8596855
0.8524753
0.8480112
0.8436148
0.839258
0.8349288
0.5408701
0.5152025
0.4883709
0.7236125
0.6887711
0.6507722
0.6092788
0.5638779
0.5361487
0.8689373
0.5926417
0.8547711
0.8473899
0.5738021
0.8410026
0.8380113
0.8350897
0.8150869
0.7917422
0.7664869
0.7392739
0.7099677
0.6782724
0.3946131
0.3660488
0.5762144
0.8641805
0.5874385
0.8497775
0.8422329
0.8400165
0.838274
0.836659
0.8351287
0.8184203
0.7983577
0.7768887
0.7540772
0.729705
0.7036796
0.6759856
0.3964927
0.3712217
0.8593491
0.8521323
0.8446736
0.8369812
0.8357226
0.835333
0.8351204
0.834963
0.8213264
0.8044749
0.7868024
0.7681898
0.7483541
0.7274805
0.7055961
0.682563
0.398416
0.8626952
0.8591497
0.8559442
0.8530639
0.8511452
0.8491167
0.8468692
0.8443183
0.8327315
0.818522
0.5332989
0.5183893
0.5050122
0.4921207
0.4792889
0.4663885
0.4426695
0.8720978
0.8734535
0.875173
0.8772166
0.873314
0.8678597
0.5927181
0.8558782
0.8453577
0.5625539
0.5497168
0.536627
0.5274895
0.5196271
0.5120119
0.5045742
0.4840808
7.493816e-05
0.6196898
0.6265381
0.6336412
0.8939976
0.8856575
0.6085953
0.5981302
0.5875429
0.5767685
0.565539
0.5542269
0.5488366
0.5456499
0.5428486
0.5402554
0.5227984
0.6220884
0.6335048
0.6450524
0.9185435
0.6502956
0.6376531
0.6242533
0.6101126
0.5995709
0.5904073
0.5809632
0.5712238
0.5690171
0.5702799
0.5718426
0.5736167
0.5590014
0.6303833
0.6464498
0.6624213
0.6781559
0.6717091
0.6560494
0.6394956
0.6221475
0.6113536
0.6037223
0.5959552
0.5876097
0.5883113
0.5936456
0.5991567
0.6048054
0.5928767
0.6379834
0.6573858
0.6761425
0.6940941
0.9436957
0.6702855
0.652866
0.6353912
0.6258599
0.6204518
0.6151147
0.6092052
0.6119473
0.6195624
0.627111
0.6345446
0.6222516
0.622226
0.6423989
0.6618408
0.6802402
0.9374195
0.6700675
0.6608374
0.6519747
0.6469592
0.6441211
0.6414915
0.6387191
0.6419455
0.6490588
0.6561645
0.663097
0.6475711
0.6058414
0.6267681
0.6467902
0.6656942
0.9304339
0.669375
0.6681899
0.6675262
0.6670572
0.666559
0.6662271
0.6660421
0.6700077
0.6766918
0.6833718
0.6898813
0.6717788
0.5888315
0.6103984
0.6310751
0.9133829
0.6619517
0.6682442
0.6750046
0.682161
0.6862383
0.6879506
0.6897382
0.6916274
0.6962235
0.7026107
0.708869
0.7149956
0.6948794
0.8415913
0.5935324
0.8822983
0.9001651
0.9145771
0.6666146
0.6812651
0.6958787
0.7044803
0.7082087
0.7119591
0.7157507
0.7208706
0.7269013
0.7327814
0.7385464
0.7169175
0.8236884
0.8463359
0.8670977
0.8862461
0.641313
0.664445
0.6869448
0.7087091
0.7218012
0.727332
0.7328619
0.7383813
0.7440158
0.7496713
0.755199
0.7606046
0.737931
0.8077089
0.8326347
0.8555698
0.6086637
0.6359085
0.6677927
0.6979697
0.7264211
0.7463504
0.7586585
0.7709053
0.7830414
0.785657
0.7786664
0.770882
0.7623206
0.7334558
0.7945634
0.8221442
0.847402
0.6018562
0.6336156
0.6737255
0.7107856
0.7449984
0.7713265
0.7902631
0.8084501
0.8258524
0.8258163
0.8067562
0.7857666
0.7626783
0.7268691
0.7806781
0.8110872
0.8388147
0.8640456
0.6306534
0.6790401
0.7227309
0.7622576
0.7941207
0.818597
0.8414384
0.8627049
0.8614195
0.8329109
0.8004705
0.7635264
0.7200781
0.76599
0.7994893
0.5590887
0.8571584
0.8930187
0.6836488
0.7338491
0.7782872
0.8149453
0.8440452
0.8705209
0.8945947
0.8930347
0.8572604
0.8150117
0.7649178
0.7131974
0.7504533
0.5175269
0.5495363
0.5798715
0.8890135
0.9435287
0.7441455
0.7932056
0.8339873
0.8669325
0.8962488
0.9222805
0.9211121
0.8799222
0.8293423
0.766864
0.7061632
1.63973
1.584749
1.512115
1.151269
1.072653
1.289567
1.267711
1.258052
1.21507
1.187321
1.157155
0.8258824
0.7620922
0.721684
0.6090903
0.4455424
0.3612111
1.39398
1.334863
1.532366
1.449853
1.08073
1.270957
0.9572194
0.9408614
0.9082673
1.161662
1.145086
0.8355705
0.8099837
0.7680613
0.8608826
0.5128902
0.4315277
1.394572
1.351767
1.255283
1.4209
1.338939
1.264955
0.9347226
0.9045599
0.8858169
0.8922701
0.9091457
0.8954794
0.8675032
0.8401867
0.7688713
0.6274036
0.491845
1.608606
1.305706
1.204219
1.353176
1.281515
1.227152
1.17692
1.146027
1.135319
1.159555
1.195253
0.9436809
0.9294045
1.142881
1.080288
0.9329673
0.5525334
1.287263
1.23725
1.401559
1.290941
1.225189
1.18512
1.150695
1.124225
0.8494589
0.8831434
0.9240586
1.22633
1.23331
1.211091
1.156105
1.005747
0.8392949
1.48913
1.163516
1.333382
1.245835
0.9267163
1.16153
1.143409
1.140559
1.152235
1.183314
1.217223
1.265908
1.302278
1.305613
0.9964584
0.8466347
0.9226719
1.38364
1.080286
1.272646
1.206991
1.184164
1.164075
1.158379
1.179755
1.208472
1.237209
1.278368
1.338464
1.373463
1.362631
1.30102
0.9105409
0.7536899
1.265722
1.263319
1.217693
1.176646
1.174942
1.176016
1.178934
1.209445
1.254434
1.307905
1.389171
1.464731
1.472504
1.422093
1.346928
1.221627
0.7974814
1.197359
1.21788
1.219392
1.210142
1.209608
1.222078
1.249067
1.303049
1.369735
1.441491
1.266198
1.339704
1.330221
1.23045
1.117704
1.015844
0.8539073
1.231511
1.269618
1.297641
1.311732
1.317203
1.34788
1.139327
1.488268
1.565133
1.33821
1.37403
1.412036
1.388395
1.252289
1.101878
1.011481
0.875297
0.4192311
1.093642
1.134846
1.177722
1.480261
1.522548
1.299107
1.355114
1.42482
1.455952
1.433028
1.403264
1.346277
1.206067
1.072315
0.9723711
0.8466237
1.081056
1.159274
1.233421
1.566922
1.360312
1.395098
1.402275
1.410704
1.447176
1.470734
1.431631
1.347084
1.251251
1.132332
1.042589
0.9470955
0.8170356
1.094473
1.195005
1.30179
1.388431
1.423777
1.425104
1.416166
1.413744
1.41964
1.419416
1.37839
1.282168
1.1734
1.076389
1.000245
0.9178458
0.7996251
1.105394
1.219135
1.332743
1.408237
1.654256
1.357786
1.347036
1.354178
1.353274
1.33776
1.301556
1.222084
1.115536
1.034922
0.9634833
0.8825268
0.7748359
1.108619
1.212292
1.307451
1.351324
1.564828
1.253975
1.247025
1.247218
1.235817
1.223386
1.210484
1.167632
1.083556
0.9963873
0.9309062
0.851344
0.7501867
1.07166
1.164478
1.229735
1.238312
1.441265
1.14799
1.152457
1.141419
1.115869
1.094303
1.096464
1.093925
1.039579
0.948638
0.8854395
0.8262596
0.7447031
0.967259
1.056749
1.100778
1.349667
1.045462
1.041813
1.060757
1.056504
1.03599
1.007116
0.9930172
1.00092
0.9761605
0.9087892
0.8515291
0.8145919
0.759833
1.141491
0.9309121
1.231743
1.219952
1.202517
0.9507673
0.972857
0.9817578
0.9733312
0.9514099
0.9284124
0.9210633
0.9170982
0.8846973
0.8432598
0.8230917
0.7850485
1.039973
1.078644
1.107467
1.116283
0.8586805
0.8712724
0.8924459
0.912037
0.9097688
0.8930691
0.8794369
0.8717203
0.874501
0.8672216
0.8491339
0.8475207
0.8308997
0.9471503
0.9781973
1.007148
0.763483
0.7852601
0.8060412
0.8298627
0.8547828
0.8604879
0.8575314
0.8611426
0.8681667
0.867893
0.8601292
0.8523946
0.8488771
0.8404702
0.8852407
0.9139532
0.9415276
0.7008113
0.729768
0.7631272
0.7947142
0.8217245
0.8360651
0.8456625
0.8608814
0.8785493
0.8783841
0.8616644
0.8477199
0.8337765
0.8120273
0.8455715
0.8762318
0.9039741
0.930898
0.6981546
0.7448881
0.7873281
0.8186883
0.840249
0.8561479
0.8753142
0.8981884
0.8993489
0.8733248
0.8454975
0.8196631
0.7863174
0.8195722
0.8529078
0.6126014
0.911876
0.9479399
0.7402227
0.7937812
0.8342175
0.8607814
0.8807033
0.9009265
0.9242046
0.9253366
0.8921362
0.8531668
0.813132
0.7722426
0.799306
0.5664216
0.5980171
0.6288097
0.9379877
0.9947278
0.801683
0.8530176
0.8848321
0.9079027
0.9309632
0.9535386
0.951391
0.9110135
0.862845
0.8054239
0.7492804
3.445552
3.379302
3.308
2.901981
2.709201
2.851518
2.832421
2.835495
2.774655
2.741789
2.712208
2.31017
2.202345
2.271826
2.273578
2.028691
1.768961
3.235202
3.190463
3.387145
3.299785
2.840948
2.900708
2.523057
2.507576
2.476573
2.750394
2.766462
2.417287
2.39107
2.427633
2.559327
2.132846
1.949864
3.126837
3.160703
3.067649
3.204151
3.098604
2.976059
2.589907
2.51055
2.476591
2.520733
2.61982
2.62378
2.548854
2.502958
2.44623
2.286978
2.046288
3.176248
2.962078
2.890405
2.983953
2.904374
2.880843
2.837366
2.758997
2.718358
2.801663
2.934567
2.721153
2.650229
2.788166
2.720555
2.564912
2.06516
2.814862
2.814752
2.988276
2.834873
2.766305
2.776778
2.783978
2.72957
2.421566
2.503767
2.615497
2.950057
2.908175
2.81483
2.736701
2.542796
2.285625
3.021641
2.741878
2.911638
2.806911
2.515954
2.771871
2.764507
2.748456
2.749676
2.805939
2.861064
2.909521
2.910556
2.86755
2.514142
2.284881
2.287817
2.809145
2.607466
2.839678
2.772091
2.791338
2.784585
2.760365
2.782544
2.830031
2.854834
2.881567
2.937951
2.950074
2.887142
2.76326
2.280783
2.052334
2.568265
2.70951
2.735541
2.693412
2.714861
2.747246
2.757541
2.802748
2.879461
2.932629
3.00894
3.098813
3.087342
2.957051
2.781911
2.565723
2.075277
2.541108
2.661334
2.729918
2.729909
2.742456
2.821193
2.916719
3.023906
3.121189
3.157232
2.946567
3.035088
3.014624
2.817359
2.554814
2.347823
2.139463
2.76824
2.874483
2.961341
3.017777
3.052492
3.14088
2.993412
3.377187
3.466534
3.178648
3.105982
3.107615
3.076742
2.848185
2.518363
2.296433
2.132116
2.098022
2.906278
3.04337
3.143474
3.461957
3.494821
3.237118
3.239085
3.28134
3.277908
3.14704
3.019193
2.928088
2.706373
2.415057
2.179634
2.011424
2.84685
3.054135
3.243863
3.623128
3.413383
3.385078
3.272803
3.143081
3.103786
3.11029
3.020676
2.841084
2.682031
2.483567
2.275409
2.084695
1.884283
2.857332
3.055377
3.263779
3.394259
3.383856
3.263718
3.096158
2.960267
2.89005
2.864909
2.81337
2.662577
2.482266
2.304627
2.135038
1.985729
1.795132
2.862455
3.038724
3.223419
3.327091
3.4828
3.010229
2.82275
2.73113
2.682217
2.638318
2.611125
2.524055
2.353627
2.183886
2.031577
1.888557
1.707731
2.872067
3.009135
3.137722
3.190742
3.308876
2.813381
2.614901
2.506185
2.42996
2.37615
2.386682
2.387932
2.286032
2.108658
1.967741
1.831189
1.635587
2.689507
2.834995
2.919206
2.925485
3.07576
2.661994
2.514362
2.3952
2.276446
2.147552
2.132246
2.213876
2.21759
2.074
1.927925
1.809905
1.629752
2.41149
2.493492
2.573738
2.842473
2.542477
2.490216
2.414695
2.35246
2.282656
2.13969
2.008364
2.050484
2.114642
2.034154
1.888942
1.793873
1.685079
2.506703
2.244348
2.57356
2.601459
2.594212
2.316074
2.267901
2.254217
2.242854
2.172532
2.035858
1.951718
1.989058
1.982702
1.894265
1.830757
1.781865
2.294068
2.331184
2.388195
2.420671
2.163344
2.138575
2.083847
2.065031
2.063358
2.033164
1.966655
1.875459
1.851099
1.875399
1.850838
1.849646
1.942095
2.060837
2.118427
2.164104
1.930504
1.937887
1.935856
1.900255
1.841023
1.821772
1.820669
1.818586
1.797119
1.744474
1.715803
1.703562
1.723255
1.867652
1.873559
1.911307
1.927175
1.683667
1.69426
1.721565
1.727803
1.665764
1.635776
1.64658
1.679403
1.708974
1.682217
1.619643
1.574448
1.566297
1.620683
1.711843
1.749451
1.75263
1.754101
1.509189
1.552017
1.588287
1.566354
1.552927
1.564666
1.600429
1.646134
1.645754
1.58493
1.509125
1.472923
1.470299
1.586173
1.617509
1.363756
1.641346
1.659243
1.44617
1.50328
1.526077
1.52074
1.541309
1.571845
1.604502
1.607266
1.558726
1.495266
1.452813
1.444241
1.506959
1.258729
1.27911
1.298228
1.590492
1.640768
1.470517
1.53651
1.529294
1.533028
1.562207
1.584668
1.574051
1.531631
1.490404
1.440047
1.385246
5.218652
5.193647
5.206793
4.815845
4.573494
4.744564
4.768322
4.78427
4.702848
4.667474
4.631342
4.107762
3.914085
4.068804
4.156087
3.880598
3.497249
5.222394
5.214151
5.480014
5.456012
4.928878
4.923677
4.522089
4.489078
4.435933
4.742728
4.798423
4.400113
4.368971
4.479033
4.623911
4.122473
3.863313
5.168476
5.330584
5.306801
5.475396
5.348722
5.180003
4.730281
4.552527
4.464206
4.540178
4.73139
4.755522
4.64248
4.599487
4.571674
4.404015
4.067757
5.049672
5.027679
5.080979
5.149137
5.023137
5.006592
4.972281
4.822134
4.713793
4.833815
5.053654
4.874401
4.744307
4.821889
4.785772
4.649286
4.031509
4.520482
4.68277
4.961511
4.763199
4.627944
4.649944
4.725718
4.676813
4.334017
4.455786
4.622699
4.976359
4.886495
4.735552
4.662162
4.4469
4.10204
4.645458
4.480584
4.689335
4.543771
4.21966
4.46874
4.504503
4.528182
4.54726
4.637538
4.707927
4.74462
4.707408
4.637615
4.267594
3.976645
3.915248
4.283874
4.225232
4.497676
4.388808
4.411008
4.406241
4.384016
4.447096
4.549463
4.583943
4.591656
4.619099
4.584646
4.479422
4.327281
3.793925
3.521837
3.892407
4.21052
4.298088
4.222813
4.249028
4.308199
4.322907
4.396533
4.530194
4.590982
4.655801
4.755385
4.70667
4.485361
4.242695
3.990028
3.470135
3.918132
4.131726
4.256558
4.242103
4.245498
4.364298
4.505737
4.673178
4.81607
4.81811
4.607505
4.776424
4.767246
4.443876
4.034571
3.785583
3.566917
4.406372
4.535043
4.638418
4.706043
4.718658
4.808786
4.701015
5.137632
5.275143
4.952543
4.820948
4.889006
4.91576
4.566735
4.026487
3.727991
3.583129
3.972956
4.86581
5.015711
5.102408
5.369258
5.336022
5.01367
4.971543
5.047804
5.064833
4.868376
4.72728
4.671595
4.35183
3.880545
3.533354
3.370715
4.821938
5.118555
5.334402
5.666242
5.391809
5.252195
4.975711
4.702991
4.643493
4.702186
4.605626
4.3771
4.192441
3.907087
3.594547
3.328671
3.095584
4.752626
4.9997
5.246201
5.348842
5.226004
4.924469
4.55522
4.285356
4.176543
4.176363
4.150145
3.970464
3.737545
3.485603
3.254139
3.074252
2.863316
4.665418
4.829483
5.041497
5.126248
5.114569
4.384939
3.992049
3.817121
3.736854
3.689433
3.696748
3.621544
3.400384
3.160107
2.96036
2.805735
2.626751
4.640239
4.730865
4.849768
4.87545
4.802278
4.021863
3.611343
3.406263
3.266835
3.18844
3.242691
3.301822
3.189298
2.937701
2.756794
2.616364
2.420924
4.30377
4.424376
4.49326
4.472381
4.482011
3.840563
3.507519
3.264026
3.017528
2.784377
2.791422
2.973129
3.034892
2.84284
2.650606
2.545019
2.364804
3.923177
3.885592
3.976043
4.244802
3.905681
3.698305
3.467442
3.327987
3.147099
2.826445
2.593117
2.711639
2.870485
2.782999
2.582959
2.5117
2.442267
4.03336
3.62623
3.947486
3.981018
3.953001
3.544644
3.343117
3.299193
3.245549
3.051045
2.740497
2.601995
2.71018
2.74122
2.629614
2.598044
2.627958
3.73765
3.714091
3.755622
3.778812
3.500201
3.358413
3.116804
3.048636
3.037323
2.95357
2.763376
2.555621
2.525175
2.602552
2.582772
2.632073
2.933483
3.368483
3.394791
3.409873
3.158696
3.141348
3.075419
2.863149
2.679363
2.634741
2.62238
2.572915
2.471449
2.345293
2.304664
2.300925
2.388524
2.787105
3.075499
3.068588
3.017625
2.738488
2.712683
2.714155
2.606076
2.374803
2.296453
2.2985
2.328244
2.33701
2.249444
2.118758
2.025141
2.051762
2.26726
2.824687
2.830508
2.755531
2.685738
2.386061
2.405671
2.383119
2.221588
2.159657
2.155623
2.196126
2.252249
2.232587
2.103565
1.924813
1.864041
1.924687
2.645951
2.648888
2.332874
2.533633
2.479952
2.234327
2.282397
2.239822
2.158488
2.160158
2.180651
2.203062
2.198267
2.126513
2.001344
1.896668
1.912703
2.545334
2.267298
2.240552
2.204117
2.436774
2.454796
2.3072
2.372444
2.268156
2.202934
2.191285
2.175323
2.146975
2.126823
2.100252
1.993509
1.889498
7.205974
7.220858
7.306287
6.852932
6.503647
6.662078
6.733995
6.809216
6.763017
6.784987
6.784041
6.13915
5.879206
6.21631
6.522616
6.325571
5.859086
7.449964
7.507672
7.865226
7.84468
7.204287
7.114992
6.670177
6.644149
6.6396
7.060971
7.202115
6.753019
6.70962
6.888704
7.062221
6.543985
6.251181
7.552312
7.894629
7.962466
8.098584
7.921947
7.736243
7.195712
6.893267
6.799508
7.009146
7.34868
7.405396
7.256885
7.205565
7.203929
7.048763
6.638627
7.379111
7.64611
7.841352
7.80279
7.610647
7.664598
7.639278
7.378437
7.220051
7.455601
7.824853
7.683222
7.481434
7.508513
7.53512
7.446812
6.748557
6.719194
7.147114
7.537643
7.212987
6.981561
7.10477
7.32225
7.282732
6.918185
7.151594
7.439476
7.81812
7.663651
7.457222
7.420561
7.227919
6.835635
6.735249
6.727834
6.954079
6.69272
6.292037
6.603391
6.799523
6.951818
7.05429
7.272195
7.444609
7.509379
7.449905
7.3644
7.002565
6.681746
6.570381
6.169674
6.225381
6.488235
6.273567
6.257739
6.297347
6.391256
6.633298
6.910276
7.071829
7.161144
7.217095
7.187349
7.084939
6.933183
6.372979
6.063681
5.567854
5.970605
6.052034
5.910949
5.939489
6.072422
6.18809
6.422784
6.747303
6.929738
7.056791
7.210672
7.175879
6.915167
6.642353
6.389816
5.860144
5.524656
5.728042
5.869232
5.848092
5.879673
6.097743
6.375581
6.714853
7.006245
7.058297
6.929422
7.241259
7.274685
6.844623
6.29791
6.041456
5.838928
6.308391
6.386227
6.490306
6.575993
6.579703
6.707647
6.713175
7.304995
7.593204
7.315774
7.193324
7.389621
7.506567
7.024395
6.21699
5.845686
5.756595
6.265695
7.258944
7.416222
7.480308
7.671492
7.564588
7.200237
7.179546
7.390055
7.506092
7.286023
7.178526
7.189775
6.747085
5.998404
5.499032
5.373927
7.238015
7.654367
7.919609
8.248781
7.917007
7.665638
7.227286
6.821258
6.793261
6.975264
6.92569
6.681586
6.476063
6.063273
5.563384
5.169663
4.904733
7.00536
7.307099
7.620684
7.772541
7.598434
7.133742
6.568777
6.168396
6.045154
6.12542
6.190266
6.021399
5.7198
5.350214
5.005312
4.749484
4.494773
6.801036
6.917917
7.164205
7.292593
7.165367
6.202739
5.600491
5.357206
5.275456
5.274667
5.387961
5.379974
5.089908
4.728257
4.455766
4.269408
4.056119
6.743687
6.7556
6.850325
6.876707
6.653643
5.584811
4.934478
4.637772
4.461687
4.400649
4.559476
4.735144
4.618409
4.239449
4.001741
3.861725
3.623364
6.214808
6.27909
6.343655
6.314886
6.206771
5.322365
4.763456
4.379555
4.005128
3.692326
3.770201
4.107183
4.252939
3.963521
3.690228
3.613873
3.398903
5.689664
5.504817
5.638863
5.923029
5.529352
5.133323
4.737902
4.508385
4.192221
3.681588
3.379052
3.634356
3.914966
3.78507
3.463078
3.411923
3.361824
5.757141
5.203044
5.519126
5.565406
5.496343
4.9139
4.584211
4.531063
4.428571
4.083219
3.590729
3.437739
3.649152
3.684837
3.482772
3.47881
3.584001
5.334928
5.230912
5.242581
5.272387
4.972468
4.67147
4.265361
4.20642
4.214257
4.072818
3.72811
3.395009
3.387279
3.51154
3.457417
3.565571
4.081599
4.837765
4.812046
4.782475
4.522403
4.49146
4.321411
3.904408
3.667528
3.651051
3.650884
3.538441
3.322783
3.102991
3.06221
3.080369
3.236491
3.881652
4.430774
4.363356
4.243725
3.941996
3.900043
3.863102
3.582172
3.2014
3.125801
3.157784
3.19814
3.172425
2.989778
2.767991
2.629922
2.685985
3.045893
4.046626
3.99836
3.851356
3.73587
3.411651
3.430046
3.319549
2.986942
2.914782
2.93016
2.999822
3.071981
3.014785
2.778939
2.436656
2.33096
2.429
3.770234
3.717564
3.338141
3.481823
3.386717
3.153259
3.217627
3.105726
2.979495
2.985152
2.998725
2.996822
2.978341
2.86142
2.601124
2.381002
2.406821
3.647407
3.312353
3.226456
3.130064
3.311603
3.334441
3.256043
3.355837
3.189857
3.070488
2.996758
2.918139
2.876324
2.880761
2.80955
2.568326
2.401359
9.265269
9.327775
9.443276
8.869373
8.426859
8.647031
8.843485
9.018819
9.009776
9.058969
9.093241
8.4196
8.282345
9.030787
9.804856
9.768173
9.113786
9.768729
9.887748
10.30808
10.23727
9.447783
9.275015
8.853485
8.920492
9.011337
9.534807
9.7089
9.161242
9.164536
9.584516
10.01943
9.65481
9.355132
10.05055
10.57547
10.72336
10.80643
10.55621
10.29661
9.644
9.268137
9.239915
9.625147
10.12814
10.1787
9.950233
9.936098
10.07597
10.03953
9.600694
9.885268
10.46432
10.80805
10.6751
10.45279
10.54319
10.43947
10.02121
9.85522
10.27483
10.83712
10.74131
10.42243
10.37323
10.50524
10.5041
9.729133
9.119253
9.901795
10.47501
10.05747
9.809741
10.09752
10.41564
10.30424
9.91002
10.28512
10.69758
11.07657
10.80323
10.50436
10.53766
10.40223
9.949473
8.9835
9.272182
9.654795
9.344172
8.981628
9.508537
9.932934
10.18722
10.35943
10.70901
10.93503
10.95746
10.79746
10.63736
10.30019
9.982267
9.827658
8.180573
8.493488
8.883508
8.654105
8.729698
8.988162
9.339401
9.826641
10.30811
10.61165
10.74642
10.77833
10.7003
10.52968
10.35218
9.780029
9.443469
7.346075
7.964077
8.170241
8.036774
8.179947
8.544107
8.906816
9.400893
9.95114
10.24512
10.4327
10.69379
10.70245
10.37876
10.07513
9.843678
9.304288
7.177072
7.529651
7.81168
7.837541
7.964606
8.39116
8.910638
9.478804
9.926695
10.03697
10.05387
10.61916
10.78813
10.30867
9.689534
9.497485
9.317977
8.331272
8.471712
8.651586
8.750204
8.764246
9.01917
9.239224
10.05276
10.51325
10.28986
10.24557
10.6917
10.99612
10.4572
9.48852
9.188684
9.192627
8.945992
10.10266
10.28267
10.25948
10.3574
10.24375
9.929792
10.03058
10.43553
10.65296
10.4348
10.43765
10.57677
10.05324
9.113387
8.619861
8.60495
10.24296
10.92188
11.3199
11.58039
11.16435
10.81154
10.26212
9.806767
9.879999
10.19473
10.16691
9.904387
9.675946
9.132037
8.481257
8.060637
7.845656
9.851337
10.3989
10.93765
11.19854
10.96252
10.32494
9.59854
9.127679
9.039176
9.216763
9.33712
9.109663
8.673312
8.150152
7.682182
7.38385
7.141617
9.426487
9.650789
10.09083
10.37926
10.17469
8.977121
8.165191
7.897954
7.868752
7.949007
8.177618
8.181323
7.728958
7.194693
6.83056
6.600125
6.367661
9.288507
9.298378
9.478487
9.59382
9.244997
7.871737
6.936961
6.564557
6.403378
6.407333
6.715324
7.017879
6.851044
6.291387
5.994068
5.849904
5.554195
8.612974
8.6198
8.743938
8.752015
8.506346
7.329216
6.458182
5.901495
5.415897
5.05843
5.255592
5.785052
6.020652
5.605279
5.256391
5.234126
4.968379
7.96883
7.614003
7.808704
8.137888
7.660056
7.00266
6.342559
5.955747
5.468024
4.755635
4.414363
4.842052
5.250791
5.056906
4.605434
4.600968
4.576032
7.813082
7.143955
7.470816
7.550866
7.422417
6.63651
6.112524
5.982965
5.773505
5.229733
4.536546
4.387392
4.705469
4.726
4.408446
4.442159
4.635662
7.182788
7.006676
6.997635
7.034005
6.697725
6.210388
5.626398
5.543445
5.521409
5.269715
4.725965
4.265635
4.294633
4.454049
4.359457
4.526602
5.251842
6.589759
6.494327
6.397659
6.108285
6.047552
5.719027
5.069768
4.78331
4.764821
4.736478
4.520131
4.170918
3.884043
3.854553
3.898654
4.136104
5.033278
6.087629
5.953506
5.754003
5.416984
5.347739
5.205718
4.664606
4.120168
4.024198
4.062412
4.091099
4.006941
3.721
3.421827
3.270214
3.387939
3.933743
5.539109
5.456404
5.255931
5.10708
4.77198
4.762641
4.474679
3.89279
3.7801
3.805576
3.88506
3.947692
3.823327
3.453483
2.964902
2.853784
3.021231
5.096498
5.0182
4.609457
4.73067
4.636656
4.451392
4.530953
4.308022
4.071959
4.031915
3.997225
3.927469
3.854635
3.653157
3.243936
2.925582
2.981825
4.880438
4.510117
4.394391
4.280417
4.462314
4.537682
4.539932
4.655087
4.414773
4.195374
4.007866
3.830194
3.744897
3.746643
3.622618
3.25396
3.037475
11.15773
11.30597
11.46611
10.74387
10.14614
10.40203
10.71196
10.93861
10.89997
10.94146
11.0557
10.45689
10.53947
11.79113
13.12399
13.29891
12.49059
11.85819
12.12186
12.68642
12.57701
11.54447
11.21367
10.80878
10.9472
11.07759
11.64106
11.82169
11.20402
11.33194
12.10913
12.96115
12.85507
12.61072
12.25202
13.05868
13.39587
13.47627
13.0839
12.65817
11.86905
11.44149
11.47232
11.98403
12.58336
12.57839
12.27382
12.38545
12.78433
13.01114
12.67766
12.0139
13.00247
13.59577
13.45024
13.18152
13.21937
12.96909
12.39112
12.23467
12.84494
13.59249
13.50136
13.02412
12.92139
13.22225
13.40773
12.67785
11.08844
12.31873
13.16116
12.72892
12.46737
12.82424
13.11575
12.87877
12.48356
13.06813
13.66637
14.05281
13.62377
13.23088
13.37171
13.34575
12.87916
10.76887
11.44175
12.06699
11.74811
11.41513
12.08462
12.63402
12.94139
13.21064
13.74269
14.06765
14.06504
13.78639
13.55917
13.27709
12.98984
12.80308
9.753493
10.36072
10.93987
10.73435
10.90017
11.35156
11.9436
12.6923
13.42233
13.87873
14.02732
14.00711
13.86066
13.61447
13.42434
12.87774
12.54379
8.760289
9.595716
9.931148
9.8493
10.14785
10.77514
11.45868
12.31198
13.15208
13.54617
13.75411
14.08269
14.07349
13.62695
13.26613
13.08082
12.5799
8.486361
9.027418
9.450435
9.569036
9.869684
10.5771
11.42547
12.30988
12.96728
13.16949
13.37682
14.21507
14.49799
13.91077
13.1603
13.0151
12.8916
9.778822
10.05629
10.36953
10.54819
10.68148
11.17754
11.70779
12.80993
13.50027
13.43183
13.60306
14.41066
14.98131
14.40479
13.25552
13.00618
13.11863
11.09478
12.38327
12.57735
12.52686
12.61419
12.60029
12.46818
12.79831
13.49394
13.92949
13.87569
14.18052
14.61937
14.11652
13.04573
12.60033
12.71037
13.17739
14.07389
14.50352
14.6533
14.16103
13.73676
13.12612
12.71215
13.01123
13.58026
13.71796
13.6271
13.58295
13.0424
12.36427
12.02123
11.88329
13.07778
13.90804
14.60876
14.89113
14.53523
13.70162
12.81933
12.2999
12.30678
12.67495
12.95053
12.79402
12.37518
11.81435
11.36923
11.16189
10.97882
12.58282
12.99886
13.67058
14.12166
13.82212
12.3836
11.38312
11.10378
11.14759
11.37047
11.76943
11.81555
11.25378
10.61646
10.26405
10.10293
9.911196
12.31942
12.37567
12.71786
13.00736
12.59905
10.97553
9.817276
9.423053
9.316347
9.440813
9.968725
10.42295
10.17968
9.452276
9.157628
9.061288
8.743476
11.46056
11.40667
11.64376
11.75514
11.43183
10.02763
8.929056
8.300683
7.785082
7.45632
7.867257
8.668444
9.005925
8.466474
8.089157
8.135796
7.818081
10.66751
10.17307
10.44757
10.8154
10.2755
9.371081
8.524078
8.091146
7.530177
6.685862
6.389778
7.093253
7.698057
7.464813
6.922954
6.990467
6.997627
10.18638
9.507741
9.893518
10.01117
9.784319
8.775495
8.094348
7.973403
7.742599
7.036952
6.180058
6.120174
6.640422
6.688046
6.270416
6.355339
6.67755
9.285214
9.143273
9.199509
9.285589
8.89574
8.16847
7.401963
7.345155
7.355306
7.00639
6.267296
5.721434
5.850007
6.068143
5.906955
6.111679
7.122302
8.636192
8.524673
8.409944
8.148139
8.079498
7.553155
6.641859
6.325443
6.350645
6.305939
5.973697
5.480072
5.130012
5.109434
5.14912
5.44821
6.666154
8.1609
7.942118
7.634762
7.283348
7.210004
6.947181
6.135856
5.422085
5.321144
5.373515
5.379438
5.202786
4.779561
4.389192
4.212319
4.389611
5.188881
7.530485
7.373126
7.051372
6.840115
6.49881
6.470774
6.021585
5.167522
4.971345
4.998794
5.06996
5.096535
4.867789
4.328341
3.686573
3.575322
3.841291
6.919647
6.793542
6.31437
6.379296
6.26905
6.128964
6.213167
5.855344
5.454656
5.331964
5.212808
5.047488
4.897382
4.584534
4.011041
3.607686
3.709857
6.552138
6.145824
5.993797
5.862403
6.027825
6.115884
6.148102
6.205759
5.846126
5.498724
5.172379
4.874063
4.737754
4.730658
4.550685
4.076326
3.83227
12.62332
12.78529
12.86612
11.97758
11.43341
11.79043
12.20584
12.43521
12.27364
12.2336
12.46703
12.05154
12.40966
14.22003
16.20086
16.70457
15.86051
13.50921
13.88303
14.5621
14.45709
13.27812
12.80808
12.40191
12.56525
12.66427
13.20081
13.36894
12.69279
12.97085
14.19931
15.61992
15.91755
15.84046
14.02009
15.1062
15.70407
15.89611
15.41914
14.79654
13.81357
13.28162
13.33045
13.90415
14.53132
14.39846
13.97778
14.29439
15.11098
15.75203
15.66785
13.71017
15.13196
16.12237
16.13313
15.88827
15.83956
15.38519
14.56624
14.33059
15.04642
15.91149
15.76978
15.08283
14.92136
15.47206
15.96707
15.42643
12.69432
14.37908
15.64101
15.37702
15.16181
15.54565
15.75732
15.30085
14.78671
15.50644
16.26547
16.63599
16.01957
15.48462
15.73607
15.89548
15.50989
12.26728
13.30655
14.2652
14.08514
13.81105
14.54647
15.14426
15.42764
15.73347
16.42363
16.86619
16.84143
16.42509
16.08164
15.81956
15.58487
15.41542
11.11261
11.97327
12.7574
12.64647
12.87333
13.39905
14.13583
15.11036
16.10397
16.73591
16.90852
16.85483
16.64981
16.31128
16.07662
15.5516
15.24191
9.964382
10.97645
11.42503
11.39019
11.73477
12.46477
13.3896
14.62677
15.79848
16.30053
16.52685
16.93633
16.92261
16.37383
15.96435
15.8247
15.37895
9.57411
10.23158
10.73678
10.8867
11.22886
12.06147
13.15904
14.38224
15.3004
15.62733
16.03257
17.14776
17.55296
16.86975
16.00008
15.9253
15.87858
10.85069
11.19704
11.58526
11.78762
11.9509
12.5583
13.30633
14.67948
15.64112
15.79471
16.23426
17.44455
18.30236
17.66747
16.31816
16.1694
16.40179
12.4015
13.74618
13.98583
13.95531
14.03998
14.08001
14.0961
14.67471
15.70558
16.42188
16.61407
17.30715
18.10888
17.60807
16.36969
16.00997
16.25535
14.964
15.99072
16.50773
16.67126
16.15475
15.65832
14.992
14.69088
15.32708
16.26073
16.67923
16.87294
17.09732
16.57577
15.8756
15.63968
15.5912
15.3309
16.36753
17.24488
17.61801
17.1845
16.12803
15.04294
14.5028
14.72966
15.4639
16.0637
16.10979
15.79917
15.26568
14.91733
14.85767
14.77775
15.20347
15.75591
16.6503
17.28695
16.88574
15.12681
13.8478
13.52052
13.68858
14.19785
14.93725
15.15536
14.56216
13.91559
13.70342
13.73342
13.68466
15.17851
15.23457
15.7514
16.27231
15.81811
13.87476
12.37164
11.88142
11.81122
12.12881
13.00106
13.69213
13.39697
12.57933
12.43853
12.53577
12.32593
14.35326
14.17518
14.5508
14.85991
14.5566
12.92649
11.49978
10.72697
10.1224
9.816759
10.51989
11.67745
12.12948
11.49354
11.21743
11.44066
11.14977
13.49181
12.84716
13.18242
13.66735
13.20053
12.13637
11.06566
10.54684
9.847743
8.810845
8.585602
9.663016
10.53346
10.29178
9.739047
9.962235
10.03918
12.68593
12.0202
12.44518
12.63695
12.42377
11.31708
10.50807
10.41663
10.14816
9.210115
8.132516
8.21594
9.065291
9.24577
8.814265
9.017931
9.494325
11.49475
11.42549
11.56619
11.71496
11.34668
10.48163
9.56761
9.6001
9.723358
9.286726
8.274972
7.5951
7.894055
8.290375
8.156384
8.478552
9.858754
10.74082
10.64539
10.56792
10.38593
10.36041
9.718974
8.585025
8.276107
8.463341
8.503529
8.057914
7.365245
6.933472
6.96447
7.058714
7.522804
9.231901
10.30032
10.01074
9.655887
9.357006
9.336819
9.068926
8.068481
7.168279
7.127542
7.297629
7.368594
7.136932
6.577456
6.06722
5.855271
6.190274
7.418755
9.692861
9.463233
9.060332
8.830809
8.52643
8.588633
8.146666
7.078989
6.760091
6.819119
6.941294
6.99501
6.70099
6.006935
5.153445
5.07291
5.550042
9.037775
8.867693
8.351326
8.387444
8.272717
8.224502
8.424626
8.064275
7.525461
7.310405
7.112784
6.877263
6.686696
6.304957
5.535409
5.046576
5.248665
8.589642
8.160701
8.000886
7.876591
8.015494
8.089655
8.185519
8.262753
7.860216
7.436646
6.999169
6.604323
6.43393
6.447728
6.223797
5.621921
5.313445
13.97968
13.86192
13.56639
12.4127
11.90938
12.42869
12.96021
13.18881
12.90384
12.83699
13.28932
13.21242
13.99052
16.39072
19.06316
20.00405
19.19669
15.25741
15.55785
16.00349
15.59236
14.1709
13.69333
13.49653
13.74529
13.73567
14.16884
14.35473
13.69303
14.15484
15.85637
17.93149
18.73428
18.94118
15.85418
17.1904
17.87709
17.93341
17.27467
16.52164
15.50277
14.91372
14.91106
15.46669
16.10803
15.79293
15.17347
15.70309
17.02373
18.15005
18.44938
15.41295
17.25405
18.61628
18.6898
18.46538
18.4442
17.86071
16.76035
16.35744
17.08825
17.98814
17.69956
16.68987
16.40341
17.24734
18.10246
17.88695
14.36257
16.42592
18.10048
18.00224
17.87949
18.39808
18.58146
17.85233
17.08942
17.82485
18.67237
18.95749
18.05767
17.26405
17.59773
17.97705
17.8015
13.96245
15.26049
16.46136
16.40417
16.23486
17.06917
17.73032
17.92399
18.13081
18.90421
19.46658
19.4077
18.79119
18.22975
17.91911
17.74031
17.64875
12.82967
13.80368
14.64118
14.54484
14.8077
15.3787
16.20265
17.33234
18.52783
19.32784
19.55684
19.48164
19.19482
18.70116
18.3594
17.82969
17.55097
11.63199
12.63914
13.03502
12.92006
13.24594
14.0052
15.04202
16.55602
18.04578
18.69358
18.99055
19.51583
19.5229
18.8496
18.32678
18.19368
17.80061
11.09911
11.66642
12.111
12.18441
12.46926
13.32124
14.52876
15.96943
17.1245
17.6206
18.28735
19.72996
20.317
19.55874
18.51202
18.4674
18.49174
12.27152
12.50402
12.84135
12.97546
13.03688
13.61837
14.46524
16.0214
17.22765
17.6213
18.36257
20.04134
21.26078
20.61088
19.02829
18.96111
19.31074
13.94209
15.23004
15.4182
15.32456
15.27733
15.2027
15.21249
15.95594
17.30256
18.32022
18.80135
19.96161
21.19456
20.70452
19.27862
19.01944
19.40498
16.80613
17.84848
18.39296
18.55539
17.9577
17.2437
16.33853
16.04129
17.00185
18.32907
19.0905
19.64227
20.19446
19.69778
18.95809
18.84895
18.89645
17.50772
18.59529
19.59361
20.09759
19.62127
18.25731
16.78949
16.11132
16.54562
17.69705
18.70058
19.00632
18.83455
18.34794
18.107
18.2258
18.2389
17.70431
18.26293
19.30611
20.15461
19.74262
17.6802
15.93577
15.38537
15.65039
16.51926
17.71223
18.17641
17.55979
16.90981
16.89208
17.18767
17.26278
17.85997
17.91701
18.56677
19.28925
18.84635
16.68909
14.70135
13.88143
13.76184
14.32963
15.66121
16.70003
16.39409
15.47578
15.5556
15.96315
15.8754
17.08077
16.89153
17.41488
17.88459
17.57366
15.80195
13.97698
12.85339
12.02456
11.77075
12.85411
14.4318
15.06243
14.34776
14.2474
14.77064
14.55041
16.13128
15.55459
16.00173
16.58062
16.15715
14.96378
13.61517
12.86588
11.88701
10.6274
10.55395
12.05603
13.21887
12.99381
12.48752
12.99457
13.21056
15.05707
14.54807
15.08371
15.37689
15.20359
14.02909
13.03894
12.87678
12.44762
11.18198
9.899506
10.2132
11.42655
11.73115
11.30878
11.72885
12.43325
13.6918
13.74604
14.00217
14.25455
13.99343
13.06522
11.983
12.01015
12.14231
11.48693
10.10919
9.340321
9.907562
10.48607
10.36487
10.84332
12.67022
12.87242
12.81287
12.7968
12.73784
12.85965
12.23084
10.90718
10.49265
10.74521
10.77654
10.10348
9.161401
8.697385
8.81391
8.961641
9.621197
11.92618
12.42862
12.09619
11.73315
11.53345
11.66221
11.50225
10.39237
9.253974
9.193921
9.477417
9.588492
9.237949
8.48652
7.798349
7.560456
8.150702
9.928888
11.83974
11.55651
11.11122
10.9079
10.71358
10.93752
10.57736
9.353408
8.878397
8.980125
9.191345
9.278422
8.873985
7.918285
6.81161
6.855588
7.659919
11.23146
11.0153
10.46939
10.49615
10.42363
10.51087
10.86602
10.56192
9.943616
9.643361
9.396701
9.163968
8.998356
8.515186
7.457177
6.896304
7.2899
10.83798
10.39379
10.2216
10.09511
10.23236
10.32124
10.50983
10.67319
10.31802
9.900118
9.394266
8.914433
8.762054
8.840625
8.568821
7.811447
7.420599
15.6107
14.70689
13.89287
12.50305
11.9841
12.54322
13.1065
13.37295
13.05174
12.97325
13.54752
13.80283
15.23913
18.52336
21.97312
23.2271
22.19194
17.95193
17.80531
17.5436
16.55615
14.64811
13.90754
13.73516
14.11178
14.05985
14.44836
14.71959
14.18525
14.95936
17.26472
20.08647
21.4982
21.93712
18.6836
20.19258
20.76622
20.44706
19.37037
18.17057
16.66086
15.70219
15.66578
16.34759
17.07569
16.6907
16.03588
16.85844
18.75346
20.43639
21.1234
17.9112
20.23072
22.03082
22.15035
21.80235
21.59416
20.5674
18.81487
18.03177
18.77904
19.76104
19.37538
18.12175
17.7481
18.8856
20.0751
20.18016
16.78648
19.29551
21.45003
21.5813
21.45232
21.99089
22.08803
20.96574
19.69787
20.18448
21.09813
21.36621
20.15008
19.04547
19.3691
19.86622
19.88823
16.45228
18.13715
19.58185
19.61076
19.42001
20.20451
20.91375
21.03616
21.02285
21.67477
22.29423
22.20842
21.34686
20.47176
19.98039
19.72888
19.68234
15.31998
16.60658
17.5106
17.28122
17.37037
17.79457
18.61975
19.90686
21.2903
22.20446
22.43615
22.30742
21.91644
21.19695
20.6297
19.96885
19.64459
13.9901
15.19457
15.58652
15.2441
15.30814
15.87076
16.85414
18.57612
20.36809
21.17239
21.54124
22.18821
22.2252
21.40188
20.69183
20.45055
20.00369
13.17282
13.83607
14.28057
14.21166
14.2406
14.8643
15.98172
17.51934
18.8811
19.57315
20.53224
22.32867
23.13923
22.32615
21.06488
20.95673
20.95409
14.09435
14.39695
14.77194
14.86744
14.71979
15.03432
15.76125
17.37442
18.78418
19.40845
20.4541
22.6075
24.21776
23.59813
21.78827
21.72173
22.12119
15.75809
17.16631
17.41652
17.36523
17.22424
16.90447
16.64477
17.34821
18.9531
20.25577
21.0004
22.58428
24.22896
23.77618
22.18016
21.96925
22.45362
18.7904
19.98146
20.63234
20.89985
20.39074
19.54682
18.23784
17.6427
18.79142
20.50776
21.60299
22.4467
23.23349
22.73068
21.95001
21.94223
22.08989
19.65524
20.90555
22.06611
22.80516
22.51369
21.09757
19.21263
18.10721
18.56451
20.08348
21.48479
22.00581
21.87505
21.3522
21.15977
21.4287
21.55162
19.8897
20.63346
21.9111
23.05557
22.84495
20.83476
18.77687
17.70144
17.85761
19.02479
20.6666
21.34194
20.61675
19.88684
19.96222
20.45024
20.6454
19.94642
20.24543
21.19828
22.23657
21.96547
19.90073
17.74895
16.44629
15.97478
16.71676
18.51987
19.91337
19.51787
18.40533
18.60874
19.21842
19.21189
19.0746
19.12825
19.98613
20.77911
20.61891
18.91843
17.02065
15.60964
14.29421
13.8943
15.38266
17.42247
18.18419
17.27851
17.23236
17.96132
17.77567
17.9274
17.63574
18.43061
19.28981
19.06676
17.89129
16.50429
15.68195
14.38503
12.71809
12.72652
14.69434
16.13401
15.83541
15.25673
15.97938
16.31631
16.71437
16.46346
17.29134
17.84899
17.86439
16.74236
15.71738
15.62562
15.12419
13.51471
11.95617
12.48348
14.04026
14.37027
13.84955
14.46019
15.41472
15.33958
15.55759
16.03559
16.49478
16.43019
15.58508
14.47063
14.57056
14.77924
13.96999
12.26737
11.41145
12.20241
12.86979
12.6898
13.27412
15.5628
14.54352
14.59355
14.68012
14.79088
15.09809
14.61035
13.25916
12.8299
13.19524
13.25928
12.4683
11.36076
10.8595
10.99632
11.13225
11.90518
14.77003
14.09571
13.82524
13.53962
13.46197
13.73895
13.74999
12.72731
11.5328
11.50775
11.91709
12.10842
11.71846
10.81486
9.931379
9.60758
10.35872
12.65763
13.53287
13.27806
12.9002
12.77844
12.69707
13.08238
12.88383
11.72033
11.22118
11.35183
11.65088
11.80507
11.35162
10.13862
8.827856
9.047703
10.15356
13.00159
12.7783
12.28341
12.37292
12.36161
12.58484
13.07605
12.86706
12.29573
12.02603
11.7944
11.62475
11.50815
10.86116
9.580968
9.112205
9.713842
12.71123
12.24627
12.09163
12.0099
12.18696
12.34775
12.62949
12.86489
12.60166
12.29747
11.81721
11.29354
11.18284
11.24452
10.86203
10.02199
9.653438
17.83811
15.74377
14.16331
12.52241
11.99483
12.57428
13.12005
13.37644
13.0687
13.13774
13.76897
13.88459
15.48201
19.55105
24.01274
25.60079
24.23528
20.94468
20.40055
19.44815
17.72908
14.95204
13.9198
13.73861
14.1783
14.18209
14.62902
14.85986
14.2777
15.2587
18.03611
21.4943
23.40333
23.97505
21.44942
23.42635
24.16281
23.47469
21.57065
19.57044
17.16235
15.74251
15.79312
16.55694
17.38852
17.11712
16.61515
17.72029
19.96637
22.13094
23.18895
20.12074
23.18601
25.75385
26.09653
25.4422
24.69573
22.70886
19.91101
18.77721
19.66191
20.80377
20.44453
19.07638
18.89886
20.37321
21.89884
22.27362
18.75723
21.9304
24.85337
25.43668
25.34746
25.74906
25.46538
23.60503
21.72546
22.05873
22.93955
23.17505
21.85959
20.70575
21.17897
21.82804
22.01498
18.3915
20.58473
22.50887
22.85173
22.8259
23.56931
24.24395
24.14852
23.74646
24.14841
24.81826
24.89749
23.93064
22.81881
22.18329
21.83888
21.8465
17.2703
18.91749
20.06776
19.9257
20.00926
20.36731
21.20362
22.66025
24.18783
25.14591
25.47749
25.44633
24.8908
23.88914
23.05611
22.21462
21.83484
15.91271
17.28359
17.75406
17.36587
17.33351
17.82271
18.81205
20.78985
22.91437
23.86437
24.34998
25.15396
25.13202
24.13283
23.18528
22.79044
22.25536
14.96752
15.65477
16.11856
16.03277
15.97666
16.4877
17.52953
19.17955
20.78843
21.68241
22.93288
25.0739
26.06861
25.2213
23.73828
23.5221
23.45267
15.88645
16.16315
16.54235
16.65081
16.43722
16.59368
17.18805
18.81363
20.42553
21.29257
22.63236
25.23704
27.2425
26.68595
24.64395
24.51879
24.93153
17.70735
19.15051
19.37519
19.30266
19.14322
18.7523
18.29762
18.85438
20.63638
22.23006
23.251
25.24533
27.3135
26.92901
25.15491
24.91247
25.45311
20.90288
22.18284
22.82764
23.09859
22.66905
21.84139
20.32137
19.38847
20.54827
22.62245
24.09407
25.2723
26.30583
25.819
24.99034
25.00379
25.18957
21.74175
23.15288
24.43175
25.32538
25.16592
23.7758
21.67217
20.1705
20.499
22.3051
24.15843
24.99803
24.93658
24.37532
24.23383
24.58538
24.73967
21.78772
22.77528
24.3152
25.72421
25.65813
23.68484
21.48646
20.01476
19.93892
21.29874
23.42414
24.47347
23.72329
22.87907
23.03228
23.65107
23.87139
21.64184
22.21979
23.53017
24.92273
24.82475
22.79563
20.5543
18.96975
18.11029
18.85788
21.12029
23.00438
22.70026
21.40589
21.67523
22.39921
22.36652
20.57145
20.91791
22.15634
23.33949
23.40621
21.79618
19.82778
18.29594
16.58518
15.83873
17.6473
20.23397
21.30733
20.30514
20.23468
21.0565
20.8117
19.25967
19.23293
20.39835
21.61861
21.71275
20.66009
19.21905
18.41733
16.95158
14.81288
14.70077
17.14771
19.00225
18.75135
18.06246
18.87944
19.2472
17.99167
17.92735
19.04123
19.94773
20.29089
19.33605
18.27972
18.2836
17.79911
15.91603
13.96757
14.63606
16.60668
17.04119
16.39796
17.09611
18.24454
16.6487
16.97326
17.64614
18.37678
18.61636
17.96066
16.84319
17.00897
17.30864
16.42508
14.42283
13.45556
14.48313
15.27242
15.0442
15.69594
18.36964
15.86654
15.97965
16.16562
16.48506
17.05929
16.80176
15.46715
15.03685
15.52752
15.64416
14.80231
13.57674
13.07093
13.23961
13.3624
14.24987
17.6228
15.40056
15.18126
14.97237
15.05794
15.53443
15.78343
14.93911
13.75063
13.76629
14.27552
14.54191
14.1425
13.15314
12.13946
11.7177
12.65347
15.44956
14.88527
14.65471
14.34647
14.33074
14.40086
14.9696
14.96942
13.92819
13.48743
13.66072
14.0217
14.24055
13.81671
12.48807
11.00554
11.38937
12.76051
14.46108
14.23399
13.78835
13.94698
14.03014
14.3959
15.04247
14.97327
14.51023
14.3033
14.07446
13.94944
13.94624
13.27998
11.85286
11.4671
12.2648
14.28857
13.8178
13.68818
13.6568
13.88318
14.13512
14.53016
14.85519
14.70609
14.5156
14.03919
13.48912
13.4819
13.60347
13.14456
12.26268
11.98231
20.47546
17.76571
15.51519
13.24669
12.16479
12.59875
13.13929
13.37509
13.07707
13.25219
13.93318
13.96166
15.71287
20.25384
25.29777
27.12112
25.76246
23.6578
23.27581
22.08798
19.75911
16.15923
14.37435
13.77059
14.21244
14.31363
14.78406
15.01259
14.4734
15.6238
18.59356
22.29166
24.37547
25.30187
23.78873
26.42447
27.56737
26.83083
24.53914
21.97788
18.46969
16.25616
16.1567
16.80005
17.62213
17.42636
17.0559
18.18383
20.55027
23.08368
24.49878
22.06022
25.83031
29.0801
29.90128
29.39737
28.41866
25.42263
21.28373
19.53471
20.04986
21.26551
21.23896
19.88584
19.77308
21.48524
23.2715
23.77045
20.48451
24.20746
27.69912
28.85794
29.14417
29.56776
28.79929
25.92432
23.29543
23.38064
24.39228
24.71879
23.28522
22.00388
22.63488
23.46406
23.72176
20.04637
22.5495
24.77595
25.50005
25.86485
26.71005
27.23094
26.6347
25.66884
26.08536
26.93359
27.00376
25.95645
24.53959
23.80177
23.51655
23.65018
18.91297
20.68619
21.94798
21.95344
22.22527
22.68561
23.52146
24.90962
26.26896
27.22049
27.76171
27.84631
27.27934
25.94432
24.79518
23.91957
23.68868
17.5877
18.91114
19.3386
18.94312
18.95122
19.53198
20.60056
22.6518
24.78551
25.74965
26.50433
27.55117
27.6232
26.45495
25.17885
24.63998
24.21354
16.76507
17.28544
17.61889
17.47319
17.36712
17.84336
18.87879
20.61128
22.38764
23.47859
25.05776
27.5073
28.69604
27.81489
26.05974
25.69248
25.62645
17.98257
18.07696
18.25817
18.22426
17.88003
17.89372
18.39326
20.04601
21.9116
23.12804
24.77471
27.69775
30.00266
29.46943
27.16777
26.93974
27.35091
20.0063
21.38469
21.40258
21.11099
20.81297
20.33856
19.74167
20.16097
22.10257
24.05612
25.40111
27.70695
30.09084
29.74378
27.78671
27.47861
28.01818
23.27928
24.51575
25.01488
25.17401
24.72967
23.85824
22.15939
20.93059
22.01797
24.39277
26.23506
27.7342
28.9943
28.52724
27.67007
27.70376
27.87208
24.00147
25.39747
26.661
27.63377
27.58313
26.19033
23.87449
22.01346
22.13079
24.07786
26.28398
27.42938
27.50765
26.94415
26.88225
27.35367
27.51954
23.84782
24.86473
26.52574
28.13373
28.23074
26.33518
23.98874
22.15862
21.77585
23.15417
25.58525
26.94686
26.26705
25.35329
25.61095
26.41799
26.65707
23.50434
24.204
25.72231
27.38048
27.46274
25.5535
23.246
21.4237
20.16734
20.69653
23.21328
25.44986
25.30362
23.8891
24.22554
25.12366
25.05501
22.28369
22.81175
24.31459
25.7713
26.01986
24.56454
22.57392
20.95953
18.96301
17.70229
19.52523
22.52071
23.87545
22.83659
22.73567
23.68414
23.37529
20.97793
21.08512
22.48808
23.93049
24.25269
23.36532
21.89029
21.10569
19.61429
17.06236
16.53785
19.21713
21.40536
21.21249
20.42474
21.33086
21.72892
19.78565
19.78181
21.02326
22.11862
22.67519
21.87855
20.78664
20.84941
20.44384
18.43573
16.05442
16.55382
18.80153
19.31831
18.54646
19.2913
20.61752
18.45356
18.7953
19.51324
20.35537
20.79613
20.28729
19.15275
19.34815
19.75175
18.90293
16.70177
15.46499
16.52736
17.37615
17.06464
17.74313
20.72574
17.56866
17.70615
17.89725
18.30391
19.04509
18.98749
17.71173
17.26031
17.83449
18.03658
17.23752
15.89622
15.25606
15.37623
15.41743
16.36205
20.14965
16.99022
16.82421
16.64241
16.791
17.3655
17.79274
17.15388
16.06099
16.09746
16.66953
17.00897
16.6251
15.52856
14.38384
13.79393
14.83577
18.01615
16.38833
16.25406
16.00003
16.02424
16.17184
16.85928
17.0281
16.13088
15.78054
15.99887
16.38605
16.66457
16.27691
14.902
13.18988
13.63933
15.19712
15.92687
15.79856
15.45036
15.64799
15.77523
16.22402
16.96539
17.00911
16.6729
16.5415
16.30672
16.20387
16.28996
15.67028
14.12993
13.75941
14.69034
15.77545
15.38841
15.35226
15.38922
15.62741
15.90684
16.35903
16.75226
16.73265
16.68582
16.23354
15.62581
15.64973
15.86218
15.37516
14.42952
14.17787
22.30706
19.9262
17.88586
15.67695
14.35898
14.026
13.73442
13.5057
13.10118
13.25903
13.93938
13.99761
15.90343
20.93472
26.28208
27.8951
26.11128
25.41948
25.4796
24.7019
22.70353
19.30818
17.32688
15.86377
15.13286
14.4716
14.92295
15.15078
14.92147
16.47246
19.65496
23.37892
25.04746
25.59387
25.46324
28.55431
30.20594
29.9416
28.12256
25.87935
21.93546
18.54938
17.37848
17.31475
18.03664
18.12808
18.37423
19.31991
21.19304
23.56886
25.17219
23.5997
27.7882
31.56716
32.83797
32.84237
32.31227
29.23684
24.28454
21.34993
20.98061
22.13437
22.2656
20.92344
20.48318
22.18979
24.24515
25.01445
21.90697
25.95596
29.84171
31.41037
32.12565
32.88275
32.22766
29.01625
25.60176
25.24585
26.11926
26.1675
24.75765
23.21565
23.73161
24.55011
25.19131
21.37525
24.09712
26.59027
27.62878
28.33291
29.36609
29.97558
29.30215
27.9469
28.21495
29.11366
29.06891
27.90072
26.12796
25.12705
24.6177
25.10168
20.17553
22.04372
23.45852
23.69218
24.18648
24.80494
25.71785
27.1603
28.4151
29.22396
29.83583
29.86851
29.06472
27.32581
25.97617
25.19429
25.0624
18.98759
20.25626
20.72307
20.46331
20.62733
21.34883
22.49241
24.48164
26.41659
27.18007
27.99039
29.13661
29.21601
27.90338
26.3674
25.84081
25.53092
18.43495
18.80359
19.05059
18.94714
18.93654
19.4409
20.41501
22.04253
23.77806
24.88966
26.57988
29.27792
30.7625
29.98592
27.91417
27.24924
27.19325
19.8606
19.81926
19.85368
19.71758
19.34379
19.33578
19.778
21.34605
23.3047
24.77117
26.64762
29.86594
32.55026
32.18739
29.649
29.1221
29.47956
21.84753
23.16239
23.07315
22.65874
22.28713
21.81126
21.19767
21.52472
23.49179
25.74644
27.43737
30.04367
32.73655
32.53537
30.48299
30.03369
30.51718
25.05885
26.22608
26.64159
26.78169
26.38239
25.52768
23.77753
22.41333
23.3994
25.96378
28.17341
29.9868
31.46388
31.09411
30.28505
30.34832
30.48109
25.70171
26.99308
28.21624
29.29297
29.40424
28.10655
25.73246
23.67579
23.6165
25.60843
28.0981
29.5344
29.78892
29.27892
29.32941
29.96629
30.17317
25.42719
26.38174
28.08655
29.85696
30.14009
28.4075
26.05219
24.05211
23.43363
24.72391
27.36539
29.00792
28.48813
27.57529
27.93521
28.98268
29.30414
25.05125
25.75888
27.36742
29.19773
29.44804
27.7142
25.42638
23.52914
22.09584
22.30759
24.90603
27.42579
27.52907
26.13406
26.51971
27.62465
27.59175
23.94525
24.47791
26.07856
27.67954
28.05499
26.77262
24.79733
23.16916
21.16385
19.53386
21.09981
24.36385
26.03641
25.10376
24.98952
26.0707
25.76861
22.78036
22.87326
24.34603
25.87657
26.31579
25.55795
24.05754
23.30199
21.91411
19.25646
18.34012
20.95233
23.44183
23.38573
22.55551
23.53334
24.02093
21.60634
21.61647
22.88723
24.03534
24.65266
23.94481
22.83131
22.96123
22.65026
20.72396
18.15903
18.37991
20.73042
21.35872
20.49977
21.24755
22.77493
20.25356
20.58363
21.29398
22.13622
22.64644
22.25551
21.14634
21.37447
21.90073
21.17584
19.00947
17.61419
18.56626
19.41736
19.02738
19.65446
22.90464
19.35169
19.45513
19.59437
20.01724
20.82444
20.89552
19.76366
19.38107
20.01567
20.31519
19.6314
18.33365
17.60357
17.63452
17.61708
18.5453
22.65082
18.75495
18.61356
18.38075
18.51328
19.10484
19.61743
19.10723
18.13884
18.23861
18.8726
19.30644
19.04259
17.98903
16.79401
16.11237
17.20164
20.63093
18.08907
18.08764
17.84649
17.81458
17.94606
18.67424
18.91197
18.08345
17.81053
18.10428
18.55627
18.94777
18.67688
17.38004
15.64874
16.16816
17.83908
17.49226
17.59126
17.38659
17.55157
17.61577
18.06171
18.81737
18.87277
18.59752
18.55201
18.35331
18.28351
18.45045
17.95757
16.47979
16.14647
17.16846
17.19131
17.06701
17.23905
17.36471
17.55886
17.78784
18.22027
18.58334
18.57766
18.60962
18.21466
17.60395
17.63191
17.93664
17.52307
16.57264
16.35864
22.93863
20.60745
18.69615
17.02171
16.34254
16.51083
16.68314
16.37429
15.02638
14.15647
14.13586
14.06006
15.9674
21.04049
26.40504
27.95148
26.13881
26.12531
26.23213
25.5484
23.87436
21.10002
19.75224
18.90384
18.33784
17.08084
16.47073
15.80797
15.33988
16.7276
19.88379
23.50466
25.10846
25.63155
26.29092
29.38328
31.15718
31.11334
29.72977
28.05232
24.63317
21.52689
20.02659
19.2269
19.21926
18.8933
19.00924
19.64332
21.33911
23.72428
25.28432
24.56949
28.72905
32.59023
34.01971
34.3112
34.23852
31.54328
26.75599
23.64595
22.77929
23.55649
23.64846
22.04425
21.22252
22.38669
24.59726
25.33164
23.05056
27.03635
30.93547
32.62915
33.56195
34.62712
34.21423
31.14188
27.76092
27.27642
28.02572
27.95767
26.35043
24.49426
24.49359
24.99929
25.77338
22.63049
25.30297
27.78802
28.88425
29.73819
30.96177
31.72487
31.17893
29.97688
30.30977
31.13794
31.03803
29.67832
27.54173
26.0975
25.07957
25.70656
21.56526
23.46025
24.82441
25.05437
25.60537
26.31828
27.33975
28.90118
30.3267
31.09718
31.47981
31.55087
30.60979
28.5578
26.80259
25.82771
25.59587
20.44514
21.789
22.22166
21.92447
22.10819
22.87101
24.06735
26.05552
27.9657
28.63172
29.31769
30.43858
30.36772
28.85948
27.03829
26.52857
26.18811
19.8655
20.3043
20.51942
20.40118
20.39506
20.86256
21.77094
23.3343
25.08313
26.29328
28.07909
30.87904
32.43267
31.62524
29.18938
28.11641
28.0899
21.21439
21.15816
21.13885
20.99411
20.61586
20.60627
21.04583
22.58641
24.61051
26.27726
28.38423
31.87694
34.84522
34.66048
31.91414
30.81979
30.96994
23.05568
24.37131
24.23034
23.80497
23.46439
23.05013
22.48599
22.82808
24.8391
27.2752
29.26798
32.22481
35.26408
35.35633
33.38554
32.68076
32.92405
26.21567
27.38738
27.7466
27.90197
27.6103
26.8582
25.15736
23.78052
24.76175
27.43286
29.92162
32.08258
33.87186
33.79469
33.26097
33.44765
33.53481
26.81497
28.11056
29.34314
30.51127
30.74279
29.53857
27.21449
25.13144
25.04783
27.07397
29.74874
31.45668
31.9678
31.70954
32.0707
33.00992
33.39833
26.47837
27.46602
29.24869
31.15398
31.56688
29.92388
27.58182
25.57381
24.95625
26.22817
28.97571
30.82538
30.51671
29.80077
30.41058
31.79883
32.41332
26.10545
26.84357
28.55589
30.52889
30.90464
29.27719
26.97755
25.06755
23.68505
23.83606
26.44544
29.14369
29.46721
28.25257
28.82263
30.21607
30.42592
25.07399
25.59169
27.28354
29.01762
29.50416
28.33137
26.32121
24.66073
22.72618
21.09439
22.58028
25.951
27.86185
27.12371
27.14492
28.43315
28.30741
24.0146
24.05511
25.57767
27.19786
27.72348
27.05343
25.50973
24.73378
23.38541
20.8035
19.85913
22.42736
25.09734
25.23005
24.50443
25.59821
26.28794
22.95459
22.90843
24.15552
25.30083
25.93453
25.33127
24.26742
24.39555
24.08291
22.2323
19.71826
19.88597
22.30036
23.07645
22.26006
23.00056
24.74263
21.72154
21.97135
22.58005
23.32445
23.82117
23.52649
22.53726
22.81849
23.37557
22.71243
20.62987
19.27529
20.24249
21.13355
20.79549
21.36026
24.8098
20.88907
20.93328
20.95029
21.26653
22.00588
22.09139
21.04725
20.75741
21.44194
21.79963
21.19442
20.00059
19.37055
19.41589
19.48023
20.48813
24.86991
20.32061
20.18876
19.89259
19.92746
20.39445
20.84281
20.34376
19.4305
19.58299
20.26421
20.76732
20.6246
19.74761
18.63851
18.04045
19.34931
23.04286
19.66012
19.73993
19.51163
19.41183
19.41969
20.0225
20.18661
19.33375
19.08826
19.44003
19.93982
20.40607
20.27595
19.13792
17.61718
18.40551
20.26653
19.04797
19.27309
19.15169
19.29295
19.26639
19.58155
20.19364
20.1388
19.83508
19.83851
19.69243
19.65608
19.89399
19.52489
18.18706
17.99271
19.17232
18.6852
18.73301
19.01028
19.1838
19.34356
19.46886
19.74914
19.94352
19.83352
19.85948
19.51412
18.96105
19.01945
19.37728
19.03774
18.14887
18.06495
23.51953
21.25999
19.65288
18.31012
17.74387
17.6798
17.70663
17.6472
16.74315
16.09942
16.04301
15.34356
16.7461
21.58238
26.76518
28.24562
26.26396
26.83191
26.83451
26.37972
25.05972
22.51455
21.04268
19.98328
19.4079
18.40423
18.0845
17.46854
16.64696
17.7111
20.59813
24.01911
25.52931
25.86235
27.18969
30.05848
31.94579
32.21042
31.10712
29.44908
25.83131
22.53549
21.05278
20.48389
20.64543
20.1942
20.15894
20.73896
22.00962
24.22109
25.6272
25.66858
29.58821
33.43584
35.06431
35.62912
35.66975
32.85991
27.82277
24.5554
23.77818
24.80629
25.01673
23.45708
22.46573
23.37087
25.29044
25.9642
24.32485
28.11411
31.92596
33.69217
34.826
36.05545
35.63102
32.35149
28.72175
28.19107
29.13125
29.22962
27.85283
26.01219
25.62438
25.88368
26.55331
23.98056
26.57072
28.95449
30.03962
30.97383
32.32554
33.15646
32.50162
31.0862
31.26055
32.14213
32.18791
31.06676
29.10521
27.60022
26.13319
26.50321
22.90388
24.8227
26.1557
26.34777
26.85353
27.58736
28.70831
30.29639
31.58536
32.11615
32.38163
32.49022
31.74969
29.92438
28.24597
27.0383
26.46302
21.73653
23.16806
23.66036
23.32528
23.41193
24.10812
25.34103
27.342
29.12539
29.58912
30.14491
31.28642
31.36516
30.06978
28.30983
27.58314
27.04192
21.09737
21.64071
21.95211
21.82967
21.72408
22.04337
22.86595
24.40316
26.12719
27.28679
29.04499
31.89208
33.63254
33.09369
30.74509
29.33979
29.05806
22.35048
22.36783
22.43769
22.33951
21.90643
21.78925
22.14024
23.64624
25.71217
27.42625
29.57515
33.14405
36.30796
36.44156
33.98019
32.69027
32.47473
24.11633
25.44375
25.38783
25.05954
24.77054
24.37242
23.78027
24.05868
26.06632
28.5685
30.66308
33.73734
36.9454
37.31571
35.74426
35.22932
35.35983
27.31174
28.41183
28.78777
29.06929
28.97524
28.35846
26.68069
25.21794
26.11347
28.81447
31.42351
33.74038
35.67378
35.80155
35.65159
36.26101
36.62045
27.92435
29.1047
30.32321
31.6322
32.09015
31.10222
28.86126
26.71186
26.52028
28.52796
31.31001
33.18237
33.81536
33.69652
34.37981
35.75006
36.62703
27.5513
28.46123
30.24847
32.24951
32.84105
31.431
29.22918
27.19597
26.51691
27.73803
30.5693
32.59587
32.40538
31.79334
32.65388
34.40648
35.5337
27.20428
27.89773
29.61002
31.63788
32.13002
30.68796
28.54689
26.64183
25.25238
25.37002
28.00796
30.88105
31.37477
30.27918
31.05005
32.73218
33.33481
26.25721
26.71555
28.38947
30.16215
30.7037
29.65921
27.79092
26.14799
24.21342
22.60073
24.11416
27.59027
29.69845
29.12847
29.33019
30.84565
31.00192
25.28342
25.24729
26.73718
28.35015
28.87392
28.28105
26.86699
26.14314
24.80865
22.28025
21.39349
24.00439
26.81899
27.11861
26.55762
27.80859
28.74481
24.29449
24.18553
25.34414
26.40238
26.98837
26.43564
25.48371
25.69372
25.42021
23.64509
21.22704
21.47595
23.98213
24.87939
24.1912
24.97777
26.90358
23.13052
23.29974
23.77036
24.37915
24.82688
24.56035
23.6288
23.97334
24.583
23.98145
21.98629
20.74153
21.83406
22.83185
22.63884
23.24092
26.85828
22.33291
22.34207
22.20815
22.39097
23.05552
23.13326
22.1139
21.85306
22.55934
22.94134
22.38679
21.27687
20.79257
20.99127
21.23053
22.44834
27.13808
21.73486
21.66474
21.29317
21.20292
21.54472
21.92701
21.41548
20.50066
20.64699
21.32526
21.84689
21.75873
21.02604
20.09217
19.70597
21.35945
25.37619
21.01786
21.23518
21.02311
20.82508
20.69961
21.18638
21.27929
20.38255
20.11264
20.45746
20.94854
21.42567
21.39393
20.41809
19.12503
20.20688
22.27519
20.33724
20.73918
20.71781
20.80373
20.66077
20.85222
21.34485
21.19456
20.83148
20.80431
20.64304
20.60843
20.89079
20.61271
19.41137
19.34859
20.66047
19.89524
20.1342
20.54096
20.7438
20.8298
20.83838
20.98656
21.045
20.83223
20.79138
20.41084
19.87082
19.95691
20.35989
20.11319
19.27659
19.25204
24.12752
21.67244
20.27898
19.40401
19.28192
19.25904
18.89795
18.40961
17.38391
16.74861
16.56993
15.74754
17.10743
22.11591
27.66796
29.314
27.47556
27.62333
27.27021
26.81837
25.85155
23.82479
22.6611
21.48
20.4831
19.15324
18.74015
18.04241
17.06914
18.03101
20.99953
24.83409
26.57963
27.25424
28.1641
30.60607
32.30929
32.76165
32.12688
30.92453
27.43981
23.87871
22.00889
21.21981
21.30988
20.71575
20.54819
21.06796
22.64095
25.26988
27.06479
26.77257
30.28604
33.83356
35.48082
36.37629
36.88912
34.39944
29.29968
25.70721
24.64413
25.56116
25.64662
23.96554
22.86536
23.91628
26.33918
27.49819
25.51594
28.97403
32.42672
34.07975
35.37645
36.97948
36.97512
33.84786
30.04841
29.21329
29.96882
29.92968
28.45628
26.5801
26.15891
26.76579
27.97549
25.19717
27.59357
29.60019
30.46489
31.43867
33.00755
34.23225
33.8746
32.44298
32.39174
33.02386
32.91594
31.72748
29.77768
28.24148
26.88822
27.65026
24.10627
25.96394
26.96222
26.87621
27.31706
28.14885
29.53745
31.48018
32.92117
33.28787
33.25714
33.20126
32.40635
30.59196
28.91376
27.71499
27.37443
22.91385
24.38105
24.64187
24.02469
23.95687
24.65343
26.04259
28.32849
30.31121
30.70767
31.04202
32.04447
32.06755
30.77738
29.05641
28.28994
27.81377
22.25473
22.89594
23.09868
22.70349
22.34771
22.58299
23.48745
25.2368
27.21468
28.43425
30.08273
32.80898
34.51437
33.97644
31.69095
30.28226
29.96736
23.43887
23.57661
23.62755
23.25744
22.52946
22.30475
22.73093
24.42652
26.77739
28.67094
30.77941
34.24155
37.36913
37.48663
35.08676
33.89016
33.75447
25.08953
26.54557
26.51825
25.97456
25.41971
24.92095
24.37848
24.8254
27.09602
29.83164
32.00524
35.019
38.1614
38.47438
36.96353
36.60118
36.93159
28.25714
29.44752
29.87768
30.02165
29.76595
29.02832
27.32723
25.95173
27.05681
30.02253
32.83179
35.17522
37.0163
37.02682
36.94387
37.72418
38.3158
28.88823
30.09737
31.36334
32.68692
33.05001
31.92718
29.59333
27.43054
27.36053
29.63134
32.70539
34.70292
35.25517
34.98276
35.72656
37.26709
38.35826
28.46996
29.41174
31.27831
33.34801
33.8993
32.37659
30.04622
27.92889
27.30507
28.74474
31.88432
34.11625
33.90298
33.15794
34.05676
35.97913
37.27338
28.1064
28.85617
30.6409
32.74743
33.25233
31.70858
29.43465
27.421
26.04013
26.31334
29.21236
32.31163
32.88138
31.70852
32.49333
34.33813
35.06641
27.21366
27.72136
29.44873
31.28522
31.842
30.71674
28.72791
26.96875
25.02041
23.52792
25.26416
28.95616
31.17874
30.57143
30.77126
32.4142
32.70241
26.30859
26.3291
27.85664
29.49132
29.98733
29.32817
27.80534
26.97215
25.60775
23.16611
22.47588
25.33239
28.304
28.59419
27.99825
29.30768
30.37618
25.34735
25.34267
26.53189
27.55065
28.06762
27.46519
26.42544
26.53194
26.20452
24.46343
22.16959
22.65396
25.38478
26.36239
25.67537
26.44188
28.42152
24.17649
24.46263
24.96685
25.5199
25.917
25.63142
24.64162
24.88457
25.42003
24.79224
22.83772
21.72364
23.00817
24.1857
24.11281
24.73245
28.44121
23.35153
23.48146
23.39246
23.57476
24.20153
24.25463
23.20022
22.85725
23.47231
23.78924
23.22245
22.16942
21.82186
22.24408
22.64761
24.00579
28.91496
22.70848
22.77372
22.49707
22.44812
22.75027
23.08484
22.54722
21.57328
21.61886
22.21785
22.71001
22.64558
22.02249
21.28942
21.08816
22.96403
27.1865
21.9566
22.31524
22.23286
22.10997
21.97985
22.40272
22.44794
21.50405
21.14898
21.40829
21.84822
22.3224
22.37483
21.56585
20.45282
21.68663
23.85726
21.25298
21.79633
21.92872
22.10572
21.99695
22.14988
22.56693
22.3543
21.93572
21.83122
21.58463
21.51315
21.856
21.72185
20.69073
20.71525
22.01825
20.79525
21.16511
21.70604
22.03204
22.18517
22.19661
22.28653
22.26626
22.00624
21.91489
21.44326
20.84347
20.95568
21.46486
21.36943
20.60009
20.50962
24.78231
22.22464
20.66036
19.71985
19.63716
19.64843
19.25178
18.67825
17.75139
17.4439
17.39091
16.32356
17.36557
22.26051
27.85717
29.53721
27.75845
28.28131
27.88191
27.23698
26.15198
24.13956
23.06621
21.9357
20.86257
19.43815
19.22686
18.82302
17.80894
18.44983
21.18061
24.98961
26.78638
27.56718
28.76979
31.24701
32.79357
33.08258
32.4081
31.30697
27.97616
24.41913
22.38882
21.54184
21.90487
21.48712
21.1402
21.37278
22.81737
25.46176
27.33331
27.30847
30.91501
34.37429
35.85841
36.65401
37.21784
34.93124
29.99364
26.29386
24.99968
25.96151
26.27867
24.62955
23.30859
24.15163
26.51503
27.71097
26.0355
29.60324
33.0129
34.52993
35.68355
37.25479
37.42884
34.61195
30.90727
29.83475
30.38122
30.42238
29.07091
27.12313
26.49663
26.96977
28.18463
25.72028
28.23833
30.24065
30.99407
31.80638
33.26901
34.5733
34.5654
33.47396
33.38742
33.71544
33.43376
32.29438
30.36783
28.70597
27.17247
27.90008
24.6631
26.62889
27.66699
27.50367
27.78474
28.46802
29.81504
32.00348
33.92961
34.5621
34.33018
33.93265
32.99605
31.18147
29.44449
28.09029
27.69014
23.53299
25.08624
25.43153
24.78621
24.57483
25.07986
26.31735
28.68528
31.12483
32.04108
32.43234
33.04545
32.75667
31.3931
29.6339
28.74746
28.19941
22.92895
23.66201
23.99174
23.63014
23.12519
23.08247
23.76161
25.48816
27.81062
29.66014
31.64849
34.08119
35.40066
34.7247
32.40121
30.86581
30.44977
24.06272
24.33314
24.57989
24.28742
23.34035
22.77771
22.9961
24.63259
27.20814
29.70315
32.32854
35.75195
38.52246
38.42803
35.98811
34.66021
34.38407
25.58135
27.1944
27.4094
26.94543
26.19456
25.42555
24.68569
25.03814
27.40803
30.6071
33.38748
36.61296
39.52401
39.58083
38.04354
37.61592
37.7746
28.70978
29.98067
30.59641
30.86824
30.58815
29.65942
27.71574
26.19057
27.28673
30.57492
33.97702
36.69247
38.45961
38.22214
38.13173
38.95511
39.41592
29.39282
30.62114
31.97606
33.47229
33.94051
32.68437
30.07576
27.71618
27.55421
30.00749
33.59196
36.07032
36.70051
36.22427
36.95538
38.62446
39.67912
28.9463
29.902
31.83604
34.09175
34.79765
33.22062
30.61941
28.27204
27.51066
29.01627
32.55259
35.31757
35.32716
34.46402
35.30373
37.37101
38.72897
28.58601
29.35616
31.18975
33.43445
34.117
32.60696
30.09477
27.81859
26.27368
26.5457
29.71672
33.32222
34.25735
33.09987
33.79355
35.70924
36.53511
27.77369
28.2987
30.03514
31.95017
32.67326
31.64925
29.46833
27.41713
25.27958
23.74987
25.65765
29.77647
32.45876
32.03146
32.16391
33.77383
34.12363
26.96382
27.0244
28.54507
30.20224
30.81827
30.27839
28.61747
27.49592
25.91191
23.38645
22.77493
25.95405
29.39039
29.99599
29.46022
30.72019
31.76228
26.04198
26.13418
27.32537
28.30876
28.88183
28.40395
27.31419
27.18268
26.60916
24.7297
22.43419
23.12632
26.24829
27.57336
27.09319
27.89073
29.80732
24.86077
25.26743
25.78269
26.27874
26.70451
26.56025
25.60486
25.66878
25.94864
25.13406
23.12284
22.1271
23.7112
25.24643
25.4527
26.15519
29.92151
24.00156
24.25255
24.19959
24.37016
25.00091
25.16516
24.20023
23.75192
24.12867
24.22204
23.55235
22.55542
22.4458
23.23848
23.92727
25.43414
30.47249
23.32226
23.51352
23.31282
23.28096
23.57257
23.97594
23.56551
22.57543
22.41234
22.76334
23.11492
23.05227
22.60159
22.19663
22.30168
24.3496
28.68298
22.55387
23.04084
23.06168
22.97196
22.83484
23.28796
23.45516
22.57253
22.0775
22.09584
22.35348
22.76771
22.91189
22.35934
21.54775
22.99594
25.29943
21.8403
22.51606
22.76735
22.98799
22.87366
23.04128
23.54539
23.44185
22.98417
22.68403
22.21817
22.02594
22.40355
22.49973
21.80865
22.1065
23.49904
21.36493
21.87043
22.51537
22.91416
23.07472
23.0905
23.24269
23.33281
23.12398
22.92164
22.23795
21.47647
21.57168
22.26362
22.51309
21.99759
21.90863
24.96687
22.48778
20.98667
20.07182
19.96334
19.92516
19.48235
18.86947
17.99731
18.00821
18.39082
17.51207
18.36873
22.9986
28.43521
30.07671
28.25083
28.4463
28.1133
27.53632
26.50086
24.48158
23.35937
22.19197
21.08947
19.65277
19.60218
19.61448
18.97549
19.62357
22.05181
25.57487
27.31403
28.11381
28.92939
31.45806
33.07337
33.42921
32.77316
31.62959
28.24698
24.66268
22.62053
21.80471
22.49172
22.54819
22.45096
22.47321
23.53793
26.00387
27.91338
27.48521
31.12491
34.63388
36.20142
37.04934
37.58174
35.22753
30.24493
26.53939
25.22455
26.32938
27.11457
25.94268
24.62096
25.04356
27.07571
28.2845
26.24497
29.83466
33.25728
34.85828
36.10001
37.66084
37.76934
34.89199
31.16534
30.08248
30.62355
30.95085
30.17898
28.53889
27.59475
27.57636
28.70342
25.96318
28.50415
30.49997
31.31772
32.23513
33.71302
34.97765
34.90784
33.76603
33.6709
33.95327
33.74143
33.12444
31.7181
29.98137
27.9049
28.37276
24.9486
26.94142
27.97735
27.85527
28.2246
28.96016
30.29809
32.42647
34.28497
34.89155
34.63462
34.17299
33.53984
32.28275
30.7208
28.96111
28.17243
23.86602
25.46886
25.82702
25.20887
25.06389
25.6278
26.85583
29.15136
31.51151
32.42522
32.81635
33.34092
33.08514
32.1468
30.77866
29.7235
28.75849
23.26157
24.08899
24.46303
24.13779
23.67993
23.65211
24.29434
25.94881
28.19043
30.07234
32.11812
34.48373
35.66785
35.14818
33.31638
31.93312
31.17285
24.31439
24.69563
25.03997
24.81693
23.86599
23.26694
23.46841
25.07489
27.59499
30.12753
32.89935
36.3209
38.91834
38.71072
36.63282
35.70414
35.27805
25.77754
27.47513
27.79999
27.36415
26.58427
25.8177
25.09232
25.45741
27.8069
31.02866
34.03135
37.4075
40.17607
39.95173
38.475
38.5176
38.76778
28.92338
30.26483
30.90791
31.18679
30.93223
30.03603
28.09473
26.58236
27.67854
30.96644
34.61509
37.69664
39.4632
38.84849
38.47834
39.62673
40.39402
29.61597
30.9173
32.27433
33.77964
34.29066
33.06635
30.45775
28.10089
27.93981
30.3584
34.15057
37.13857
38.02265
37.21354
37.45212
39.11595
40.53166
29.11944
30.14265
32.11009
34.40297
35.1419
33.6015
31.00846
28.65442
27.89692
29.3441
32.99952
36.26365
36.79099
35.86502
36.16144
37.88148
39.4426
28.77176
29.61452
31.49843
33.76623
34.47206
33.00173
30.4995
28.2014
26.65359
26.8661
30.05533
34.05803
35.63103
34.80434
35.14007
36.51296
37.21428
28.02593
28.64104
30.44286
32.37772
33.10604
32.09818
29.906
27.81453
25.65113
24.07962
25.92237
30.31046
33.62276
33.78775
33.9178
34.9966
34.93567
27.28651
27.46009
29.06817
30.75131
31.33801
30.78148
29.09574
27.93012
26.29575
23.74091
23.02223
26.31417
30.29468
31.60871
31.41536
32.33137
32.80501
26.39809
26.63006
27.91383
28.90943
29.42557
28.93268
27.82802
27.65968
27.02679
25.10629
22.72197
23.37398
26.92164
28.98703
29.06478
29.78842
31.10295
25.20883
25.76291
26.36706
26.87718
27.27365
27.12387
26.16054
26.18715
26.41203
25.53702
23.46441
22.35122
24.17139
26.404
27.31879
28.18235
31.53451
24.32135
24.70181
24.76321
24.99786
25.61978
25.77104
24.80596
24.32641
24.64851
24.66285
23.92956
22.82612
22.77011
24.13844
25.60281
27.53196
32.4446
23.6241
23.92676
23.86003
23.92954
24.22911
24.61916
24.22136
23.21796
22.99135
23.2521
23.52582
23.38688
22.87972
22.85632
23.7436
26.38204
30.84572
22.84962
23.44212
23.59377
23.61915
23.51818
23.96201
24.1437
23.27021
22.72028
22.6423
22.80544
23.15153
23.20821
22.83213
22.64716
24.82931
27.49902
22.12708
22.91354
23.29111
23.62438
23.56161
23.73753
24.25514
24.1765
23.68718
23.28972
22.70943
22.44018
22.74852
22.93004
22.75891
23.76161
25.53612
21.6375
22.26047
23.02086
23.54222
23.76615
23.79753
23.96785
24.09205
23.87967
23.59289
22.78139
21.92726
21.9613
22.68994
23.36544
23.43266
23.64832
25.01358
22.55271
21.06947
20.19831
20.1512
20.12388
19.64689
18.98311
18.11841
18.29042
19.02756
18.54778
19.7951
24.53894
29.84429
31.35045
29.40931
28.49338
28.1781
27.61172
26.60475
24.64051
23.54106
22.35509
21.21601
19.76342
19.783
20.08287
19.8563
20.97746
23.62055
27.05914
28.73575
29.47442
28.98075
31.52864
33.15757
33.53291
32.92342
31.81243
28.4143
24.79383
22.7332
21.9283
22.81349
23.23453
23.62238
24.01044
25.13846
27.50891
29.33196
27.53876
31.19717
34.72356
36.31385
37.20531
37.77053
35.40708
30.38876
26.65679
25.324
26.52166
27.58047
26.85112
25.98851
26.60102
28.52115
29.61579
26.30118
29.90693
33.34643
34.97826
36.26788
37.85739
37.96599
35.0638
31.30148
30.18815
30.75219
31.22193
30.79858
29.7172
29.11033
28.94925
29.90266
26.02335
28.58046
30.59992
31.45825
32.42779
33.93209
35.20681
35.1275
33.94553
33.80687
34.06865
33.91204
33.56733
32.7568
31.49752
29.32442
29.51396
25.00738
27.02949
28.10709
28.03869
28.46757
29.24306
30.58852
32.70382
34.52219
35.07992
34.78355
34.33308
33.8769
33.16179
32.14445
30.45297
29.33676
23.91715
25.57044
25.99435
25.45353
25.3877
25.99623
27.20171
29.46061
31.79002
32.67204
33.02421
33.52574
33.35472
32.81005
32.03965
31.24613
29.99259
23.29765
24.18483
24.64112
24.42841
24.06485
24.04561
24.63977
26.26232
28.4887
30.35551
32.36382
34.66664
35.86617
35.53299
34.31498
33.47522
32.56377
24.33627
24.76384
25.18986
25.10052
24.20675
23.58295
23.76637
25.37579
27.91141
30.44198
33.15892
36.50149
39.09467
38.92873
37.29675
37.16256
36.86271
25.79384
27.53034
27.92771
27.57883
26.82413
26.06202
25.33759
25.71866
28.11272
31.36047
34.33135
37.62489
40.37067
40.11523
38.82761
39.7204
40.48223
28.93737
30.32196
31.01849
31.34393
31.11804
30.24661
28.30846
26.80164
27.94654
31.29373
34.94891
37.96398
39.68541
39.02851
38.63564
40.43037
42.0768
29.62769
30.9646
32.36531
33.89826
34.43433
33.25253
30.67552
28.32554
28.18925
30.66341
34.49599
37.45811
38.28934
37.45096
37.57631
39.53473
41.95558
29.13159
30.18132
32.19038
34.52126
35.29659
33.79724
31.24752
28.90948
28.16145
29.65325
33.35635
36.62331
37.12436
36.17682
36.37145
38.07328
40.38122
28.79832
29.6717
31.61314
33.9465
34.70513
33.25535
30.77187
28.48889
26.94323
27.18504
30.42699
34.45176
36.04009
35.22334
35.48872
36.70236
37.65913
28.07898
28.73241
30.60711
32.64318
33.43586
32.42964
30.2214
28.12879
25.95753
24.39704
26.29694
30.73482
34.08348
34.31034
34.42916
35.33505
35.17368
27.36896
27.59019
29.27372
31.06318
31.71588
31.15924
29.44316
28.2604
26.61312
24.05462
23.38058
26.73316
30.76424
32.18155
32.06498
32.86189
33.07712
26.49448
26.78185
28.13212
29.21496
29.79244
29.32569
28.20019
28.00369
27.35752
25.42961
23.07075
23.7653
27.36771
29.54799
29.79128
30.52279
31.53289
25.3055
25.91095
26.57406
27.16875
27.64294
27.54461
26.56983
26.5619
26.76741
25.87715
23.80899
22.71666
24.57325
26.90764
28.04457
29.05333
32.18102
24.41641
24.83783
24.96026
25.3003
26.00807
26.21759
25.25746
24.74652
25.03704
25.02202
24.2738
23.17339
23.13551
24.58506
26.27759
28.47986
33.38688
23.72369
24.06687
24.05645
24.23612
24.62803
25.08191
24.71004
23.68479
23.4173
23.63942
23.88531
23.73372
23.22207
23.26427
24.37663
27.38257
32.08615
22.95186
23.59957
23.80197
23.9196
23.92223
24.43849
24.65645
23.77593
23.18228
23.06064
23.1878
23.51182
23.54533
23.20672
23.21285
25.7845
28.81402
22.22179
23.0838
23.52208
23.92451
23.95519
24.22141
24.78355
24.71124
24.18941
23.74885
23.12564
22.82495
23.1023
23.29036
23.26821
24.58245
26.72429
21.7208
22.43028
23.26583
23.8534
24.15391
24.27847
24.51053
24.65077
24.42286
24.09949
23.2472
22.34912
22.3447
23.05704
23.82746
24.15051
24.77378
25.02607
22.56513
21.08301
20.21844
20.19363
20.19492
19.74226
19.08035
18.19632
18.33843
19.0737
18.63808
20.03867
24.9778
30.41002
32.0046
30.148
28.51363
28.19663
27.62649
26.62229
24.67351
23.59472
22.42931
21.30397
19.84875
19.84439
20.12432
19.90683
21.13964
23.99009
27.62847
29.51898
30.46028
29.01469
31.55744
33.17649
33.55018
32.95404
31.86274
28.47907
24.86696
22.81287
21.99741
22.85683
23.26868
23.71363
24.29744
25.72501
28.43144
30.57418
27.58933
31.23503
34.74673
36.33208
37.23537
37.81883
35.46724
30.45401
26.72693
25.39034
26.56706
27.60681
26.90606
26.18752
27.09804
29.48116
31.06161
26.36885
29.9526
33.37408
34.99882
36.29856
37.90606
38.02818
35.13364
31.37198
30.25005
30.7963
31.24721
30.83621
29.86972
29.5641
29.96426
31.51991
26.1022
28.62975
30.63034
31.48226
32.46278
33.98883
35.28412
35.21719
34.0307
33.87456
34.11825
33.94649
33.60414
32.90747
31.98334
30.42468
31.26236
25.07728
27.07249
28.13554
28.06311
28.50914
29.32152
30.69851
32.8254
34.63276
35.16419
34.84533
34.38187
33.91465
33.31049
32.62646
31.52391
31.08385
23.96746
25.59913
26.01096
25.47327
25.43718
26.09965
27.34209
29.60737
31.92388
32.77823
33.10955
33.59494
33.40389
32.9659
32.50077
32.208
31.62274
23.3235
24.19398
24.64557
24.44475
24.11871
24.14942
24.77982
26.41739
28.63622
30.47341
32.45884
34.7413
35.92423
35.65042
34.66467
34.28562
34.01688
24.35031
24.76704
25.19224
25.11603
24.2501
23.65553
23.87425
25.50888
28.05085
30.55715
33.24537
36.56474
39.14029
38.97453
37.48372
37.79913
38.16468
25.80993
27.53434
27.92965
27.58962
26.84904
26.1027
25.40007
25.80429
28.21891
31.46382
34.41505
37.68642
40.42082
40.15601
38.90596
40.12488
41.57138
28.9575
30.328
31.02085
31.35115
31.13293
30.27138
28.34793
26.86289
28.03234
31.38966
35.0334
38.03582
39.7432
39.07665
38.67853
40.63691
42.86954
29.65745
30.97675
32.36994
33.90591
34.4521
33.28279
30.72207
28.40186
28.29283
30.77368
34.58646
37.53028
38.35073
37.50782
37.62322
39.62997
42.43203
29.17129
30.20929
32.20271
34.53641
35.33149
33.85108
31.31187
29.00347
28.29562
29.80502
33.48691
36.71466
37.19632
36.24278
36.43135
38.12907
40.58205
28.86014
29.7337
31.64283
33.97871
34.76262
33.34004
30.86138
28.59421
27.09344
27.37155
30.61043
34.59082
36.14035
35.30791
35.56695
36.77446
37.71192
28.15499
28.82755
30.66019
32.69349
33.50882
32.54058
30.33967
28.24611
26.10499
24.5859
26.50808
30.92635
34.22993
34.43126
34.5333
35.43525
35.21284
27.44211
27.69604
29.34189
31.11941
31.78905
31.28284
29.58669
28.39438
26.75707
24.23189
23.59317
26.95357
30.95712
32.34732
32.20144
32.98779
33.14891
26.55264
26.87419
28.19826
29.26793
29.86275
29.45633
28.36775
28.16409
27.51504
25.61251
23.28893
24.00065
27.59823
29.75784
29.97006
30.66503
31.63422
25.3509
25.98412
26.6337
27.22387
27.72387
27.68882
26.7671
26.7633
26.95968
26.08103
24.0416
22.96808
24.82753
27.15404
28.25819
29.20359
32.29871
24.4547
24.89938
25.02081
25.36439
26.10244
26.37318
25.47874
24.99019
25.27021
25.2532
24.52329
23.4439
23.413
24.86208
26.52578
28.66081
33.53595
23.75859
24.1293
24.12647
24.31076
24.73141
25.24373
24.94205
23.95651
23.67959
23.89241
24.15305
24.02669
23.52965
23.57467
24.67806
27.6328
32.29037
22.98046
23.66344
23.88372
24.00573
24.03582
24.60549
24.88722
24.05795
23.46183
23.32638
23.46291
23.81512
23.87646
23.54947
23.55424
26.09898
29.09308
22.24324
23.13964
23.60972
24.02384
24.07667
24.39731
25.01321
24.99745
24.48543
24.02825
23.40033
23.1247
23.44004
23.65142
23.62962
24.93983
27.06363
21.73894
22.47274
23.34628
23.96176
24.28592
24.46624
24.75102
24.94976
24.74163
24.39839
23.53214
22.65285
22.69097
23.42909
24.20044
24.53232
25.16843
25.0422
22.57749
21.09483
20.23033
20.2061
20.21066
19.76492
19.11263
18.23891
18.3832
19.11208
18.66114
20.04934
25.0026
30.44172
32.05687
30.35764
28.53638
28.21629
27.64336
26.63813
24.68903
23.61247
22.44859
21.32791
19.88154
19.8823
20.15657
19.92673
21.14644
24.00803
27.66198
29.59074
30.68743
29.05188
31.59132
33.20357
33.57213
32.97547
31.88528
28.49881
24.88555
22.83677
22.02731
22.88167
23.287
23.71968
24.30922
25.76388
28.52828
30.81847
27.64653
31.28453
34.78519
36.36316
37.26333
37.84424
35.4892
30.47275
26.74722
25.41385
26.58714
27.62293
26.91518
26.19451
27.13286
29.57741
31.32209
26.44954
30.01747
33.42414
35.04
36.33141
37.93367
38.05214
35.15458
31.39052
30.2681
30.81071
31.26024
30.84741
29.87757
29.59853
30.06111
31.82363
26.20291
28.70926
30.69193
31.52941
32.49695
34.0167
35.30879
35.23901
34.04979
33.89156
34.13193
33.95979
33.61598
32.91805
32.02445
30.53614
31.60898
25.17829
27.1564
28.20004
28.1066
28.53989
29.34495
30.71733
32.84217
34.6496
35.18139
34.86164
34.39678
33.92535
33.32052
32.66767
31.63673
31.47355
24.04852
25.66711
26.05894
25.502
25.45341
26.10984
27.35014
29.61599
31.93673
32.79463
33.12771
33.61119
33.41429
32.97729
32.54042
32.32879
32.11596
23.37018
24.2276
24.66636
24.45555
24.12328
24.15152
24.78203
26.4221
28.64612
30.48706
32.47434
34.75514
35.93403
35.65936
34.68808
34.37403
34.40617
24.37831
24.78412
25.20098
25.11956
24.25132
23.65647
23.87583
25.51224
28.05868
30.56875
33.25832
36.57701
39.15099
38.98087
37.48718
37.82978
38.35097
25.83894
27.55457
27.93882
27.59218
26.85029
26.10496
25.40315
25.80711
28.22482
31.47456
34.42788
37.69992
40.43563
40.16986
38.91301
40.14762
41.7045
28.99141
30.35507
31.03385
31.35602
31.13723
30.27782
28.35451
26.86777
28.03847
31.40076
35.04614
38.04855
39.75819
39.0921
38.68665
40.65296
42.96169
29.70454
31.0161
32.39397
33.92014
34.46655
33.29599
30.7333
28.41113
28.30386
30.79178
34.6051
37.54375
38.36319
37.52358
37.63351
39.64043
42.49063
29.22947
30.27437
32.25294
34.57192
35.36333
33.87152
31.32681
29.01756
28.31442
29.83735
33.52489
36.74328
37.21308
36.26055
36.44499
38.13883
40.61135
28.942
29.84631
31.73854
34.04999
34.81466
33.36676
30.87946
28.61343
27.11751
27.41236
30.67068
34.64682
36.17545
35.33484
35.58863
36.78968
37.72465
28.24223
28.96694
30.8026
32.80249
33.57434
32.57188
30.361
28.2704
26.13203
24.62484
26.57579
31.0072
34.294
34.47595
34.56601
35.45795
35.22516
27.51614
27.82946
29.49974
31.24103
31.85445
31.31894
29.61246
28.42483
26.79167
24.27374
23.65655
27.04216
31.0438
32.41241
32.24672
33.01818
33.16687
26.60476
26.97774
28.33801
29.3836
29.92726
29.50401
28.39954
28.2031
27.56519
25.67144
23.35951
24.09192
27.69794
29.84363
30.03042
30.70117
31.65439
25.38373
26.06132
26.752
27.3352
27.79629
27.75517
26.80752
26.81478
27.02956
26.16251
24.13025
23.07006
24.94151
27.26202
28.33524
29.24371
32.32355
24.47813
24.95705
25.12418
25.4739
26.18843
26.45377
25.53014
25.05176
25.3552
25.35563
24.63442
23.56611
23.55046
25.0014
26.63144
28.72374
33.58109
23.7763
24.17518
24.21209
24.41082
24.82095
25.33127
25.0087
24.02285
23.77039
24.00736
24.28274
24.16784
23.68967
23.74743
24.82644
27.73927
32.36548
22.99288
23.69529
23.94562
24.08813
24.11793
24.69992
24.97483
24.13004
23.55746
23.44494
23.59622
23.95667
24.03654
23.73609
23.73705
26.24315
29.19822
22.25383
23.15922
23.64885
24.08523
24.14941
24.49779
25.12255
25.08679
24.59396
24.15771
23.53288
23.25413
23.58517
23.82593
23.81997
25.11046
27.19912
21.74986
22.48642
23.37056
24.0037
24.34538
24.55649
24.87473
25.07083
24.87275
24.55165
23.68377
22.78883
22.83377
23.59682
24.38453
24.71632
25.32986
25.07133
22.60269
21.11552
20.24644
20.22211
20.23238
19.79548
19.1483
18.27409
18.41854
19.14372
18.68304
20.0619
25.00904
30.4449
32.05736
30.36549
28.5765
28.2503
27.66772
26.65748
24.70855
23.63662
22.47597
21.35644
19.908
19.90717
20.17645
19.93788
21.15238
24.01149
27.66486
29.59252
30.69354
29.10937
31.63826
33.23571
33.5964
33.00079
31.91498
28.52778
24.91034
22.85795
22.04574
22.89454
23.29351
23.7228
24.31106
25.76705
28.53286
30.82491
27.72061
31.34126
34.8258
36.39551
37.29639
37.87972
35.52272
30.49987
26.76719
25.42844
26.59615
27.62687
26.91713
26.19534
27.13528
29.58425
31.32958
26.53812
30.0836
33.47441
35.08194
36.37268
37.97608
38.0917
35.1839
31.40813
30.27798
30.81487
31.26156
30.84832
29.878
29.60114
30.06956
31.8333
26.30591
28.7864
30.75134
31.5781
32.5436
34.06372
35.35023
35.26649
34.06418
33.89745
34.13337
33.96014
33.61651
32.91819
32.02782
30.54472
31.62238
25.28478
27.23554
28.25907
28.15234
28.58388
29.38766
30.74947
32.85993
34.6571
35.18343
34.86188
34.39689
33.92556
33.32052
32.67066
31.64207
31.49483
24.13656
25.72709
26.0982
25.53178
25.48094
26.13336
27.36406
29.62166
31.93851
32.79506
33.12786
33.61128
33.41447
32.97732
32.54206
32.33144
32.14364
23.417
24.25269
24.681
24.46675
24.13261
24.15736
24.7848
26.42377
28.64743
30.48768
32.47449
34.75521
35.93425
35.65952
34.68862
34.37651
34.41104
24.40101
24.79514
25.20699
25.12345
24.25402
23.65862
23.8784
25.51531
28.06135
30.56992
33.2586
36.5772
39.15142
38.98137
37.48776
37.83203
38.35505
25.86182
27.5678
27.94575
27.59532
26.85344
26.11021
25.40937
25.81222
28.22834
31.47651
34.42864
37.70025
40.43633
40.17095
38.91407
40.14943
41.70753
29.02004
30.37368
31.04432
31.36168
31.14764
30.29327
28.36768
26.87597
28.04333
31.40411
35.04792
38.04919
39.75879
39.09336
38.68806
40.65489
42.96408
29.74302
31.04405
32.41239
33.93472
34.49494
33.32775
30.75629
28.42434
28.31198
30.79822
34.60966
37.54583
38.36389
37.52493
37.6355
39.64234
42.49335
29.27691
30.31794
32.28515
34.60467
35.41747
33.922
31.35873
29.03511
28.3261
29.84796
33.53469
36.74946
37.21538
36.26283
36.44832
38.14145
40.61401
29.00917
29.91449
31.79291
34.11497
34.89811
33.43636
30.9213
28.63528
27.13113
27.42477
30.68503
34.65929
36.18256
35.33965
35.59486
36.79485
37.72784
28.3159
29.04839
30.87814
32.90336
33.68122
32.65809
30.41396
28.29816
26.14796
24.63754
26.5908
31.02442
34.30775
34.48412
34.57478
35.46647
35.22976
27.57975
27.90952
29.58487
31.35974
31.97169
31.4184
29.67906
28.46174
26.81366
24.29042
23.67258
27.06103
31.06273
32.42549
32.25858
33.03056
33.17355
26.64535
27.04151
28.42164
29.50149
30.05224
29.62397
28.48769
28.25561
27.59789
25.69582
23.38134
24.11428
27.72263
29.86566
30.04856
30.71804
31.66385
25.40762
26.10466
26.82231
27.44277
27.93439
27.90188
26.92721
26.89179
27.07744
26.19575
24.15941
23.09974
24.97474
27.29703
28.36454
29.2691
32.34377
24.49596
24.98802
25.18032
25.56601
26.3253
26.60696
25.6785
25.15493
25.42039
25.39992
24.67195
23.60468
23.59358
25.05213
26.68052
28.76915
33.62615
23.7949
24.2039
24.26156
24.48736
24.92979
25.46749
25.16615
24.14771
23.85381
24.06565
24.32929
24.21266
23.73785
23.80719
24.89643
27.80927
32.43485
23.0134
23.72354
23.98905
24.14862
24.19765
24.80767
25.11282
24.26535
23.66357
23.52457
23.65541
24.00603
24.08292
23.79088
23.81051
26.32641
29.28201
22.27595
23.18357
23.67968
24.12803
24.20454
24.57819
25.23343
25.22056
24.72322
24.26763
23.61762
23.31952
23.63827
23.87721
23.88162
25.19443
27.29169
21.77252
22.50628
23.39069
24.03192
24.38258
24.61441
24.96354
25.19242
25.0156
24.69284
23.80716
22.89153
22.91459
23.66685
24.45056
24.7937
25.41949
25.10302
22.62865
21.13422
20.26046
20.2347
20.24657
19.81401
19.17327
18.30199
18.44384
19.16321
18.6942
20.06782
25.01229
30.44588
32.05738
30.36543
28.62
28.2841
27.69047
26.67535
24.72424
23.65212
22.49184
21.37602
19.93072
19.92894
20.19199
19.94513
21.15526
24.01294
27.66538
29.59246
30.69392
29.17162
31.68453
33.26701
33.62014
33.02197
31.93472
28.54527
24.92783
22.87712
22.06373
22.90612
23.29817
23.72395
24.3115
25.76731
28.53279
30.82553
27.8038
31.39997
34.86771
36.42744
37.32392
37.90439
35.54467
30.51996
26.78477
25.44186
26.60347
27.62912
26.91746
26.19541
27.13528
29.58425
31.33036
26.64174
30.15502
33.52697
35.12151
36.40586
38.00571
38.11855
35.20601
31.42279
30.28597
30.81757
31.26208
30.84844
29.878
29.60115
30.06956
31.83423
26.4272
28.86938
30.8103
31.61975
32.5777
34.09437
35.37779
35.2872
34.07595
33.90204
34.13428
33.96037
33.61651
32.91819
32.02774
30.54467
31.62275
25.40553
27.31743
28.31135
28.18526
28.61019
29.41189
30.77044
32.87401
34.66367
35.1852
34.86221
34.39697
33.92556
33.32052
32.67066
31.64202
31.49475
24.23103
25.78175
26.12557
25.54716
25.49273
26.14461
27.37365
29.62734
31.94097
32.79599
33.12823
33.6114
33.41447
32.97732
32.54206
32.33144
32.1436
23.46222
24.27006
24.68732
24.46985
24.13491
24.15987
24.78782
26.427
28.6501
30.48891
32.47495
34.75544
35.93421
35.65953
34.68863
34.37653
34.41105
24.42321
24.80271
25.20996
25.12456
24.25504
23.66071
23.88261
25.52093
28.06609
30.57206
33.2594
36.57768
39.15163
38.98133
37.48775
37.83202
38.35503
25.88512
27.57985
27.95119
27.59714
26.85576
26.1157
25.41865
25.82224
28.23563
31.48049
34.43038
37.70114
40.43685
40.17111
38.9141
40.14942
41.70753
29.04953
30.39331
31.05372
31.36591
31.15542
30.3081
28.38768
26.89309
28.05399
31.4109
35.05178
38.05107
39.75962
39.09375
38.68837
40.65502
42.9641
29.7858
31.07369
32.42962
33.94731
34.51563
33.35764
30.79008
28.4506
28.32872
30.81063
34.61839
37.55044
38.36568
37.52591
37.63628
39.6428
42.49352
29.33438
30.36329
32.31959
34.6348
35.45714
33.96992
31.40458
29.06906
28.34967
29.86749
33.55141
36.76043
37.2206
36.26586
36.45093
38.14274
40.61436
29.09202
29.98814
31.85605
34.16954
34.95829
33.50241
30.97906
28.67657
27.15968
27.44836
30.70879
34.67953
36.19504
35.34683
35.60068
36.79782
37.72852
28.40933
29.14273
30.96517
32.97432
33.75345
32.73965
30.48564
28.34957
26.18239
24.66356
26.61687
31.05134
34.32872
34.49637
34.58323
35.47115
35.23073
27.66127
27.99872
29.66921
31.42987
32.04733
31.51192
29.76698
28.52931
26.86037
24.32508
23.70185
27.08984
31.08885
32.44352
32.26994
33.03686
33.17488
26.69795
27.10284
28.4855
29.56611
30.1342
29.7295
28.59604
28.34805
27.66537
25.74568
23.4199
24.14592
27.75179
29.89123
30.06634
30.72746
31.66704
25.44174
26.14558
26.87276
27.50915
28.02481
28.01729
27.05552
27.01221
27.17089
26.26319
24.20918
23.13859
25.00833
27.33053
28.39251
29.28692
32.3552
24.52572
25.02502
25.22982
25.63177
26.41376
26.72023
25.81346
25.29256
25.5333
25.48373
24.73378
23.65391
23.63412
25.09326
26.72314
28.80472
33.6559
23.82768
24.24645
24.31277
24.54442
25.0025
25.56401
25.2907
24.28633
23.97505
24.15862
24.40217
24.27319
23.78705
23.85377
24.94977
27.8591
32.47896
23.04942
23.7681
24.03492
24.1909
24.24728
24.87904
25.21432
24.39311
23.78738
23.62432
23.73742
24.07827
24.143
23.84231
23.86315
26.3786
29.32872
22.3132
23.22107
23.71115
24.15455
24.23516
24.62553
25.30836
25.33108
24.84373
24.37396
23.71053
23.40779
23.71743
23.94319
23.93775
25.24655
27.33781
21.80889
22.53495
23.41126
24.04948
24.40487
24.64765
25.01572
25.28088
25.12595
24.79982
23.91117
22.99912
23.01939
23.75981
24.52991
24.85398
25.46901
