 1
 1
 1
 1
 1
 1
 1
 1
 1
 1
 1
 1
 1
 1
 0
 0
 0
 1
 1
 1
 1
 1
 1
 1
 1
 1
 1
 1
 1
 1
 1
 0
 0
 0
 1
 1
 1
 1
 1
 1
 1
 1
 1
 1
 1
 1
 1
 1
 1
 0
 0
 1
 1
 1
 1
 1
 1
 1
 1
 1
 1
 1
 1
 1
 1
 1
 1
 0
 1
 1
 1
 1
 1
 1
 1
 1
 1
 1
 1
 1
 1
 1
 1
 1
 1
 1
 1
 1
 1
 1
 1
 1
 1
 1
 1
 1
 1
 1
 1
 1
 1
 1
 1
 1
 1
 1
 1
 1
 1
 1
 1
 1
 1
 1
 1
 1
 1
 1
 1
 1
 1
 1
 1
 1
 1
 1
 1
 1
 1
 1
 1
 1
 1
 1
 1
 1
 1
 1
 1
 1
 1
 1
 1
 1
 1
 1
 1
 1
 1
 1
 1
 1
 1
 1
 1
 1
 1
 1
 1
 1
 1
 1
 1
 1
 1
 1
 1
 1
 1
 1
 0
 1
 1
 1
 1
 1
 1
 1
 1
 1
 1
 1
 1
 1
 1
 1
 1
 1
 1
 1
 1
 1
 1
 1
 1
 1
 1
 1
 1
 1
 1
 1
 1
 1
 1
 1
 1
 1
 1
 1
 1
 1
 1
 1
 1
 1
 1
 1
 1
 1
 1
 1
 1
 1
 1
 1
 1
 1
 1
 1
 1
 1
 1
 1
 1
 1
 1
 1
 1
 1
 1
 1
 1
 1
 1
 1
 1
 1
 1
 1
 1
 1
 1
 1
 1
 1
 1
 1
 1
 1
 1
 1
 1
 1
 1
 1
 1
 1
 1
 1
 1
 1
 1
 1
 1
 1
 1
 1
 1
 1
 1
 1
 1
 1
 1
 1
 1
 1
 1
 1
 1
 1
 1
 1
 1
 1
 1
 1
 1
 1
 1
 1
 1
 1
 1
 1
 1
 1
 1
 1
 1
 1
 1
 1
 1
 1
 1
 1
 1
 1
 1
 1
 1
 1
 1
 1
 1
 1
 1
 1
 1
 1
 1
 1
 1
 1
 1
 1
 1
 1
 1
 1
 1
 1
 1
 1
 1
 1
 1
 1
 1
 1
 1
 1
 1
 1
 1
 1
 1
 1
 1
 1
 1
 1
 1
 1
 1
 1
 1
 1
 1
 1
 1
 1
 1
 1
 1
 1
 1
 1
 1
 1
 1
 1
 1
 1
 1
 1
 1
 1
 1
 1
 1
 1
 1
 1
 1
 1
 1
 1
 1
 1
 1
 1
 1
 1
 1
 1
0.8513994
0.8424909
0.83336
0.5557909
0.5609701
0.8360941
0.8401197
0.8418117
0.8104511
0.7753883
0.73611
0.4333402
0.3825511
0.3274642
0.2682464
0.204632
0.1948955
0.5996924
0.5920496
0.8541626
0.8475405
0.5756605
0.8436487
0.5706355
0.5666671
0.5347971
0.7694795
0.7294052
0.4270139
0.3829661
0.3358893
0.4952291
0.2327958
0.2238864
0.6148309
0.6076056
0.6002595
0.8621078
0.8553258
0.8484557
0.571139
0.5638392
0.5331498
0.5007472
0.4666044
0.4305702
0.3925269
0.3524007
0.3099982
0.2651677
0.2539721
0.8779143
0.6026572
0.5952073
0.857345
0.8516992
0.8460394
0.8403341
0.8345529
0.8073552
0.7767721
0.7431823
0.4451953
0.4115897
0.6205539
0.5710458
0.516355
0.2847151
0.6050972
0.597687
0.8595756
0.8523816
0.8479176
0.8434902
0.839062
0.8346386
0.5404404
0.5145364
0.4875202
0.7227356
0.6879642
0.6501225
0.6087993
0.5636858
0.5361325
0.8688952
0.5926128
0.854705
0.8473043
0.5737013
0.8408357
0.8377134
0.8346381
0.8144359
0.7909403
0.7656413
0.7384238
0.7091675
0.6776406
0.3942174
0.3659189
0.5761966
0.8641362
0.5873943
0.8497227
0.8421701
0.8399041
0.8380533
0.8362864
0.8345804
0.8177272
0.797563
0.7761219
0.7533323
0.7290863
0.7032557
0.6757288
0.396382
0.3711985
0.8593345
0.8521034
0.8446294
0.8369326
0.8356277
0.8351275
0.8347462
0.8344345
0.8207221
0.8038197
0.7860628
0.7674295
0.7478024
0.727151
0.7053798
0.6824553
0.3983957
0.8626914
0.8591295
0.8559042
0.8530024
0.8510472
0.8489218
0.8465233
0.8438338
0.8321458
0.8178797
0.5325249
0.5175403
0.5044007
0.491802
0.4790902
0.4663059
0.4426422
0.8720615
0.8734045
0.8750929
0.877097
0.8731505
0.8676105
0.5923268
0.8553351
0.844649
0.561793
0.5489795
0.5358888
0.5269067
0.5193958
0.5119063
0.5045089
0.4840232
 0
0.6195642
0.626358
0.6333956
0.8936534
0.8852224
0.6080921
0.597564
0.5868047
0.5759273
0.5648446
0.5535756
0.5483
0.5454797
0.5427885
0.5402037
0.5227123
0.6219888
0.6333112
0.6447361
0.9180831
0.6497169
0.6369966
0.623602
0.6094884
0.5988844
0.5895981
0.5801756
0.5706221
0.5686618
0.5701675
0.571799
0.5735489
0.5588701
0.6302923
0.6462207
0.6619701
0.6774784
0.6709663
0.6553352
0.6388128
0.6214401
0.6106087
0.6028425
0.5949992
0.5870438
0.5880691
0.5935667
0.5991278
0.6047311
0.5927106
0.637871
0.6571218
0.67559
0.6933258
0.9430156
0.6697613
0.6523674
0.6348234
0.6251994
0.6196394
0.6141387
0.6085856
0.6117499
0.6194991
0.6270888
0.634505
0.6221374
0.6220621
0.6420413
0.6612298
0.6795541
0.9369678
0.669785
0.6605769
0.6516929
0.646628
0.6437154
0.6409142
0.6381792
0.641746
0.6490273
0.6561414
0.6630743
0.6475332
0.6056712
0.6264326
0.6463046
0.6652792
0.9302481
0.6692909
0.6681399
0.6674701
0.6669865
0.6664628
0.6660715
0.6658162
0.6698877
0.6766751
0.6833446
0.6898497
0.6717601
0.5887139
0.610186
0.6308403
0.9132448
0.6619093
0.6682382
0.6750234
0.6821797
0.6862482
0.687956
0.6897454
0.691608
0.6961969
0.7025962
0.7088489
0.7149583
0.6948512
0.8414694
0.5933973
0.8822116
0.9001346
0.9145687
0.666618
0.6812892
0.6959053
0.704506
0.7082268
0.7119782
0.7157654
0.7208709
0.7268928
0.7327631
0.7385083
0.7168968
0.8235389
0.8462081
0.8670189
0.886213
0.6412983
0.664443
0.6869624
0.7087305
0.7218243
0.7273556
0.7328839
0.7383963
0.7440218
0.7496742
0.7551933
0.760595
0.7378949
0.8075879
0.8325279
0.8554682
0.6086023
0.6358631
0.6677678
0.697966
0.7264344
0.7463642
0.7586731
0.7709224
0.783057
0.7856708
0.7786823
0.7708969
0.7623275
0.7333691
0.7944513
0.8220228
0.8472512
0.6016809
0.6334479
0.673601
0.7107221
0.7449765
0.7713335
0.7902732
0.8084619
0.8258623
0.8258193
0.8067669
0.7857879
0.7626972
0.7268299
0.7805819
0.8109485
0.8386186
0.8637865
0.63038
0.6788201
0.7226174
0.7622036
0.7941074
0.8185917
0.8414311
0.862704
0.8614186
0.8329138
0.8004845
0.7635443
0.7200756
0.765909
0.7993661
0.5589073
0.8569249
0.8927711
0.6834372
0.7337229
0.7782307
0.814907
0.8440157
0.8704721
0.8945281
0.892976
0.8572376
0.8150083
0.7649209
0.7131963
0.7504119
0.5174519
0.5494324
0.5797397
0.8888859
0.9434222
0.7440718
0.7931632
0.8339466
0.866874
0.8961333
0.9221256
0.9209787
0.8798413
0.8293032
0.7668464
0.7061594
1.101996
1.091936
1.048314
0.7148761
0.670956
0.9226875
0.9164687
0.9067161
0.8597427
0.8172635
0.762875
0.4383448
0.383824
0.3281458
0.2683223
0.2046383
0.1948557
0.8979797
0.8869089
1.114983
1.051944
0.6974698
0.9130692
0.6200294
0.6062689
0.5658056
0.7983439
0.749153
0.430474
0.3846709
0.3365807
0.4953658
0.2329202
0.2240178
0.9420806
0.9489266
0.8756703
1.058507
0.9863999
0.9232153
0.6096314
0.5875876
0.5539604
0.5226051
0.4842476
0.4349241
0.3933325
0.3533449
0.3108839
0.2655936
0.254204
1.182985
0.9278245
0.8398538
1.004792
0.9517016
0.9075865
0.8691431
0.8467475
0.8173037
0.787307
0.7512355
0.4474255
0.4121011
0.6213174
0.5722081
0.517288
0.2850262
0.8663531
0.8575561
1.03523
0.943678
0.9046896
0.8788193
0.8544565
0.8387224
0.5429601
0.5167778
0.4885502
0.723077
0.6884111
0.6511483
0.6102485
0.5645191
0.5361322
1.080135
0.7842661
0.9675366
0.9025055
0.6038653
0.8550234
0.8434443
0.8358129
0.8149494
0.7912747
0.765886
0.7387755
0.7099684
0.6796203
0.3966789
0.3667587
0.5760552
1.001097
0.7102931
0.9144697
0.8704312
0.8556997
0.8437997
0.8377249
0.834895
0.8179854
0.7980384
0.7768423
0.7541043
0.7299268
0.704808
0.6779008
0.3974688
0.3713122
0.9088721
0.9000534
0.866563
0.8455625
0.8408609
0.8372612
0.8353798
0.8349576
0.8215871
0.8049843
0.7875548
0.7700807
0.7508574
0.7297773
0.7083291
0.6843613
0.3984454
0.8682499
0.8663184
0.8602258
0.8551547
0.8523857
0.8496121
0.8468369
0.8443331
0.8327845
0.8194953
0.5442911
0.5530736
0.5449892
0.5097395
0.4855818
0.471617
0.4428839
0.8732053
0.8763658
0.878896
0.8796774
0.874586
0.8704761
0.5989382
0.8671171
0.8617454
0.5868021
0.61195
0.6622
0.6596338
0.5710307
0.5199561
0.5106673
0.484502
0.009735341
0.6342082
0.6423473
0.6515348
0.916837
0.9173081
0.6523764
0.6671372
0.6925417
0.703852
0.71477
0.7479708
0.7246708
0.6105189
0.5558983
0.5441431
0.5226975
0.6454129
0.6752448
0.7042741
0.9967644
0.7489173
0.7498487
0.7414774
0.7529911
0.7982959
0.8293649
0.8099638
0.765753
0.7032478
0.6164122
0.5887436
0.5763137
0.558765
0.6616027
0.7178569
0.786265
0.8407891
0.8495526
0.8361941
0.8299873
0.8460638
0.8772296
0.8961437
0.8536496
0.7531335
0.6675733
0.6196662
0.6078965
0.6054612
0.5926242
0.6728878
0.7482519
0.8413863
0.9040325
1.13885
0.8440586
0.8586984
0.8959638
0.9158073
0.9143532
0.8642948
0.7469348
0.649246
0.6289488
0.6289757
0.6344913
0.6220669
0.6684731
0.7511482
0.8452948
0.8916655
1.101799
0.8018801
0.8277786
0.8649288
0.8726292
0.8694752
0.842252
0.7581414
0.6647872
0.6501253
0.6562909
0.6630232
0.6474669
0.6470087
0.7293391
0.8014323
0.8169484
1.026131
0.7489749
0.778525
0.7939782
0.7829674
0.7727341
0.7703624
0.7360921
0.6818631
0.6766537
0.6833153
0.6897911
0.6716908
0.5999553
0.6568226
0.7011343
0.9675565
0.6885802
0.6978307
0.7263863
0.7355769
0.7248301
0.7114218
0.7106679
0.7082952
0.6986848
0.7025281
0.7087746
0.7148871
0.6947765
0.8418942
0.5980294
0.8904295
0.9045102
0.9164772
0.6708917
0.6921304
0.7078047
0.7108759
0.710031
0.71246
0.7161651
0.7209141
0.7268204
0.7326795
0.7384306
0.716835
0.8233985
0.8461531
0.8669784
0.8861695
0.6412594
0.6644063
0.6871373
0.7091625
0.7219149
0.7273057
0.7328199
0.738326
0.7439592
0.7495998
0.7551171
0.7605157
0.7378644
0.8074008
0.8324001
0.8553514
0.6085119
0.6357945
0.6677038
0.697861
0.7263221
0.7462741
0.7586178
0.7708722
0.7830053
0.7856161
0.7786285
0.7708364
0.7622764
0.7334077
0.7942514
0.8218768
0.8471148
0.6015556
0.6333558
0.6735362
0.7106475
0.7448829
0.7712452
0.7902161
0.8084115
0.8258197
0.8257795
0.8067282
0.7857593
0.7626957
0.7268849
0.7803662
0.8107706
0.8384761
0.8636741
0.6302676
0.6787443
0.722554
0.7621186
0.7940302
0.8185509
0.8414006
0.8626747
0.8613913
0.8328848
0.8004414
0.7634919
0.7200817
0.7656814
0.7992042
0.5587522
0.8567852
0.8926611
0.6833419
0.7336515
0.7781575
0.8148306
0.843977
0.8704512
0.8945096
0.8929533
0.8572176
0.8149874
0.7648843
0.7132016
0.7501845
0.5172984
0.5492809
0.5795906
0.8887657
0.9433421
0.743993
0.7930946
0.8338811
0.86681
0.8960977
0.9220962
0.9209511
0.8798272
0.8293013
0.7668529
0.7061582
3.244865
3.262278
3.26446
2.883864
2.703493
2.898757
2.940435
2.971734
2.883276
2.798673
2.724614
2.22902
2.025981
2.066136
2.064807
1.827542
1.565003
3.127952
3.16598
3.421671
3.362711
2.868965
2.89033
2.513457
2.513603
2.475594
2.738092
2.717663
2.280463
2.167434
2.168041
2.282997
1.862217
1.675791
3.083131
3.230914
3.166747
3.299331
3.175663
3.013688
2.586087
2.465749
2.395722
2.424176
2.486208
2.401735
2.228468
2.156115
2.109221
1.972358
1.740294
3.110202
3.034735
3.002637
3.06252
2.968374
2.945351
2.876225
2.729404
2.615434
2.652556
2.739445
2.434332
2.248466
2.338175
2.304508
2.199174
1.743872
2.698567
2.834658
3.062239
2.863499
2.772745
2.801679
2.806791
2.679022
2.275677
2.305954
2.339226
2.562361
2.402507
2.253202
2.220879
2.113251
1.940642
2.935103
2.762113
2.95295
2.805328
2.481414
2.719718
2.684383
2.600815
2.511546
2.482696
2.430127
2.358798
2.273265
2.217632
1.938573
1.820796
1.92686
2.747426
2.642887
2.875234
2.752232
2.725656
2.654882
2.569301
2.518842
2.470939
2.389483
2.305844
2.258241
2.219027
2.184523
2.159358
1.806343
1.686723
2.44628
2.684554
2.708865
2.601688
2.558164
2.523893
2.444812
2.391926
2.369875
2.339422
2.345173
2.391201
2.36362
2.269708
2.197413
2.115431
1.730064
2.283504
2.473317
2.535206
2.464199
2.413265
2.427441
2.431062
2.443977
2.461143
2.444131
2.249195
2.410569
2.448422
2.283154
2.078596
1.992598
1.874453
2.398524
2.508999
2.570032
2.560661
2.538072
2.592571
2.401281
2.743984
2.805807
2.493531
2.487663
2.659826
2.759889
2.555425
2.207877
2.070003
1.981316
1.752145
2.544418
2.649734
2.694241
2.955186
2.957597
2.683581
2.695068
2.781827
2.817842
2.747955
2.777184
2.83527
2.633023
2.28905
2.073618
1.943722
2.530874
2.786276
2.985717
3.332935
3.078096
3.014407
2.873342
2.752296
2.795524
2.90243
2.878029
2.778063
2.715658
2.538697
2.302264
2.099264
1.881554
2.522368
2.791373
3.071306
3.223779
3.18329
3.032856
2.854371
2.732756
2.734465
2.812757
2.826669
2.705465
2.560552
2.404727
2.24049
2.081874
1.854749
2.502149
2.741099
3.011215
3.185516
3.339979
2.824656
2.643156
2.608697
2.61235
2.641077
2.678598
2.608088
2.434269
2.274469
2.145622
2.002203
1.784458
2.53684
2.734128
2.934881
3.061292
3.195393
2.671361
2.481497
2.411584
2.365978
2.359956
2.436659
2.476372
2.358837
2.161525
2.041941
1.903478
1.669041
2.397886
2.623741
2.764209
2.814617
2.987274
2.58454
2.448298
2.336092
2.200377
2.068563
2.117583
2.261776
2.275655
2.092443
1.942821
1.824417
1.605142
2.127335
2.294328
2.435848
2.734075
2.462399
2.44339
2.390004
2.348657
2.258429
2.040826
1.900906
2.031843
2.130721
2.027097
1.85999
1.766745
1.623776
2.203121
2.028102
2.415685
2.462444
2.485876
2.248691
2.234101
2.268833
2.273037
2.154059
1.940603
1.871201
1.975766
1.973781
1.846088
1.758879
1.696317
1.933169
2.042736
2.1582
2.236132
2.021584
2.041658
2.018508
2.05654
2.092472
2.064105
1.945353
1.796431
1.809594
1.868777
1.816282
1.779682
1.867847
1.623014
1.732754
1.848376
1.685203
1.75796
1.806954
1.799075
1.780731
1.804443
1.824953
1.812872
1.741683
1.666705
1.659315
1.641841
1.654452
1.81952
1.368225
1.437808
1.513738
1.345546
1.430099
1.530907
1.581908
1.549381
1.553491
1.585404
1.625302
1.633074
1.56923
1.4952
1.450814
1.454227
1.552253
1.158236
1.216638
1.249709
1.295326
1.116663
1.240008
1.347366
1.375877
1.402073
1.435563
1.477778
1.515565
1.488806
1.397587
1.304671
1.289829
1.321021
1.008407
1.052533
0.7998037
1.084616
1.143795
0.9938717
1.114881
1.208816
1.281632
1.341902
1.384091
1.417771
1.409789
1.335121
1.247925
1.225938
1.230585
0.9146628
0.6756163
0.6935956
0.7077507
1.011326
1.091556
0.9418884
1.050699
1.142608
1.230307
1.293087
1.334831
1.340947
1.299944
1.244665
1.19244
1.138505
5.317937
5.351981
5.405341
4.969032
4.64135
4.813182
4.905679
4.972969
4.860756
4.764202
4.682037
4.012727
3.674174
3.85159
4.03028
3.825272
3.46613
5.419514
5.483554
5.799117
5.780542
5.133005
4.996731
4.577793
4.581534
4.52864
4.839135
4.884433
4.358108
4.191909
4.290263
4.469962
4.017271
3.793449
5.480024
5.773277
5.772651
5.90925
5.714319
5.444377
4.899871
4.635097
4.486137
4.580616
4.772597
4.702063
4.455033
4.382471
4.39108
4.285164
4.001335
5.356215
5.512933
5.619348
5.620398
5.451314
5.398994
5.269023
4.969599
4.743319
4.829148
5.036569
4.758391
4.468583
4.480726
4.520933
4.483291
3.96241
4.724978
5.08181
5.452391
5.163983
4.966855
5.005608
5.050317
4.843171
4.338118
4.412945
4.508558
4.749928
4.496634
4.249243
4.256678
4.191483
3.999863
4.841406
4.823238
5.072167
4.83187
4.433076
4.650815
4.644764
4.558203
4.444395
4.442703
4.411803
4.328976
4.171548
4.059254
3.78884
3.665553
3.756012
4.479168
4.534942
4.790052
4.572594
4.502231
4.398818
4.303634
4.28644
4.276195
4.198144
4.108336
4.025445
3.928721
3.846237
3.813839
3.448006
3.306214
3.964878
4.407008
4.458583
4.253882
4.179519
4.14938
4.053599
4.025819
4.061771
4.039091
4.02098
4.069484
4.012053
3.832223
3.705043
3.617722
3.22515
3.775717
4.071184
4.158161
4.02178
3.944752
3.984162
4.025175
4.106507
4.169297
4.086404
3.87794
4.139663
4.204244
3.924222
3.574891
3.470815
3.377296
4.080649
4.210199
4.304447
4.271513
4.193835
4.249945
4.108912
4.518203
4.627387
4.243936
4.168111
4.446063
4.636868
4.323195
3.743158
3.550888
3.53403
3.727191
4.632978
4.783444
4.782749
4.926265
4.846197
4.511813
4.482965
4.613051
4.647358
4.482035
4.525153
4.671802
4.385483
3.81415
3.500132
3.441017
4.714404
5.100222
5.328961
5.605495
5.2381
5.032668
4.704931
4.413841
4.44102
4.602746
4.545841
4.402689
4.361399
4.105114
3.714694
3.442226
3.243451
4.649649
4.974631
5.304219
5.435809
5.264965
4.896104
4.473225
4.179927
4.136348
4.250479
4.284387
4.136136
3.959954
3.726747
3.475031
3.290787
3.081128
4.53126
4.715129
5.031501
5.234703
5.233248
4.399631
3.953799
3.809628
3.766897
3.797248
3.881738
3.832565
3.614266
3.371665
3.184765
3.044366
2.866442
4.538096
4.622623
4.81324
4.966895
4.951035
4.08094
3.59833
3.396997
3.272315
3.243915
3.38188
3.49722
3.368542
3.077236
2.915243
2.798739
2.606581
4.20582
4.379647
4.500249
4.555316
4.641802
3.986494
3.567392
3.280067
2.982118
2.739604
2.836587
3.099241
3.172264
2.920748
2.726532
2.651353
2.46599
3.802554
3.821446
3.99076
4.317772
4.053613
3.879504
3.587469
3.430057
3.173651
2.724343
2.496264
2.748605
2.949611
2.823825
2.598315
2.550537
2.459601
3.9075
3.53809
3.916579
3.987916
4.024256
3.67587
3.457801
3.45943
3.383852
3.073405
2.644548
2.555353
2.761029
2.782706
2.608003
2.554475
2.581348
3.585238
3.576294
3.682622
3.758451
3.514264
3.413074
3.185548
3.201922
3.230033
3.112835
2.809159
2.51985
2.564831
2.691125
2.627229
2.632823
2.928327
3.186944
3.232927
3.312742
3.122865
3.15213
3.085724
2.873196
2.756752
2.782995
2.796884
2.707879
2.510595
2.358355
2.362535
2.360939
2.435434
2.870094
2.845927
2.841723
2.82178
2.612872
2.668734
2.710789
2.589844
2.371955
2.346855
2.391004
2.430946
2.401183
2.258231
2.108538
2.010628
2.047248
2.331374
2.537654
2.543
2.460961
2.421335
2.200469
2.317615
2.3243
2.158734
2.137032
2.164864
2.215844
2.268524
2.215227
2.036933
1.80678
1.761801
1.878742
2.340285
2.348441
2.010001
2.195086
2.178234
2.017987
2.136109
2.109427
2.068119
2.106848
2.129595
2.152346
2.143332
2.049453
1.862255
1.746959
1.802987
2.265042
1.990011
1.953066
1.888945
2.112914
2.161594
2.040967
2.107839
2.053103
2.054367
2.062046
2.06183
2.063664
2.067182
2.010285
1.856859
1.758469
6.93411
7.011578
7.148031
6.65588
6.224691
6.423489
6.581983
6.707058
6.596423
6.514552
6.441279
5.629022
5.291581
5.77401
6.283277
6.192095
5.742038
7.266215
7.38297
7.803915
7.808745
7.026729
6.798086
6.343192
6.363788
6.346738
6.752998
6.831444
6.17677
5.990948
6.254078
6.567712
6.168741
5.940153
7.526421
7.999656
8.106984
8.241322
7.99701
7.69172
7.032476
6.618589
6.457309
6.705222
7.053896
6.967007
6.621985
6.551529
6.642686
6.600952
6.270367
7.427609
7.90017
8.197554
8.128656
7.91494
7.934661
7.777391
7.306722
7.012866
7.241158
7.628734
7.38212
6.963683
6.885498
7.015802
7.067145
6.485548
6.740695
7.446192
8.022936
7.640039
7.376898
7.561916
7.754329
7.494198
6.910831
7.100585
7.319952
7.58394
7.217336
6.865424
6.93129
6.933836
6.721931
6.838501
7.077021
7.439659
7.122268
6.704632
7.053602
7.243163
7.258926
7.17986
7.275753
7.313809
7.220661
6.983405
6.807879
6.558796
6.441453
6.503828
6.369647
6.615565
6.915829
6.637628
6.592879
6.596606
6.667697
6.843634
6.985796
6.993961
6.93439
6.809772
6.660024
6.535289
6.496556
6.117574
5.937293
5.717212
6.297608
6.359161
6.103938
6.080164
6.174568
6.213562
6.371728
6.603226
6.677008
6.656374
6.697617
6.606812
6.332726
6.151884
6.066496
5.645077
5.46473
5.768262
5.866208
5.718298
5.697477
5.869544
6.074983
6.348441
6.559073
6.489941
6.329184
6.725937
6.802798
6.354534
5.831673
5.731966
5.638045
5.962812
6.049869
6.167257
6.132336
6.043573
6.168608
6.171072
6.765925
7.025743
6.651461
6.571083
7.008348
7.287354
6.78112
5.876426
5.6489
5.696715
5.996619
7.022769
7.21345
7.158847
7.204328
7.054665
6.683924
6.703304
6.996344
7.105753
6.88128
6.983737
7.228334
6.779757
5.868719
5.441401
5.455415
7.152177
7.704609
8.031205
8.301737
7.846785
7.506314
6.986397
6.547917
6.641129
6.927596
6.87698
6.71452
6.68615
6.283667
5.661551
5.282772
5.08404
6.947285
7.361584
7.797431
8.010253
7.795578
7.240645
6.586448
6.131091
6.082373
6.294479
6.400835
6.243783
6.005168
5.638658
5.249771
5.001475
4.768532
6.678328
6.820739
7.205348
7.50591
7.434561
6.356052
5.660244
5.432742
5.390198
5.486762
5.692383
5.69567
5.385992
5.005855
4.737971
4.571618
4.368961
6.634216
6.618588
6.799332
7.002884
6.896283
5.7372
4.962936
4.663549
4.510517
4.521827
4.799005
5.042152
4.878187
4.434091
4.221301
4.107878
3.873375
6.128341
6.210458
6.332579
6.403763
6.422483
5.516521
4.810184
4.365901
3.932869
3.641718
3.863873
4.300367
4.434868
4.054279
3.799892
3.762857
3.527248
5.607155
5.424926
5.647645
6.019986
5.714435
5.333278
4.832497
4.570639
4.138785
3.481632
3.243862
3.677399
3.985137
3.785039
3.453309
3.443245
3.350202
5.613096
5.090581
5.4835
5.588272
5.576352
5.055181
4.682108
4.668521
4.500759
3.97497
3.35822
3.323481
3.642921
3.640842
3.357395
3.337613
3.429221
5.187256
5.092711
5.199565
5.288145
4.993679
4.725082
4.332026
4.366541
4.391679
4.15618
3.643653
3.255528
3.358276
3.51716
3.415147
3.474596
3.952152
4.721753
4.70579
4.749748
4.551542
4.543416
4.326859
3.917378
3.776016
3.835358
3.832406
3.62771
3.28875
3.080554
3.105929
3.126737
3.263431
3.930207
4.277466
4.192489
4.104345
3.892974
3.94159
3.897096
3.580661
3.23336
3.228101
3.304335
3.334868
3.240134
3.000049
2.774194
2.637761
2.710473
3.150755
3.800632
3.739197
3.584779
3.52139
3.304818
3.423562
3.302591
2.966144
2.955041
3.015869
3.087223
3.133942
3.018945
2.718523
2.325034
2.254634
2.42868
3.458676
3.410956
3.012922
3.15784
3.135881
3.027981
3.161519
3.039378
2.940705
2.978457
2.977957
2.972322
2.949532
2.790602
2.430339
2.223222
2.31593
3.343249
3.003688
2.914563
2.799301
2.995152
3.079618
3.02135
3.077604
2.940853
2.884727
2.837056
2.796604
2.802887
2.819786
2.675308
2.380221
2.253038
8.782344
9.000642
9.239347
8.599052
8.04214
8.335849
8.6505
8.878525
8.775642
8.726019
8.745591
7.933889
7.756636
8.747319
9.768341
9.826982
9.199548
9.386649
9.577459
10.08697
10.05684
9.119408
8.811641
8.351058
8.439795
8.488951
8.997543
9.09109
8.344158
8.273051
8.922499
9.596073
9.373294
9.170945
9.856236
10.48094
10.63433
10.73189
10.42606
10.02438
9.198501
8.672336
8.559754
9.005827
9.493977
9.350874
8.931634
9.006557
9.365161
9.536488
9.236912
9.803877
10.55833
10.95476
10.75463
10.49812
10.52387
10.24845
9.594172
9.272281
9.704573
10.2885
10.0283
9.435035
9.316908
9.660007
9.897427
9.30487
9.028033
10.10011
10.81723
10.27682
9.981204
10.30787
10.55866
10.16293
9.523687
9.883653
10.24459
10.48293
9.927463
9.465369
9.670286
9.809444
9.591352
8.99143
9.574459
10.08896
9.683973
9.308558
9.850701
10.21168
10.2653
10.22458
10.44928
10.55074
10.40597
10.01845
9.743561
9.561082
9.495542
9.534038
8.326973
8.907537
9.356699
9.065111
9.133775
9.333137
9.614478
9.992944
10.31625
10.44806
10.42146
10.25592
10.03514
9.819324
9.760255
9.389049
9.191644
7.516001
8.392812
8.608016
8.366929
8.477026
8.798788
9.060828
9.47947
9.952229
10.1149
10.09928
10.24422
10.19663
9.817794
9.574872
9.522059
9.105401
7.17886
7.712456
7.970556
7.885235
7.977827
8.369726
8.822677
9.354874
9.735223
9.663367
9.604965
10.29722
10.5313
9.993382
9.338453
9.308353
9.250379
7.924743
8.173671
8.40023
8.376102
8.333915
8.630534
8.876057
9.737031
10.18954
9.825104
9.784023
10.51937
11.04554
10.46123
9.303292
9.149437
9.323311
8.720839
9.914468
10.11691
9.95322
9.927217
9.803511
9.502712
9.67574
10.20386
10.4024
10.1296
10.37328
10.82976
10.29624
9.094848
8.672639
8.841841
10.36042
11.17947
11.61872
11.7872
11.21188
10.75081
10.08913
9.572438
9.792047
10.22046
10.16173
9.987404
10.00645
9.46305
8.621196
8.226091
8.105599
10.03031
10.70545
11.38337
11.70453
11.39073
10.60069
9.730472
9.148771
9.123431
9.436365
9.58681
9.365174
9.018677
8.47888
7.926973
7.654176
7.45936
9.436633
9.694475
10.32686
10.85306
10.72124
9.341587
8.367783
8.08478
8.079153
8.255256
8.585876
8.585591
8.090734
7.510256
7.126828
6.929927
6.734086
9.202646
9.165483
9.488088
9.878505
9.717609
8.221531
7.088536
6.700186
6.557771
6.640959
7.108954
7.490693
7.225058
6.548873
6.27143
6.159006
5.885046
8.501894
8.494303
8.715745
8.888946
8.835576
7.624821
6.542757
5.923917
5.368072
5.066058
5.487602
6.156529
6.345335
5.782091
5.471014
5.503133
5.203948
7.839184
7.458405
7.764859
8.207161
7.840374
7.19422
6.417211
6.025089
5.385659
4.512876
4.32763
5.003861
5.434836
5.138231
4.696033
4.762624
4.676942
7.559058
6.944632
7.378099
7.523787
7.445553
6.719703
6.166577
6.118997
5.811387
5.003734
4.209388
4.286195
4.743728
4.705119
4.301955
4.343493
4.524985
6.938918
6.793643
6.918419
7.029975
6.682694
6.210111
5.630425
5.687454
5.6846
5.26338
4.50319
4.051679
4.246218
4.441012
4.285098
4.40102
5.080267
6.43396
6.358958
6.354734
6.135914
6.076734
5.658329
5.011935
4.875597
4.983727
4.926369
4.552622
4.068267
3.833784
3.891348
3.932045
4.141899
5.05887
5.952161
5.787179
5.617712
5.375671
5.381352
5.161731
4.581242
4.144306
4.191877
4.279786
4.261257
4.073326
3.732565
3.441773
3.293646
3.435389
4.073238
5.31969
5.217873
5.001174
4.904937
4.678432
4.734894
4.419178
3.891658
3.888658
3.962363
4.026268
4.043199
3.840618
3.392305
2.85723
2.810496
3.067937
4.778485
4.72083
4.297562
4.430621
4.429143
4.361584
4.483584
4.251857
4.054154
4.041939
3.98739
3.927676
3.864489
3.604803
3.052346
2.767194
2.922017
4.532093
4.167037
4.065962
3.958071
4.184164
4.333058
4.324762
4.345038
4.119349
3.979096
3.845885
3.738009
3.73102
3.736058
3.479167
3.033281
2.902464
10.61474
10.94023
11.26071
10.42038
9.631477
9.977861
10.45973
10.79786
10.70539
10.69356
10.86063
10.1611
10.18295
11.69875
13.27678
13.49064
12.68291
11.50809
11.82974
12.48026
12.39711
11.15604
10.62619
10.13455
10.30583
10.4267
11.01545
11.14162
10.36579
10.49196
11.61481
12.7397
12.7266
12.56009
12.11306
12.96747
13.24555
13.31936
12.86741
12.25607
11.20757
10.55208
10.4737
11.06545
11.66669
11.50274
11.10033
11.42668
12.1374
12.60881
12.43204
12.00743
13.08994
13.63959
13.34501
13.02735
12.98652
12.52182
11.63371
11.26248
11.8887
12.67357
12.4137
11.69379
11.63198
12.27773
12.79809
12.3067
11.0952
12.54639
13.41566
12.75538
12.42564
12.81265
13.00112
12.41561
11.73633
12.31232
12.86001
13.06182
12.31139
11.82521
12.28358
12.65959
12.50014
10.85668
11.80805
12.48735
11.99017
11.63665
12.30527
12.72398
12.76243
12.79504
13.1944
13.37962
13.14827
12.57893
12.27513
12.26504
12.33458
12.39182
9.927561
10.87081
11.49401
11.18176
11.32432
11.65824
12.10133
12.67963
13.2185
13.48159
13.43784
13.16629
12.83704
12.54696
12.52615
12.23645
12.07881
8.925704
10.13189
10.5401
10.31929
10.52044
11.02321
11.54382
12.29318
13.03253
13.21652
13.15901
13.35888
13.27347
12.73048
12.42281
12.44533
12.09351
8.525827
9.344008
9.778036
9.762603
9.978888
10.58672
11.30697
12.14705
12.70134
12.64054
12.73735
13.72478
14.05105
13.3448
12.49832
12.51475
12.53258
9.427426
9.907457
10.23752
10.28209
10.35087
10.85889
11.37494
12.52372
13.18607
12.90681
13.04062
14.17063
14.98804
14.30325
12.84565
12.72798
13.0392
10.89136
12.20858
12.41303
12.22185
12.21645
12.22486
12.10901
12.52548
13.35363
13.72643
13.55814
14.1327
14.95002
14.3909
12.9218
12.51637
12.84896
13.32883
14.30832
14.76435
14.83456
14.2044
13.71452
13.01203
12.54912
13.03523
13.73201
13.80323
13.80365
14.05272
13.46911
12.49887
12.16018
12.13457
13.34213
14.24852
15.09005
15.45653
15.03944
14.06253
13.03728
12.392
12.48776
13.03438
13.35632
13.19872
12.86896
12.24371
11.65672
11.4704
11.34781
12.69753
13.11425
14.0152
14.77606
14.58752
12.93475
11.73737
11.43254
11.4995
11.83346
12.37025
12.41543
11.77158
11.02665
10.61559
10.49314
10.36353
12.31532
12.29116
12.84386
13.5336
13.41424
11.64871
10.20127
9.759142
9.650047
9.849896
10.58178
11.14036
10.75319
9.818432
9.512572
9.449723
9.17362
11.38742
11.28213
11.69778
12.10477
12.10816
10.67999
9.284187
8.561661
7.921587
7.629861
8.326606
9.314963
9.582104
8.796429
8.424115
8.538815
8.170752
10.55471
9.976415
10.42095
10.99471
10.68468
9.819331
8.829565
8.424378
7.665726
6.586968
6.493325
7.533002
8.151586
7.746854
7.171885
7.328417
7.242617
9.929494
9.288618
9.813202
10.03495
9.914087
8.98441
8.285688
8.31667
7.968749
6.907309
5.943116
6.215519
6.912135
6.851033
6.294444
6.405601
6.708918
9.075938
8.966643
9.175458
9.355391
8.959444
8.224504
7.442496
7.601245
7.643871
7.056427
6.045724
5.570582
5.937985
6.189057
5.916704
6.058907
7.040858
8.505151
8.421254
8.420887
8.250924
8.159166
7.478117
6.542573
6.442534
6.644417
6.545402
5.984724
5.357068
5.114167
5.202104
5.218906
5.478921
6.758678
8.022326
7.739071
7.487396
7.274419
7.267281
6.859896
5.973261
5.418037
5.527621
5.624723
5.537281
5.232911
4.768597
4.399035
4.225748
4.44728
5.392301
7.297585
7.073017
6.732681
6.599715
6.377273
6.382613
5.879344
5.119722
5.075956
5.141104
5.175209
5.133966
4.804891
4.175685
3.503838
3.511482
3.911506
6.60014
6.462622
5.94299
6.011858
6.002246
5.967968
6.063318
5.69291
5.34885
5.252509
5.118847
4.977141
4.838415
4.444778
3.69369
3.364962
3.616349
6.224133
5.796947
5.638917
5.491117
5.684553
5.841796
5.848079
5.782985
5.42522
5.176014
4.932995
4.737231
4.69886
4.666884
4.288134
3.730364
3.626777
12.14555
12.35016
12.5214
11.42972
10.5923
11.05745
11.74792
12.18815
12.0408
12.04287
12.41628
11.90831
12.1613
14.18337
16.34478
16.82709
15.92954
13.31072
13.67458
14.38589
14.25893
12.74657
11.93079
11.3933
11.64715
11.84916
12.53397
12.73901
11.96232
12.26726
13.87457
15.52003
15.8473
15.82391
13.99022
15.10014
15.58004
15.68299
15.10871
14.26569
12.92555
12.01699
11.95048
12.68189
13.37533
13.19513
12.81413
13.43603
14.57856
15.468
15.56588
13.75842
15.22499
16.05552
15.76456
15.43758
15.34904
14.63075
13.37112
12.85344
13.62497
14.57805
14.32339
13.50847
13.54498
14.5412
15.42801
15.20572
12.72716
14.56006
15.67624
14.99745
14.66863
15.10429
15.1822
14.34711
13.56975
14.318
15.01153
15.17678
14.27245
13.7772
14.50662
15.18577
15.21283
12.35343
13.61314
14.47985
13.98095
13.66003
14.40106
14.82944
14.84293
14.95459
15.51664
15.74827
15.44004
14.72287
14.39584
14.55776
14.79067
14.9282
11.21872
12.41877
13.20529
12.92195
13.11473
13.50641
14.04415
14.82158
15.62341
16.03434
15.94464
15.58296
15.18488
14.83815
14.85204
14.646
14.54799
10.05169
11.46736
11.9969
11.80375
12.04903
12.63904
13.36793
14.47762
15.49523
15.67169
15.56046
15.81728
15.70692
15.0549
14.73172
14.83989
14.56955
9.565895
10.5429
11.06857
11.0756
11.32353
12.05142
13.01086
14.14316
14.87118
14.84077
15.09557
16.35325
16.75379
15.89963
14.92745
15.0486
15.1837
10.42594
11.04403
11.45218
11.51889
11.60848
12.21232
12.91678
14.29741
15.1555
15.03718
15.43292
16.96453
18.04297
17.22461
15.50609
15.5369
16.03318
12.15162
13.54167
13.77872
13.58458
13.57209
13.636
13.64219
14.26165
15.35389
15.94708
16.03992
17.07039
18.25866
17.6081
15.87622
15.61967
16.17097
15.13418
16.17624
16.65645
16.70159
16.03431
15.49237
14.75271
14.40413
15.18007
16.16978
16.50832
16.88608
17.45789
16.79451
15.71695
15.53957
15.67601
15.63387
16.6192
17.56192
17.98858
17.4994
16.31549
15.10726
14.47897
14.82339
15.70132
16.30773
16.39683
16.22537
15.56968
15.03012
15.02542
15.05817
15.2796
15.72519
16.82748
17.791
17.53381
15.55729
14.07418
13.75532
13.99845
14.65213
15.52325
15.72673
15.04918
14.27148
13.99073
14.0964
14.15425
15.03399
14.96859
15.75331
16.7609
16.66391
14.56453
12.72212
12.19284
12.14616
12.60523
13.72109
14.50839
14.02038
12.95904
12.8196
12.99547
12.86585
14.15166
13.90436
14.55873
15.29103
15.4162
13.74228
11.94901
11.08406
10.34185
10.11482
11.17102
12.52708
12.86156
11.91043
11.65361
12.00107
11.6738
13.36554
12.59713
13.18984
13.99179
13.85932
12.82714
11.56478
11.08075
10.12716
8.828557
8.905113
10.39001
11.23988
10.75325
10.13797
10.48877
10.47954
12.50453
11.86611
12.47715
12.84613
12.81384
11.78607
10.92873
11.01562
10.56458
9.168756
8.042271
8.602646
9.653143
9.655049
9.00725
9.24456
9.719159
11.452
11.41167
11.71451
11.99125
11.64768
10.75259
9.805757
10.12947
10.29189
9.503475
8.135689
7.624653
8.271606
8.700592
8.387717
8.599907
9.970554
10.77594
10.70934
10.75295
10.68191
10.63596
9.780625
8.600808
8.602091
9.043157
8.980867
8.184213
7.335696
7.089519
7.267194
7.315434
7.709094
9.512577
10.26931
9.886217
9.608279
9.491801
9.541522
9.064289
7.926087
7.246978
7.517086
7.756892
7.690741
7.281897
6.66805
6.173787
5.954206
6.356354
7.780377
9.498692
9.16938
8.755939
8.639887
8.490024
8.547597
7.956918
6.970634
6.877038
7.023949
7.134742
7.112071
6.683382
5.849969
4.947886
5.047725
5.709911
8.728053
8.522876
7.945974
7.990522
8.011517
8.081917
8.232079
7.778936
7.296906
7.122868
6.95248
6.790571
6.638339
6.140242
5.130072
4.768055
5.190807
8.284826
7.802354
7.610478
7.452511
7.622542
7.787025
7.849908
7.757713
7.332028
7.016346
6.674907
6.41758
6.380502
6.351121
5.847692
5.145595
5.020484
13.34486
13.18636
12.96357
11.57702
10.72544
11.34997
12.18323
12.64606
12.39377
12.37305
12.98209
12.89801
13.58655
16.14949
18.90763
19.70394
18.82933
14.89976
15.18003
15.66375
15.21791
13.36091
12.38936
11.96772
12.30616
12.48573
13.19884
13.57611
12.96721
13.54004
15.6047
17.79691
18.5191
18.73376
15.65258
16.96187
17.46086
17.44681
16.74889
15.72038
14.16924
13.02963
12.90236
13.75066
14.61645
14.43578
14.06705
14.98856
16.57283
17.90111
18.31487
15.30624
17.11213
18.18297
17.86469
17.51703
17.42779
16.55116
14.91827
14.13171
14.98993
16.11235
15.86176
14.94239
15.06056
16.38991
17.63281
17.72008
14.27404
16.40447
17.74192
17.01724
16.63287
17.16367
17.2178
16.11566
15.13983
15.97393
16.82104
16.97324
15.90417
15.33717
16.28532
17.26931
17.58115
13.87881
15.32501
16.28777
15.72801
15.40221
16.22409
16.69403
16.67318
16.81833
17.50561
17.81394
17.43196
16.53062
16.10141
16.37371
16.80407
17.14534
12.63138
13.93665
14.7354
14.41244
14.62574
15.06417
15.67409
16.62724
17.68574
18.25719
18.13672
17.66046
17.14654
16.69352
16.7162
16.63339
16.68164
11.32537
12.80279
13.30783
13.06279
13.32147
13.96857
14.84155
16.23293
17.5057
17.70572
17.56754
17.873
17.73612
16.98498
16.63264
16.8287
16.67332
10.74898
11.73129
12.23024
12.19012
12.41937
13.205
14.3089
15.64978
16.52431
16.55832
17.00093
18.54232
19.06913
18.10532
16.98924
17.1979
17.44531
11.61824
12.18833
12.56556
12.5799
12.59722
13.20168
14.00937
15.55382
16.59931
16.66903
17.33927
19.298
20.6953
19.77743
17.79197
17.96808
18.62486
13.57267
14.93957
15.13774
14.86478
14.71503
14.66445
14.65193
15.42126
16.78974
17.63608
18.01995
19.5264
21.11132
20.38484
18.40458
18.31454
19.05628
16.9368
17.99616
18.48479
18.4786
17.68252
16.90654
15.93986
15.61639
16.68656
18.00985
18.67362
19.45796
20.35072
19.61824
18.4663
18.47738
18.75871
17.80431
18.79893
19.80795
20.29709
19.70341
18.17941
16.61473
15.89931
16.46907
17.72235
18.69214
19.07058
19.05777
18.38266
17.94603
18.17278
18.35202
17.7356
18.10418
19.31274
20.44637
20.14553
17.81229
15.87052
15.4118
15.80168
16.82471
18.11467
18.53614
17.83696
17.05624
16.98851
17.40996
17.64419
17.59545
17.45171
18.35856
19.56904
19.47288
17.10555
14.75576
13.99446
13.98619
14.75356
16.33796
17.40641
16.84359
15.70281
15.84256
16.38331
16.41008
16.73128
16.41743
17.22018
18.1567
18.30026
16.45581
14.24873
13.11815
12.23767
12.10453
13.57339
15.33166
15.75166
14.70027
14.69497
15.39411
15.13699
15.87924
15.14687
15.87472
16.81899
16.76867
15.5535
13.98239
13.30266
12.1466
10.73983
11.06245
12.96275
14.03445
13.5032
12.97966
13.65425
13.76704
14.83521
14.33318
15.07493
15.59136
15.60709
14.41838
13.33107
13.32404
12.68913
11.05719
9.932644
10.85457
12.21582
12.28327
11.62479
12.09145
12.78809
13.72024
13.78998
14.20643
14.61166
14.35726
13.31102
12.15268
12.47731
12.59426
11.5399
9.933446
9.552159
10.53671
11.11859
10.7668
11.09702
12.90863
13.04725
12.99609
13.10896
13.18704
13.27341
12.35952
10.96171
10.88457
11.37942
11.1977
10.14023
9.177366
9.035448
9.330773
9.400768
9.958576
12.35712
12.52882
12.07113
11.81427
11.85869
12.08754
11.67216
10.36855
9.490551
9.761673
10.04652
9.921025
9.38302
8.63443
8.020226
7.77954
8.451893
10.43709
11.71916
11.32508
10.90445
10.88039
10.90968
11.12766
10.53732
9.355606
9.145991
9.343201
9.514285
9.479269
8.910632
7.794382
6.654353
6.962859
7.988165
10.94276
10.70934
10.1173
10.19422
10.32355
10.55871
10.81475
10.32707
9.741228
9.499159
9.329122
9.213233
9.078894
8.393688
7.01779
6.677859
7.394212
10.53595
10.04668
9.841009
9.694075
9.890676
10.09924
10.25961
10.22659
9.825679
9.522749
9.118265
8.816739
8.829482
8.798846
8.104816
7.235173
7.092701
14.56544
13.75143
13.18014
11.59624
10.7281
11.37589
12.26398
12.71945
12.41566
12.39365
13.04878
13.11199
14.18988
17.47886
21.02573
22.17551
21.29412
16.75049
16.80325
16.98763
16.10251
13.78444
12.48844
12.0415
12.40396
12.56052
13.27533
13.70929
13.20436
14.06607
16.69927
19.6332
20.82093
21.17564
17.62239
19.08885
19.59303
19.36499
18.47594
17.17516
15.0884
13.38074
13.21611
14.15736
15.15593
15.01312
14.72391
16.06742
18.21811
19.96215
20.54188
17.3202
19.39672
20.72035
20.29971
19.8079
19.69206
18.55342
16.27163
15.03239
15.92619
17.28848
17.07345
16.0245
16.27496
17.95556
19.49358
19.78477
16.54601
18.87436
20.35265
19.4988
18.90116
19.46561
19.49883
18.0479
16.69602
17.50052
18.57707
18.69853
17.40726
16.72189
17.83165
19.06015
19.57776
16.1591
17.78432
18.69267
17.94446
17.47306
18.26146
18.74343
18.66468
18.78023
19.54264
19.93873
19.47373
18.36224
17.75522
18.05153
18.6039
19.05638
14.76857
16.2261
16.92502
16.38543
16.47051
16.82338
17.43199
18.53343
19.83719
20.56391
20.37227
19.78313
19.15288
18.54366
18.51128
18.46193
18.5491
13.30574
14.90211
15.327
14.84101
14.93789
15.521
16.42613
18.02456
19.52214
19.73487
19.55825
19.95427
19.81269
18.94153
18.49337
18.67594
18.55454
12.5814
13.64695
14.10918
13.88833
13.89523
14.56911
15.70447
17.17688
18.16898
18.24533
18.87988
20.74148
21.43203
20.37283
19.05089
19.2431
19.5304
13.38123
14.06024
14.49296
14.43406
14.18383
14.52776
15.27487
16.90647
18.09291
18.29856
19.21398
21.60363
23.34806
22.3625
20.05575
20.29003
21.04585
15.44644
17.01023
17.30958
17.04091
16.69935
16.34082
16.03404
16.75957
18.33651
19.38028
19.99589
21.92086
23.87882
23.08585
20.82566
20.83816
21.71313
19.00174
20.28034
20.89429
20.93898
20.12652
19.13924
17.71314
17.09812
18.34217
19.95344
20.86417
21.9398
23.07213
22.26822
21.03161
21.18637
21.57343
20.01874
21.19304
22.35711
23.0236
22.49975
20.77226
18.70715
17.6308
18.27857
19.8364
21.08882
21.64557
21.70919
21.00112
20.64812
21.07068
21.36323
19.95458
20.48742
21.90932
23.31044
23.1363
20.68929
18.2263
17.34653
17.74466
19.06258
20.71194
21.27891
20.48514
19.67988
19.79033
20.47573
20.82452
19.70486
19.74555
20.94265
22.47107
22.50861
20.11741
17.3698
16.07798
15.90693
16.94304
18.98796
20.30819
19.59761
18.32994
18.7059
19.53239
19.6266
18.75256
18.64207
19.77265
21.04954
21.36052
19.55994
17.12433
15.55054
14.24538
14.103
16.01321
18.1852
18.64363
17.41491
17.58599
18.56048
18.29917
17.73697
17.2697
18.34544
19.58333
19.7597
18.5461
16.86899
15.98843
14.46548
12.77369
13.28636
15.60422
16.85295
16.22268
15.72372
16.66265
16.85318
16.60672
16.3488
17.38171
18.18373
18.37347
17.18006
16.06804
16.02877
15.16015
13.17475
11.95216
13.19833
14.81467
14.87861
14.16264
14.84377
15.75316
15.53419
15.72623
16.35314
16.97009
16.91364
15.91385
14.72039
15.06777
15.09773
13.75887
11.91118
11.63876
12.88144
13.51999
13.0918
13.52706
15.77509
14.93513
14.92519
15.11084
15.37137
15.65307
14.86295
13.43157
13.31494
13.80941
13.50982
12.29068
11.28065
11.21113
11.55069
11.59019
12.24938
15.20331
14.41277
13.97715
13.78113
13.9651
14.37106
14.11752
12.87864
11.95401
12.17808
12.4775
12.34009
11.75831
10.91685
10.16553
9.825942
10.66119
13.18771
13.57687
13.23952
12.90097
12.9771
13.14107
13.51821
13.04553
11.8829
11.62683
11.80537
12.01749
12.01849
11.40309
10.04696
8.720181
9.248972
10.59506
12.80155
12.63748
12.13502
12.30217
12.5045
12.87225
13.23177
12.79405
12.22337
11.99186
11.82472
11.75691
11.63659
10.72546
9.13216
8.979869
9.975495
12.43828
11.99665
11.86641
11.78364
12.03654
12.3126
12.54822
12.57514
12.25487
12.04975
11.65954
11.30794
11.32579
11.17486
10.29051
9.383053
9.350372
15.90257
14.55316
13.53251
11.608
10.73096
11.37509
12.26515
12.72098
12.41896
12.40222
13.05799
13.12861
14.28762
17.91527
22.06176
23.63153
22.6145
18.40207
18.43422
18.20086
17.01717
14.32493
12.63224
12.05748
12.41301
12.57143
13.282
13.71747
13.23382
14.19058
17.10754
20.52117
22.16989
22.6748
19.28103
20.97495
21.50018
21.50093
20.44771
18.69032
15.75188
13.40034
13.23692
14.23621
15.28815
15.12718
14.92005
16.56811
19.14611
21.32228
22.10596
18.96418
21.37225
23.08188
22.90545
22.13969
21.7715
20.2035
17.05651
15.38438
16.39032
17.89584
17.71869
16.57261
17.00075
19.07031
20.94978
21.40334
18.27129
20.99133
22.83013
22.05615
21.13987
21.51934
21.51536
19.60461
17.73706
18.4877
19.83037
20.05377
18.57998
17.78928
19.11123
20.58305
21.21779
17.81518
19.80308
20.92072
20.14123
19.53297
20.1918
20.67786
20.47179
20.41031
21.21898
21.86588
21.40811
20.0831
19.29441
19.589
20.19665
20.69622
16.35127
18.09637
18.90509
18.29408
18.3333
18.64041
19.21355
20.42189
21.91076
22.77587
22.60397
21.92185
21.16628
20.41288
20.24054
20.15475
20.21418
14.84938
16.63327
17.11514
16.5538
16.62693
17.23937
18.1492
19.8837
21.55878
21.76133
21.57636
22.08635
21.97176
20.99154
20.38897
20.49637
20.3043
14.09865
15.28009
15.82586
15.62497
15.58309
16.19357
17.29347
18.81508
19.87097
19.96207
20.78757
22.99117
23.8957
22.78588
21.2477
21.3456
21.56265
15.00467
15.76773
16.31896
16.362
16.05391
16.18229
16.76919
18.4042
19.70007
20.01529
21.14204
23.9453
26.06346
25.08411
22.49509
22.67582
23.45388
17.24902
18.94867
19.35267
19.1708
18.82589
18.31464
17.70648
18.25039
19.99116
21.2534
22.0854
24.36282
26.67766
25.86003
23.33881
23.34423
24.3103
20.98137
22.40589
23.10268
23.20953
22.47656
21.44554
19.70568
18.71936
20.04797
21.98332
23.1736
24.49458
25.80515
24.92945
23.57294
23.79823
24.26785
22.05327
23.33564
24.63911
25.49866
25.112
23.30223
20.8665
19.41343
20.06063
21.94282
23.54482
24.30554
24.4003
23.61122
23.27707
23.84284
24.22012
21.85328
22.51906
24.17374
25.86651
25.88183
23.45016
20.59317
19.26746
19.57055
21.17705
23.2689
24.10187
23.2253
22.3149
22.53905
23.41523
23.81824
21.45922
21.64955
23.17925
25.07299
25.29756
22.95815
19.96387
18.16738
17.69363
18.92633
21.48322
23.21203
22.46284
21.01524
21.56163
22.5679
22.62343
20.36584
20.45832
21.95954
23.63038
24.16784
22.45395
19.92037
18.0095
16.19556
15.88436
18.25164
20.95129
21.59428
20.20572
20.46183
21.59803
21.21462
19.23268
18.99645
20.44065
22.04149
22.53986
21.39662
19.68525
18.72703
16.84537
14.7108
15.31786
18.12426
19.67616
19.01106
18.46872
19.56219
19.71294
18.10605
18.03174
19.36048
20.50928
20.97321
19.84374
18.7555
18.78206
17.73934
15.34012
13.89064
15.4594
17.40039
17.4997
16.66894
17.47783
18.54764
17.10552
17.38917
18.2045
19.06111
19.25499
18.38003
17.1868
17.61409
17.63922
16.0509
13.91307
13.71279
15.22722
15.93403
15.41913
15.92829
18.55087
16.5106
16.554
16.82729
17.27763
17.78317
17.16768
15.74977
15.64017
16.22457
15.86623
14.50277
13.4331
13.43865
13.82353
13.82835
14.59174
18.06127
15.92949
15.56688
15.46917
15.80644
16.36522
16.2779
15.18077
14.31952
14.57306
14.9213
14.7842
14.15475
13.2459
12.38633
11.93162
12.98338
16.02715
15.07291
14.83578
14.61051
14.79662
15.07751
15.57903
15.24229
14.17789
13.99609
14.21672
14.46447
14.49658
13.90189
12.46196
10.95985
11.67717
13.31257
14.31209
14.24255
13.84811
14.10833
14.38885
14.863
15.31882
14.9746
14.50713
14.34095
14.18158
14.15644
14.1219
13.14556
11.4352
11.46684
12.74559
14.00062
13.60563
13.56192
13.5599
13.88309
14.23374
14.52968
14.60715
14.39782
14.33123
13.97811
13.62317
13.7324
13.56064
12.55342
11.66993
11.82643
17.50776
15.66998
14.34025
12.05388
10.90041
11.39813
12.26427
12.7211
12.42088
12.40504
13.06162
13.13574
14.30319
17.9724
22.2162
23.8789
22.82404
20.10338
20.1102
19.64711
18.49121
15.62083
13.41135
12.30608
12.42206
12.57808
13.2866
13.72478
13.2523
14.21854
17.17383
20.67515
22.43112
22.9805
20.91575
22.83043
23.48389
23.7141
22.58438
20.71474
16.83432
13.51966
13.25126
14.26031
15.31827
15.15887
14.96402
16.68326
19.39927
21.723
22.58015
20.5228
23.2417
25.26921
25.24325
24.36123
23.90348
21.68603
17.60196
15.46219
16.45591
18.01665
17.92701
16.77303
17.25249
19.52058
21.55877
22.11786
19.72871
22.77091
24.82011
24.10093
23.10209
23.36066
23.01055
20.50147
18.16214
18.84746
20.37721
20.69275
19.16495
18.31916
19.74199
21.37241
22.14955
19.14927
21.36925
22.59484
21.85151
21.27904
21.84967
22.11565
21.59138
21.24308
22.06186
22.91256
22.54337
21.19346
20.28327
20.50721
21.17416
21.83378
17.61758
19.49292
20.39629
19.81124
19.89234
20.19262
20.6437
21.77544
23.24293
24.09119
23.96582
23.34072
22.63129
21.73579
21.41598
21.34343
21.52271
16.1711
17.99298
18.53782
18.00007
18.10269
18.74627
19.6255
21.32455
22.9646
23.05705
22.88121
23.57124
23.58152
22.5315
21.77168
21.86128
21.73116
15.64633
16.73901
17.30532
17.13193
17.04351
17.60385
18.64887
20.10502
21.13363
21.19888
22.14561
24.63882
25.79416
24.69662
22.9487
22.98297
23.22524
16.9192
17.48825
17.94713
17.96787
17.60049
17.5819
18.00306
19.56719
20.94135
21.37414
22.64627
25.76846
28.24145
27.31277
24.45243
24.57692
25.42896
19.4787
21.00093
21.21318
20.8982
20.503
19.9307
19.09928
19.41549
21.24752
22.72831
23.75886
26.33359
28.97591
28.17114
25.42052
25.42367
26.49013
23.44897
24.66789
25.1517
25.13037
24.38722
23.30988
21.31482
19.96409
21.28293
23.50429
25.01533
26.61007
28.07987
27.13168
25.72805
26.04978
26.59729
24.49
25.60997
26.80329
27.68479
27.3523
25.45383
22.65391
20.80895
21.36425
23.48951
25.46646
26.48797
26.6048
25.73307
25.50027
26.24996
26.71308
24.10594
24.67591
26.38008
28.2053
28.31042
25.89148
22.69496
20.88151
20.97676
22.74468
25.20671
26.33779
25.42663
24.43472
24.83838
25.95309
26.41814
23.49739
23.71753
25.42715
27.54106
27.8686
25.56955
22.38269
20.11599
19.20826
20.42315
23.34744
25.44403
24.7666
23.21175
23.9506
25.18144
25.19609
22.20708
22.45399
24.20731
26.13027
26.81031
25.18774
22.56823
20.39905
18.07397
17.31287
19.92443
23.07881
23.9745
22.5374
22.88172
24.18638
23.68385
21.02991
20.9472
22.63766
24.45488
25.18635
24.15049
22.34999
21.34776
19.23683
16.55846
16.92978
20.09954
21.97036
21.34618
20.78078
22.00924
22.11626
19.94325
19.9627
21.44596
22.78262
23.44188
22.40514
21.28838
21.38021
20.27464
17.55185
15.68086
17.30433
19.52874
19.68312
18.7458
19.65112
20.89033
18.91649
19.25018
20.13582
21.0839
21.44415
20.72891
19.53417
19.98668
20.07427
18.34889
15.90706
15.55295
17.20695
17.95557
17.33475
17.88335
20.84667
18.18227
18.24945
18.55317
19.10449
19.75908
19.33604
18.0376
17.92735
18.56652
18.22251
16.77075
15.55905
15.49601
15.86282
15.77798
16.59567
20.51438
17.48591
17.15518
17.11116
17.5436
18.19122
18.24086
17.32785
16.61543
16.93774
17.33216
17.2324
16.57229
15.56961
14.57465
13.89887
15.09352
18.57216
16.59156
16.42373
16.2471
16.4819
16.8262
17.41082
17.21286
16.29763
16.24146
16.52803
16.80699
16.8987
16.36739
14.88271
13.08886
13.90834
15.80102
15.82456
15.83106
15.48762
15.76961
16.07401
16.59339
17.10956
16.88256
16.59598
16.56536
16.4448
16.47722
16.52779
15.50868
13.66807
13.83057
15.35392
15.53216
15.17939
15.16646
15.19377
15.52604
15.89104
16.2145
16.3575
16.32183
16.47669
16.22408
15.85102
16.0023
15.83863
14.74794
13.87272
14.17396
18.88018
17.12597
15.76233
13.50142
12.31163
12.50365
12.98598
12.95928
12.42405
12.40777
13.06475
13.1422
14.3199
17.99178
22.23672
23.89678
22.84283
21.4783
21.72201
21.42143
20.35259
17.63761
15.51535
14.13786
13.26239
12.6693
13.29385
13.73448
13.27039
14.24066
17.19534
20.69724
22.46222
23.01332
22.25563
24.44427
25.41068
25.80855
24.87521
23.16348
19.06785
14.73886
13.55689
14.30042
15.35415
15.1823
14.99165
16.72032
19.4509
21.78452
22.64355
21.81682
24.7686
27.08723
27.27615
26.56277
26.19774
23.77053
18.82537
15.7862
16.48642
18.04318
17.99254
16.84456
17.3089
19.60402
21.68769
22.30664
21.01384
24.2501
26.49484
25.93928
25.0866
25.42801
24.96036
21.83831
18.74441
19.18644
20.75847
21.10666
19.49339
18.50162
19.89395
21.63972
22.56601
20.42579
22.80597
24.19211
23.5498
23.14084
23.79317
23.95002
23.09716
22.31522
22.91953
23.75652
23.30714
21.83359
20.65791
20.81279
21.61098
22.41908
18.98603
20.97525
21.98154
21.47466
21.62893
21.99547
22.39236
23.39435
24.60286
25.11241
24.86298
24.21341
23.42612
22.30391
21.86529
21.8858
22.19712
17.76399
19.57381
20.12875
19.63553
19.78419
20.47179
21.3429
22.87399
24.19164
23.91954
23.65359
24.50491
24.59423
23.46353
22.43499
22.46868
22.49975
17.53139
18.46171
18.941
18.77397
18.70364
19.22287
20.15849
21.41754
22.23962
22.13705
23.10511
25.84936
27.26719
26.21894
24.09649
23.9285
24.27339
18.98283
19.33833
19.65366
19.60309
19.20892
19.14206
19.42511
20.78341
22.09593
22.56285
23.89621
27.26622
30.08314
29.20736
26.00293
25.94006
26.87517
21.5621
22.89075
22.89842
22.44315
22.0079
21.47234
20.59662
20.7009
22.45879
24.07787
25.24688
28.02807
30.94383
30.13963
27.15765
27.06345
28.18126
25.54513
26.55227
26.76819
26.6517
25.9705
24.95065
22.87516
21.29465
22.48619
24.85845
26.62672
28.43233
30.0148
29.01481
27.54339
27.91239
28.46963
26.53823
27.42561
28.425
29.32362
29.12023
27.32892
24.4011
22.25394
22.62835
24.8412
27.09441
28.34238
28.4918
27.53991
27.35378
28.26924
28.78374
25.95232
26.409
28.10505
30.01987
30.21503
27.91811
24.6669
22.52678
22.31523
24.058
26.78574
28.18799
27.29991
26.21344
26.7227
28.05503
28.57009
25.16136
25.45249
27.2927
29.55425
29.95232
27.70963
24.49344
22.03967
20.75864
21.67182
24.79679
27.19471
26.67153
25.05525
25.89729
27.32843
27.29426
23.89743
24.22653
26.17174
28.27251
29.02615
27.45417
24.75591
22.51675
19.98912
18.7153
21.21913
24.72278
25.88
24.47664
24.86085
26.30595
25.70126
22.85188
22.80437
24.65883
26.61292
27.45118
26.43356
24.49386
23.47549
21.37787
18.41359
18.39105
21.66784
23.84054
23.28548
22.68604
24.01269
24.1342
21.81529
21.87903
23.4536
24.87157
25.5574
24.52971
23.32183
23.42979
22.38532
19.61705
17.46936
18.93945
21.35247
21.5546
20.49477
21.44112
22.87642
20.7537
21.1154
22.03831
22.98393
23.36321
22.73689
21.52843
21.94915
22.1457
20.47199
17.96381
17.46366
19.11329
19.86735
19.12182
19.63167
22.88955
19.96064
20.00649
20.30561
20.90709
21.60263
21.23941
20.06137
20.0318
20.71785
20.4567
19.07131
17.87166
17.74771
18.03751
17.84963
18.65269
22.90325
19.23267
18.90605
18.8575
19.32586
19.99501
20.06315
19.21472
18.6109
19.01801
19.49564
19.50431
18.97037
18.04458
17.00814
16.15156
17.38462
21.10759
18.32692
18.23255
18.05908
18.27002
18.61839
19.2032
19.01477
18.16081
18.22573
18.6314
19.0152
19.25213
18.88524
17.4837
15.58643
16.44191
18.44543
17.52492
17.6695
17.35492
17.58249
17.85386
18.36765
18.84978
18.62615
18.47201
18.624
18.60721
18.71635
18.87872
17.92833
16.08677
16.31482
17.96987
17.1434
16.9641
17.00456
17.01928
17.3056
17.63535
17.92787
18.04217
18.08232
18.42096
18.32234
17.98616
18.1751
18.08268
17.01003
16.14312
16.53127
19.48311
17.75214
16.45517
14.45505
13.56749
13.90409
14.62223
14.809
13.87714
12.99819
13.15939
13.15394
14.33522
18.00622
22.24994
23.90862
22.8558
22.15731
22.40716
22.19049
21.32166
18.87114
16.96855
15.84749
15.07936
14.12228
13.89511
13.87202
13.30448
14.26518
17.2142
20.71127
22.47835
23.0263
23.04064
25.21955
26.29104
26.84352
26.08608
24.60366
20.69228
16.3279
14.72497
14.82501
15.49553
15.21914
15.02054
16.74654
19.47615
21.80803
22.66112
22.73342
25.68814
28.10537
28.39347
27.80522
27.62522
25.31173
20.27984
16.81026
17.0062
18.2475
18.09408
16.9004
17.33354
19.62429
21.70988
22.33275
22.13545
25.33183
27.60935
27.10247
26.3595
26.85901
26.48039
23.31047
19.93436
19.97882
21.24612
21.42446
19.7252
18.52946
19.91465
21.67789
22.61888
21.73953
24.05236
25.41809
24.76397
24.44514
25.23583
25.45644
24.58589
23.68169
24.01714
24.58062
23.92708
22.21231
20.77339
20.84895
21.68996
22.52985
20.47219
22.4045
23.34571
22.78579
22.96729
23.4341
23.92869
24.96112
26.11507
26.32548
25.71015
24.8822
23.85429
22.49497
21.92136
22.00648
22.36504
19.38798
21.1621
21.61382
21.03985
21.19728
21.96176
22.93979
24.47485
25.64035
25.02576
24.4408
25.26025
25.33211
24.0967
22.70393
22.59131
22.75063
19.22265
20.13742
20.47863
20.22994
20.15606
20.67716
21.60613
22.82917
23.57891
23.33295
24.20882
27.02784
28.61709
27.64502
25.07045
24.39983
24.76135
20.60389
20.89505
21.05912
20.92101
20.49453
20.45705
20.78423
22.10523
23.41437
23.93216
25.33199
28.8533
31.9413
31.17929
27.64385
27.13136
27.96371
22.97157
24.27446
24.10629
23.52623
23.09938
22.69703
21.95357
22.05384
23.77455
25.50732
26.86379
29.83835
32.99902
32.28147
29.17645
28.89473
29.90326
26.88965
27.88132
27.89052
27.68431
27.10011
26.26193
24.30548
22.67058
23.7834
26.26073
28.28277
30.33415
32.04194
31.0676
29.68356
30.09838
30.57556
27.81099
28.67043
29.57704
30.5009
30.39151
28.75545
25.93296
23.69749
23.98324
26.23716
28.70212
30.18598
30.43014
29.49568
29.44285
30.53934
31.13509
27.07637
27.56144
29.32965
31.35215
31.64124
29.43718
26.23929
24.03164
23.74317
25.44349
28.31235
29.92616
29.1561
28.11004
28.73154
30.30506
30.99013
26.24231
26.58969
28.5673
30.99248
31.49556
29.31809
26.09468
23.55388
22.24546
23.04458
26.17152
28.79935
28.47373
26.92396
27.84555
29.48609
29.56869
25.02584
25.3784
27.48028
29.76437
30.62672
29.12501
26.33198
23.99932
21.48337
20.12377
22.51169
26.19051
27.6009
26.27379
26.71516
28.34434
27.80173
24.05769
24.00533
25.99492
28.09939
29.03597
28.05311
25.984
24.89196
22.82629
19.87111
19.7711
23.03899
25.43917
24.97244
24.39482
25.85088
26.08114
23.14957
23.19309
24.81292
26.28935
26.97939
26.00536
24.76874
24.81387
23.81507
21.11352
18.98833
20.41954
22.92293
23.18984
22.07993
23.05085
24.70012
22.2244
22.51351
23.37506
24.27044
24.64403
24.09035
22.96201
23.39577
23.64259
22.05003
19.63361
19.1918
20.86689
21.64199
20.87305
21.31637
24.82047
21.48777
21.45806
21.65461
22.20743
22.88237
22.51542
21.38868
21.45669
22.19863
21.99152
20.70061
19.62174
19.60379
19.94475
19.79782
20.66647
25.18403
20.8
20.46138
20.35023
20.75004
21.34613
21.36605
20.51225
19.96482
20.43899
20.9729
21.0594
20.65789
19.92288
19.00971
18.19213
19.60087
23.52178
19.93868
19.91297
19.7085
19.82842
20.08309
20.58455
20.32223
19.44792
19.59008
20.09999
20.54976
20.87379
20.67159
19.45354
17.75794
18.83452
20.9687
19.14289
19.41086
19.11217
19.25563
19.42682
19.84751
20.21201
19.88798
19.76743
20.04671
20.11827
20.26441
20.5324
19.70838
17.97321
18.35167
20.17699
18.66579
18.64206
18.75058
18.76326
18.97202
19.19651
19.35879
19.33657
19.32352
19.73279
19.74943
19.51063
19.75828
19.71967
18.70754
17.94034
18.49843
20.19386
18.45115
17.33782
15.67781
14.898
14.97046
15.47116
15.75224
15.03893
14.2562
14.2591
13.85651
14.7205
18.09889
22.27937
23.92779
22.87981
22.98131
23.05205
22.90801
22.34382
20.12887
18.11559
16.79493
15.95533
15.08095
14.90067
14.73341
13.83834
14.53845
17.28962
20.74469
22.51376
23.06028
23.98979
25.92966
26.98043
27.70786
27.19813
25.7874
21.75009
17.21667
15.56708
15.70751
16.31338
15.74837
15.28528
16.84648
19.54769
21.85193
22.69695
23.8017
26.56261
28.88581
29.19418
28.78002
28.77112
26.44685
21.23783
17.63096
17.83085
19.09621
18.75934
17.3136
17.54756
19.69509
21.73145
22.36099
23.34426
26.39295
28.53396
27.93973
27.24157
27.91988
27.65392
24.38173
20.82585
20.81768
22.11952
22.22079
20.40809
19.01907
20.08496
21.70567
22.63459
23.03666
25.25827
26.48164
25.71122
25.33962
26.23316
26.60814
25.71744
24.67336
24.9231
25.45902
24.76073
22.97485
21.40019
21.16061
21.78052
22.55045
21.8162
23.68958
24.54766
23.90689
23.96253
24.40336
25.02563
26.15924
27.26983
27.33765
26.56433
25.61249
24.56991
23.13584
22.30146
22.18095
22.42876
20.75607
22.50761
22.96669
22.32949
22.32433
22.97392
24.00038
25.6572
26.82639
26.03972
25.21141
25.94238
26.09717
24.98588
23.44775
22.95354
22.94199
20.60639
21.55853
21.9403
21.58158
21.32702
21.68858
22.5478
23.80896
24.60318
24.29675
25.09033
27.89225
29.60344
28.87301
26.38196
25.31527
25.3917
21.89495
22.27248
22.42868
22.15944
21.57572
21.42568
21.70831
23.00514
24.35842
24.94528
26.38527
29.96118
33.17291
32.63511
29.27578
28.62888
29.33825
24.12781
25.49808
25.33751
24.66097
24.14747
23.72558
22.98588
23.04054
24.73539
26.5482
28.04218
31.15634
34.42094
33.83778
30.90782
30.74984
31.77237
28.07443
29.07146
29.01125
28.74889
28.23283
27.45818
25.5193
23.80532
24.80318
27.32547
29.52138
31.76729
33.56713
32.63069
31.421
32.07892
32.68697
29.00876
29.76192
30.60572
31.57813
31.59091
30.06898
27.2851
24.96963
25.10476
27.36129
29.97548
31.65699
32.00603
31.09165
31.1798
32.52939
33.42633
28.15439
28.58249
30.36975
32.45185
32.85566
30.77978
27.64346
25.35911
24.96346
26.61366
29.58302
31.40081
30.76807
29.76319
30.49288
32.31504
33.37045
27.29697
27.64974
29.66314
32.14508
32.72282
30.64824
27.49906
24.86751
23.52091
24.25105
27.37928
30.22054
30.10991
28.64927
29.67609
31.54449
31.9087
26.16126
26.50266
28.64474
30.98439
31.87155
30.44086
27.70781
25.28114
22.74303
21.34551
23.70439
27.52808
29.20261
28.02185
28.5825
30.43638
30.1087
25.27485
25.21382
27.24091
29.36417
30.27196
29.29414
27.28482
26.14039
24.07895
21.14588
21.05282
24.36592
26.97909
26.68338
26.21091
27.84007
28.26496
24.46489
24.50901
26.11227
27.53148
28.11245
27.09655
25.92069
26.00897
25.05697
22.44847
20.413
21.92794
24.5554
24.94946
23.90103
24.90422
26.7381
23.61495
23.87293
24.65364
25.44009
25.72638
25.11234
23.97139
24.46284
24.7928
23.2982
20.98649
20.67405
22.49882
23.42299
22.79043
23.22687
26.92852
22.89375
22.8463
22.94643
23.43126
24.04577
23.59002
22.3791
22.45607
23.25887
23.11472
21.90279
20.93121
21.06065
21.60331
21.6684
22.74457
27.59725
22.17782
21.90454
21.76374
22.10447
22.61157
22.52316
21.54976
20.93394
21.41802
22.00291
22.15953
21.84886
21.27634
20.57285
19.96755
21.75347
26.01401
21.2969
21.40447
21.2226
21.27726
21.44419
21.83767
21.43314
20.41205
20.50785
21.06909
21.58596
21.96211
21.87236
20.8309
19.36875
20.75951
23.09249
20.45463
20.89806
20.67383
20.7612
20.84793
21.17819
21.406
20.89968
20.65928
20.93694
21.07691
21.2917
21.64512
20.91367
19.26572
19.80515
21.82203
19.8632
20.04813
20.26614
20.29453
20.43343
20.56398
20.60945
20.42363
20.24682
20.57581
20.61489
20.48509
20.82537
20.82128
19.86906
19.21719
19.90718
20.99342
18.91464
17.97302
16.81338
16.50006
16.67446
16.89518
16.76681
15.79745
14.86237
14.70308
14.16637
14.99378
18.37585
22.48177
24.09929
23.04218
23.97364
23.58167
23.34478
23.14835
21.49707
19.79341
18.43217
17.26915
16.03891
15.59131
15.21894
14.15983
14.7861
17.47319
20.93184
22.76808
23.33961
25.12531
26.59045
27.36834
28.26823
28.29268
27.34926
23.43625
18.7
16.72945
16.56662
16.9439
16.16129
15.55471
17.04574
19.76536
22.18969
23.05489
25.00665
27.36426
29.32605
29.61834
29.58963
30.12681
28.08783
22.77891
18.88342
18.82406
19.87277
19.30971
17.66961
17.80481
19.93284
22.05238
22.73837
24.59046
27.33762
29.07751
28.32204
27.80676
28.97431
29.18466
25.96295
22.15842
21.90119
22.99236
22.87646
20.86007
19.36328
20.37086
22.00096
22.98827
24.27952
26.3447
27.16226
26.12996
25.78346
26.98188
27.89906
27.30119
26.08545
26.04431
26.32977
25.45674
23.51614
21.82897
21.50777
22.10957
22.88739
23.04846
24.87383
25.37874
24.43989
24.42373
24.97999
26.00427
27.62503
28.81947
28.55405
27.3941
26.23949
25.09101
23.58933
22.69033
22.5363
22.78402
21.99842
23.76026
23.96324
23.05707
22.92113
23.53802
24.74367
26.87015
28.34093
27.35742
26.09099
26.5123
26.58055
25.46296
23.92089
23.38681
23.38381
21.89561
22.89926
23.1409
22.52985
22.04155
22.26751
23.15007
24.72178
25.94333
25.65332
26.08213
28.572
30.19185
29.48246
27.03629
25.93842
26.06057
23.16382
23.63405
23.72955
23.15553
22.24088
21.94874
22.24875
23.70806
25.46566
26.30762
27.5784
30.84791
33.90715
33.36159
30.07396
29.46025
30.26125
25.24723
26.7761
26.57574
25.57608
24.75169
24.2386
23.51855
23.66756
25.65226
27.8143
29.3784
32.27968
35.31728
34.62421
31.77354
31.74302
32.88222
29.13611
30.29477
30.23057
29.66342
28.93823
28.06468
26.11226
24.43095
25.57401
28.42413
30.87498
33.07061
34.62337
33.46365
32.31913
33.17887
33.92201
30.10308
30.93453
31.77881
32.65239
32.48698
30.82015
27.97251
25.62782
25.77781
28.27285
31.23403
33.03959
33.21281
32.00829
32.1199
33.69968
34.77223
29.12575
29.62732
31.54021
33.6385
33.91242
31.6615
28.42041
26.06104
25.61165
27.38791
30.68126
32.75043
32.07427
30.82791
31.52087
33.56076
34.80077
28.17693
28.65853
30.83182
33.40385
33.91982
31.64053
28.35487
25.62391
24.203
24.98245
28.32262
31.45089
31.46589
29.87824
30.8381
32.87887
33.37275
27.09968
27.54656
29.84495
32.30459
33.16673
31.53632
28.62953
26.09075
23.484
22.11731
24.6028
28.66855
30.54601
29.34163
29.85227
31.81275
31.59695
26.30447
26.34547
28.50756
30.74408
31.6217
30.43303
28.21107
26.95303
24.84804
21.95035
21.96892
25.49803
28.33352
28.10135
27.58573
29.24047
29.75365
25.55449
25.7336
27.44327
28.91929
29.45263
28.2539
26.85083
26.80381
25.81535
23.24058
21.29391
23.00414
25.87677
26.4292
25.42668
26.36826
28.20643
24.69882
25.08863
25.93864
26.75057
27.06541
26.38773
25.03509
25.34032
25.60465
24.10641
21.81499
21.5899
23.58545
24.72344
24.32331
24.78613
28.53067
23.9075
23.99196
24.16294
24.73899
25.42527
24.97079
23.60373
23.47259
24.14752
23.95473
22.73643
21.80104
22.01803
22.76148
23.08477
24.28752
29.43856
23.12544
23.00461
22.9907
23.44915
24.01869
23.94485
22.89066
22.0787
22.36354
22.85279
23.01208
22.72995
22.21138
21.6417
21.21806
23.31812
27.91833
22.22877
22.49414
22.44745
22.61831
22.87498
23.29575
22.85227
21.66723
21.53802
21.95103
22.44267
22.85356
22.82433
21.90281
20.59177
22.20425
24.72597
21.37135
21.97478
21.88787
22.07481
22.26331
22.65952
22.8708
22.24241
21.80266
21.88936
21.91357
22.14339
22.61582
22.00782
20.42046
21.03439
23.12946
20.7393
21.07293
21.41169
21.55845
21.79916
22.02519
22.09785
21.84195
21.51546
21.65952
21.52252
21.34095
21.79174
21.9045
21.00318
20.38259
21.06689
21.71729
19.60321
18.43493
17.14359
16.89342
17.1812
17.4296
17.20149
16.31538
15.82068
15.8833
15.0159
15.38038
18.5706
22.72301
24.35871
23.28785
24.64995
24.30807
23.86036
23.4772
21.81256
20.24913
19.05001
17.86728
16.50623
16.21376
16.20803
15.11922
15.36616
17.7267
21.11448
23.01358
23.63362
25.71273
27.31423
27.96669
28.65642
28.57965
27.73565
24.05737
19.43676
17.35168
17.06752
17.65024
17.03755
16.25126
17.43738
19.98466
22.43493
23.35164
25.50676
28.03925
29.97684
30.09738
29.90372
30.44533
28.62954
23.56851
19.68871
19.44459
20.46169
20.0155
18.35112
18.27619
20.20999
22.27884
22.99835
25.06397
27.97882
29.74916
28.88977
28.18102
29.24946
29.62469
26.73273
23.12015
22.77963
23.7336
23.58178
21.52717
19.86584
20.68847
22.21248
23.19846
24.75143
26.96963
27.86542
26.7799
26.24056
27.27
28.24813
27.98176
27.10599
27.16166
27.34435
26.3595
24.28039
22.41135
21.89246
22.33768
23.07028
23.56305
25.49769
26.11836
25.17612
25.00243
25.36831
26.33131
28.17979
29.78884
29.77837
28.60793
27.34348
25.99621
24.25646
23.13311
22.79128
22.97392
22.5889
24.41407
24.75241
23.89703
23.66774
24.08866
25.10571
27.28886
29.13492
28.56498
27.45487
27.75064
27.55488
26.19979
24.44829
23.70898
23.61992
22.56502
23.63537
24.01806
23.53152
23.00199
22.95175
23.52115
25.02608
26.55987
26.77821
27.49447
29.85027
31.24619
30.37175
27.72935
26.4024
26.40706
23.78917
24.40682
24.70873
24.33936
23.28708
22.57696
22.57398
23.94489
25.96089
27.31442
28.91854
32.17962
35.09972
34.42334
30.9271
30.07499
30.75273
25.72531
27.45599
27.57657
26.72699
25.66665
24.83192
23.87289
23.9014
26.0493
28.66269
30.62591
33.65477
36.61082
35.77993
32.75129
32.5133
33.51501
29.57537
30.85137
31.00937
30.57824
29.84292
28.79951
26.56932
24.68846
25.85467
29.09101
32.02109
34.4394
35.94366
34.61853
33.37845
34.11692
34.70972
30.58919
31.48374
32.41605
33.47384
33.47663
31.71615
28.55662
25.95393
25.98663
28.75511
32.22251
34.37108
34.55723
33.14309
33.19698
34.7835
35.7426
29.53638
30.08428
32.0912
34.41658
34.91325
32.66085
29.12011
26.48013
25.8172
27.72649
31.49944
34.02055
33.45309
31.99767
32.59345
34.73242
35.93974
28.56966
29.11307
31.38597
34.14046
34.88373
32.69955
29.1664
26.12344
24.44444
25.2291
28.97061
32.60927
32.87201
31.14921
31.94077
34.07224
34.60865
27.5826
28.08353
30.45456
33.04515
34.12311
32.654
29.54015
26.63808
23.75735
22.31266
25.07653
29.67311
31.95245
30.75467
31.04218
32.98092
32.85778
26.89108
27.00453
29.22745
31.5552
32.62055
31.59841
29.20308
27.56146
25.16914
22.13081
22.26251
26.26055
29.60708
29.59184
28.91668
30.42181
31.00087
26.19454
26.48793
28.25146
29.7739
30.44263
29.41042
27.92396
27.55451
26.25453
23.48205
21.50373
23.50705
26.89404
27.79034
26.84357
27.63337
29.42805
25.31258
25.83069
26.72243
27.55661
27.98301
27.5102
26.20606
26.27819
26.20863
24.44609
22.03226
21.93777
24.36123
25.92
25.70467
26.12449
29.76551
24.47169
24.67097
24.90245
25.54033
26.32071
26.04996
24.80963
24.56404
24.92667
24.41263
23.00527
22.0929
22.61933
23.85738
24.48439
25.62046
30.76415
23.68157
23.67293
23.74507
24.27395
24.91228
24.98008
24.09698
23.28806
23.32869
23.47275
23.38697
23.03734
22.70928
22.58576
22.5615
24.74447
29.33376
22.81478
23.19605
23.23542
23.46428
23.78603
24.31012
24.03413
22.93106
22.6565
22.76644
22.97197
23.21778
23.25596
22.69691
21.85604
23.699
26.19394
21.97177
22.6947
22.69703
22.92846
23.17684
23.67836
24.02457
23.51482
23.0336
22.90021
22.62847
22.61879
23.05941
22.75324
21.65174
22.59626
24.66679
21.32572
21.77139
22.18727
22.39473
22.68933
23.02656
23.23473
23.09947
22.79952
22.8062
22.41365
21.99561
22.35595
22.67765
22.2387
21.91246
22.49104
21.84394
19.85443
18.81803
17.58149
17.28837
17.51933
17.76074
17.4859
16.56257
16.34538
16.89161
16.28015
16.52407
19.47486
23.50387
25.14124
23.9665
24.76308
24.5152
24.19677
23.91391
22.23223
20.57361
19.34062
18.1726
16.76749
16.55289
16.93719
16.2344
16.56708
18.69353
21.85016
23.78347
24.44605
25.82931
27.49305
28.25929
29.07564
29.03783
28.10794
24.33183
19.70578
17.63027
17.32337
18.12783
17.95145
17.45238
18.55063
20.81182
23.18486
24.18023
25.6493
28.21436
30.22009
30.47889
30.39123
30.87705
28.93101
23.80599
19.94861
19.68821
20.73112
20.64057
19.47144
19.5204
21.14946
22.9862
23.76914
25.24834
28.17619
29.95914
29.22223
28.67922
29.73457
29.97662
26.98234
23.35793
23.04205
23.95359
23.91038
22.41156
21.18196
21.79067
22.91984
23.88604
24.98162
27.20422
28.08721
27.09587
26.7421
27.7963
28.66992
28.29206
27.3589
27.43038
27.63144
26.5922
24.90405
23.68017
23.20855
23.18094
23.71932
23.82891
25.77967
26.38649
25.50799
25.48772
25.9378
26.85137
28.58834
30.10813
30.08462
28.96672
27.63104
26.42462
25.28903
24.47723
23.76384
23.61901
22.86174
24.74904
25.09415
24.27801
24.16673
24.72029
25.73504
27.78952
29.50278
28.92278
27.89614
28.14137
27.88264
26.88513
25.62711
24.72351
24.27345
22.7836
23.97372
24.42078
23.98488
23.58059
23.67341
24.22453
25.57273
26.93924
27.15834
28.00606
30.33465
31.58097
30.77566
28.6702
27.47437
27.15129
23.92687
24.66421
25.09908
24.85299
23.91975
23.24617
23.20983
24.458
26.34394
27.70655
29.46563
32.77925
35.56263
34.79353
31.63596
31.11148
31.60951
25.84313
27.6565
27.92143
27.16534
26.09673
25.2924
24.37596
24.3644
26.44251
29.07835
31.2216
34.39159
37.28289
36.30519
33.34434
33.40355
34.37855
29.70549
31.06245
31.25634
30.83916
30.16424
29.22438
27.03693
25.12026
26.23392
29.48708
32.61958
35.29853
36.86074
35.36157
33.97249
34.85229
35.51911
30.71493
31.68503
32.64494
33.72042
33.7954
32.14023
29.03148
26.40636
26.36394
29.10559
32.76254
35.27505
35.68441
34.13461
33.93124
35.47495
36.51837
29.63368
30.23933
32.29809
34.66584
35.21637
33.06858
29.59828
26.96054
26.21567
28.0602
31.96772
34.85781
34.68307
33.26763
33.60294
35.55018
36.75603
28.70494
29.31037
31.65024
34.44369
35.21799
33.11573
29.65581
26.62128
24.86402
25.54879
29.3766
33.3458
34.07896
32.65271
33.33034
35.18016
35.56265
27.80185
28.38162
30.83638
33.47363
34.55611
33.13061
30.06906
27.15527
24.19827
22.6235
25.40951
30.33208
33.09446
32.32839
32.72299
34.42431
33.98778
27.19387
27.41306
29.72972
32.10293
33.14521
32.13115
29.77387
28.11523
25.65415
22.48441
22.53718
26.80817
30.64501
31.10508
30.69291
32.10773
32.3488
26.52674
26.95329
28.80341
30.35403
30.98698
29.96306
28.51358
28.14701
26.79514
23.91385
21.78014
23.9175
27.79651
29.22589
28.60309
29.47195
30.95186
25.61913
26.27152
27.24947
28.119
28.54449
28.09629
26.82835
26.90978
26.79811
24.93934
22.35527
22.25526
25.09143
27.23578
27.43463
28.025
31.35134
24.75033
25.05789
25.40308
26.12527
26.9269
26.67829
25.48393
25.25418
25.5756
24.96593
23.39694
22.39134
23.21417
25.04425
26.16071
27.49105
32.53878
23.96475
24.04647
24.24117
24.87877
25.5458
25.63647
24.81928
24.05507
24.05403
24.08775
23.8574
23.36302
23.20907
23.62396
24.19074
26.6649
31.24274
23.11715
23.58396
23.73164
24.07145
24.44065
24.99121
24.78021
23.75385
23.46172
23.45904
23.50957
23.58493
23.67825
23.56486
23.35759
25.65321
28.23124
22.27889
23.09861
23.1998
23.5337
23.83827
24.37821
24.78132
24.35987
23.9074
23.67822
23.22228
23.01949
23.44403
23.54098
23.10257
24.55614
26.7048
21.61824
22.184
22.69025
23.00212
23.35806
23.73264
23.99982
23.95317
23.71482
23.66391
23.08833
22.45579
22.7324
23.3903
23.60634
23.74015
24.34787
21.86491
19.8978
18.88985
17.70722
17.51027
17.78156
18.01127
17.70219
16.70734
16.56206
17.48183
17.33267
18.00025
21.01546
24.78068
26.27812
25.1769
24.78867
24.56183
24.26322
24.0201
22.41674
20.80628
19.55639
18.3765
16.94097
16.69047
17.2873
17.0243
17.91119
20.25046
23.18686
24.93587
25.65375
25.86242
27.5473
28.33177
29.17775
29.20924
28.33991
24.54856
19.88755
17.80731
17.45533
18.32686
18.4639
18.49434
20.03993
22.32422
24.47497
25.35261
25.6967
28.27987
30.29789
30.5809
30.56329
31.10963
29.15959
23.99092
20.11309
19.82695
20.84906
20.88886
20.12988
20.72414
22.63053
24.31119
24.88727
25.31497
28.25577
30.04568
29.33383
28.86412
29.975
30.21676
27.19075
23.5317
23.18367
24.06714
24.0189
22.72392
22.09605
23.21132
24.22392
24.93026
25.0611
27.30127
28.19726
27.23993
26.95755
28.06265
28.94286
28.54899
27.57737
27.59483
27.76757
26.7005
25.08163
24.44743
24.65131
24.59056
24.7761
23.89608
25.88419
26.52961
25.69996
25.75489
26.27791
27.20543
28.91536
30.38788
30.29847
29.14154
27.79925
26.57681
25.90823
25.82935
25.27575
24.77062
22.89858
24.83485
25.24717
24.51491
24.51357
25.16441
26.17406
28.16406
29.82168
29.18934
28.14057
28.37947
28.04822
27.31262
26.75833
26.20924
25.49333
22.79493
24.01814
24.54
24.24111
23.98544
24.13685
24.65495
25.95072
27.27992
27.45418
28.29167
30.59041
31.73887
30.93346
29.44361
28.90156
28.48757
23.93336
24.68683
25.18619
25.09659
24.25574
23.56864
23.53948
24.80737
26.70511
28.02552
29.73887
33.01156
35.7533
34.87151
32.07476
32.40717
33.10635
25.8507
27.68087
28.0031
27.33868
26.29242
25.51043
24.63589
24.67036
26.79
29.40546
31.50133
34.63306
37.51358
36.43124
33.54342
34.41399
35.93518
29.71223
31.08595
31.31953
30.94876
30.31715
29.42817
27.27275
25.38342
26.54212
29.8043
32.90381
35.54556
37.10501
35.54756
34.06517
35.49566
36.98948
30.72542
31.70479
32.6971
33.81473
33.93538
32.33193
29.27525
26.6905
26.68178
29.42599
33.04901
35.52287
35.93031
34.36718
34.03968
35.81285
37.78613
29.65459
30.26889
32.35981
34.78054
35.4006
33.29654
29.87005
27.28548
26.58257
28.44246
32.31178
35.13425
34.93558
33.54257
33.79551
35.72173
37.65411
28.75491
29.37628
31.76495
34.64115
35.49975
33.42423
29.97455
26.98069
25.27057
25.9902
29.80158
33.69365
34.37812
32.99258
33.64837
35.37971
36.02427
27.89575
28.50216
31.01523
33.75871
34.93098
33.52398
30.44366
27.54293
24.61516
23.07161
25.87552
30.75346
33.46436
32.74603
33.19713
34.77492
34.27875
27.32947
27.58995
29.95705
32.42143
33.54711
32.56499
30.18609
28.52021
26.07083
22.91502
22.99024
27.24423
31.05255
31.57871
31.31615
32.66019
32.69887
26.67407
27.1529
29.03649
30.65674
31.36691
30.41177
28.9576
28.57054
27.22136
24.34504
22.22042
24.33323
28.20719
29.73141
29.30671
30.2576
31.44665
25.76094
26.46137
27.46845
28.41352
28.92669
28.57169
27.32039
27.37844
27.25725
25.38483
22.78448
22.65392
25.48114
27.72913
28.14061
28.90909
32.00263
24.89685
25.2419
25.62148
26.43694
27.32965
27.16809
26.02186
25.78302
26.08065
25.43742
23.82702
22.78038
23.58945
25.5244
26.85266
28.43525
33.54141
24.12653
24.25598
24.47783
25.20126
25.95959
26.13116
25.38377
24.63332
24.6016
24.59426
24.31294
23.75764
23.5714
24.09459
24.93022
27.74375
32.61015
23.2798
23.82683
24.00113
24.40087
24.86515
25.49566
25.35102
24.35849
24.0438
23.99819
23.99104
23.99076
24.0261
24.00198
24.08919
26.7579
29.68333
22.41924
23.35319
23.50946
23.87863
24.26263
24.88964
25.35592
24.97565
24.52226
24.25838
23.73118
23.44068
23.79526
23.94917
23.77338
25.56082
28.04913
21.72865
22.41917
23.02244
23.37665
23.78495
24.23995
24.5749
24.57603
24.35313
24.28281
23.64041
22.90854
23.10464
23.79168
24.19724
24.66481
25.70109
21.87978
19.90924
18.8998
17.71788
17.54238
17.85939
18.15035
17.89043
16.90193
16.70947
17.58845
17.42948
18.25419
21.50637
25.36856
26.8605
25.89461
24.80843
24.57777
24.27483
24.03056
22.44242
20.86456
19.654
18.52259
17.12415
16.85699
17.40615
17.09479
18.05114
20.6184
23.75425
25.60699
26.54167
25.89058
27.57069
28.34806
29.18979
29.2335
28.39509
24.63398
19.99572
17.94954
17.61184
18.44529
18.537
18.55939
20.27673
22.88876
25.30071
26.49327
25.73629
28.31151
30.32101
30.59784
30.59258
31.16652
29.23792
24.0814
20.22337
19.95288
20.95442
20.95525
20.17119
20.84951
23.04523
25.14837
26.23907
25.37003
28.29689
30.07554
29.35871
28.90309
30.041
30.30283
27.2888
23.63991
23.29221
24.15297
24.08063
22.76105
22.17885
23.5579
25.11934
26.5038
25.12895
27.34809
28.22978
27.27064
27.00775
28.14876
29.0613
28.68337
27.70931
27.70904
27.85314
26.77151
25.12984
24.53636
25.04646
25.66404
26.56062
23.95658
25.92419
26.55734
25.72813
25.81065
26.39546
27.37692
29.0996
30.55484
30.43292
29.24443
27.88807
26.63949
26.00155
26.25095
26.42804
26.61278
22.94215
24.8615
25.26053
24.53184
24.57088
25.30315
26.37084
28.36829
30.00845
29.3438
28.273
28.49311
28.13825
27.44306
27.24341
27.34733
27.22144
22.82022
24.02876
24.54213
24.25003
24.03722
24.24958
24.81234
26.13143
27.46079
27.61128
28.42852
30.70431
31.84928
31.05424
29.78552
29.81379
30.04869
23.95165
24.69237
25.18685
25.10462
24.28979
23.62616
23.63043
24.93547
26.85994
28.17348
29.85833
33.10482
35.83411
34.94028
32.19823
33.07426
34.57039
25.86975
27.68575
28.00388
27.34399
26.30816
25.54267
24.69278
24.7567
26.91182
29.54003
31.61369
34.71899
37.58371
36.5165
33.60016
34.75413
37.12678
29.73198
31.09202
31.32112
30.95271
30.33248
29.46476
27.33071
25.46646
26.65656
29.93706
33.01662
35.63845
37.1773
35.62865
34.12674
35.60061
37.69992
30.75175
31.7153
32.70159
33.82261
33.96417
32.38924
29.35474
26.80073
26.82841
29.59097
33.18478
35.61899
36.00044
34.44129
34.12064
35.85044
38.08547
29.68984
30.29133
32.37227
34.79919
35.45369
33.38978
29.98118
27.42107
26.767
28.66958
32.52225
35.27875
35.02878
33.62304
33.88785
35.78264
37.71488
28.81053
29.42673
31.79576
34.68161
35.58081
33.55468
30.12089
27.1355
25.46931
26.25227
30.08789
33.92549
34.52892
33.10342
33.7581
35.48554
36.03725
27.97004
28.59122
31.0767
33.82449
35.03069
33.68131
30.62166
27.71662
24.80877
23.31549
26.18008
31.0603
33.69814
32.91441
33.33419
34.90414
34.3337
27.40898
27.71205
30.05081
32.50193
33.65073
32.73288
30.38912
28.71711
26.26785
23.14077
23.27436
27.57268
31.35221
31.81153
31.48864
32.80813
32.79094
26.7407
27.28204
29.14978
30.74395
31.47538
30.59031
29.18647
28.80154
27.4472
24.58703
22.50464
24.66205
28.54245
30.02211
29.51938
30.41075
31.55112
25.81543
26.57577
27.59308
28.51617
29.05193
28.76858
27.58134
27.65711
27.53182
25.66156
23.08549
22.99233
25.83384
28.05872
28.3906
29.05659
32.11695
24.94597
25.34592
25.76052
26.56759
27.4679
27.37464
26.30472
26.10354
26.39892
25.75188
24.15336
23.13922
23.96786
25.89056
27.1617
28.63477
33.71856
24.17085
24.35901
24.63375
25.36863
26.11164
26.33869
25.67212
24.97894
24.94448
24.9309
24.66153
24.13685
23.97933
24.50185
25.32718
28.05244
32.87381
23.31553
23.9206
24.16375
24.60007
25.04561
25.70651
25.63247
24.71297
24.40252
24.34314
24.33823
24.36086
24.43315
24.4252
24.51397
27.14266
30.02559
22.44662
23.42579
23.65896
24.09364
24.47673
25.11918
25.63367
25.33336
24.90171
24.61826
24.07333
23.78874
24.18463
24.36126
24.17045
25.96815
28.45096
21.75378
22.47253
23.14331
23.58792
24.02763
24.5064
24.86518
24.94387
24.76217
24.6723
24.00726
23.26639
23.49434
24.20231
24.58408
25.06315
26.14263
21.89957
19.92393
18.91182
17.72796
17.55143
17.87029
18.16683
17.91586
16.94547
16.76906
17.64668
17.47595
18.27537
21.53227
25.41076
26.90958
25.97279
24.83398
24.59837
24.29046
24.04323
22.4544
20.87851
19.67056
18.54279
17.15591
16.90603
17.45832
17.13837
18.07572
20.63838
23.78956
25.67365
26.63713
25.92764
27.60191
28.37133
29.20802
29.2507
28.41349
24.65251
20.01385
17.97137
17.64644
18.48583
18.57275
18.58706
20.29378
22.92484
25.3894
26.61554
25.78968
28.3553
30.35351
30.6244
30.61525
31.18762
29.25819
24.10108
20.24424
19.9791
20.98467
20.98342
20.2007
20.8702
23.07646
25.22782
26.3826
25.44574
28.35542
30.11874
29.39378
28.9288
30.0621
30.3237
27.311
23.66363
23.3184
24.17866
24.10598
22.79168
22.20421
23.59878
25.19557
26.72287
25.22185
27.41799
28.28243
27.30905
27.03232
28.16717
29.08046
28.70675
27.73669
27.7382
27.88096
26.79931
25.16088
24.56455
25.09585
25.76651
26.91193
24.03981
25.99237
26.61073
25.76107
25.8293
26.40736
27.38977
29.11834
30.58099
30.4624
29.274
27.91838
26.66661
26.02752
26.29624
26.55382
27.13133
23.00234
24.91308
25.29735
24.55108
24.57734
25.30562
26.37562
28.37835
30.02702
29.36804
28.3009
28.52303
28.16304
27.4666
27.288
27.53159
27.9932
22.85621
24.05548
24.55917
24.25699
24.03862
24.25002
24.81377
26.13579
27.47218
27.62938
28.45134
30.72988
31.87074
31.0719
29.81461
29.95411
30.69391
23.98007
24.71193
25.19678
25.10735
24.29017
23.62661
23.63174
24.93863
26.86933
28.19049
29.87937
33.12809
35.85556
34.95881
32.20922
33.09692
34.83072
25.90151
27.70746
28.01304
27.34604
26.30902
25.54457
24.69653
24.76176
26.92173
29.55845
31.63565
34.7419
37.60843
36.54531
33.62447
34.76945
37.22987
29.76523
31.11567
31.33245
30.95776
30.33664
29.4706
27.33901
25.476
26.66979
29.95959
33.04151
35.66091
37.19913
35.65219
34.1507
35.61513
37.74581
30.78978
31.74326
32.72007
33.83696
33.97784
32.40147
29.36866
26.81654
26.84949
29.62553
33.2233
35.64928
36.02319
34.46641
34.14623
35.87043
38.10745
29.73085
30.33051
32.40711
34.83349
35.48392
33.40961
30.00024
27.44363
26.79722
28.72024
32.5881
35.33666
35.06778
33.65828
33.91882
35.81197
37.72425
28.86197
29.48807
31.85689
34.74911
35.63109
33.58126
30.14422
27.16446
25.5062
26.30974
30.17716
34.02034
34.59952
33.1596
33.80462
35.52522
36.05625
28.02167
28.66675
31.16514
33.92939
35.09809
33.71312
30.64963
27.75231
24.85183
23.37157
26.27096
31.18106
33.80644
32.99866
33.39861
34.95006
34.36609
27.44851
27.78519
30.15353
32.62866
33.72659
32.7692
30.42349
28.76206
26.32237
23.20623
23.36067
27.69546
31.48338
31.92102
31.57012
32.86176
32.82827
26.76474
27.3375
29.24522
30.87348
31.56036
30.63496
29.22879
28.85885
27.51953
24.67448
22.60626
24.78542
28.6867
30.15642
29.62043
30.46741
31.58336
25.83071
26.61443
27.66827
28.64422
29.15583
28.83123
27.63194
27.72837
27.62431
25.77181
23.21002
23.13054
25.9951
28.22319
28.51551
29.12077
32.15587
24.95736
25.3737
25.81982
26.69543
27.59925
27.4651
26.36432
26.18394
26.50604
25.88062
24.29849
23.29985
24.15204
26.09548
27.33109
28.74265
33.79101
24.18033
24.38137
24.68381
25.48461
26.25649
26.46181
25.75176
25.0611
25.05826
25.06725
24.82034
24.31004
24.17691
24.73534
25.55567
28.23101
32.99033
23.3247
23.93896
24.20465
24.68978
25.18851
25.85808
25.75178
24.80063
24.52484
24.48666
24.4975
24.52789
24.61851
24.64724
24.76351
27.36304
30.18753
22.45697
23.4417
23.68909
24.1585
24.59466
25.28476
25.80545
25.44839
25.04102
24.78212
24.24067
23.95139
24.3566
24.55531
24.39133
26.19693
28.65269
21.76651
22.48856
23.16817
23.63479
24.1158
24.65874
25.07407
25.11295
24.9331
24.87162
24.21142
23.45883
23.67891
24.39998
24.78881
25.27883
26.35353
21.92986
19.94727
18.92966
17.74217
17.56444
17.88623
18.18898
17.94227
16.96964
16.78821
17.66113
17.48526
18.28141
21.53736
25.41523
26.91321
25.97773
24.87258
24.62959
24.31368
24.0616
22.47185
20.89924
19.69414
18.56639
17.17456
16.91998
17.46801
17.14394
18.07926
20.6428
23.79548
25.68098
26.64841
25.98059
27.64652
28.40355
29.23258
29.27489
28.44065
24.67912
20.03478
17.9856
17.65582
18.49152
18.57603
18.58947
20.29788
22.93209
25.40184
26.63246
25.86339
28.4137
30.39577
30.65763
30.6469
31.21976
29.28642
24.12034
20.25492
19.9849
20.98778
20.98546
20.20259
20.87321
23.08185
25.24274
26.39805
25.54641
28.43037
30.17181
29.43472
28.96528
30.09605
30.35044
27.32586
23.66981
23.32112
24.17989
24.107
22.79296
22.20573
23.60446
25.20984
26.7368
25.34943
27.50599
28.34067
27.35102
27.06853
28.19806
29.10088
28.71584
27.73975
27.73937
27.88144
26.79973
25.16162
24.565
25.10322
25.77399
26.93954
24.16593
26.07508
26.66144
25.79542
25.85869
26.42982
27.4015
29.1224
30.58205
30.46276
29.27412
27.91849
26.66692
26.02756
26.3015
26.55416
27.19101
23.1027
24.9695
25.32705
24.5718
24.59369
25.31611
26.38048
28.38001
30.02756
29.36824
28.301
28.52309
28.16327
27.46679
27.29001
27.53196
28.0595
22.90999
24.07876
24.57205
24.26697
24.04564
24.25435
24.81654
26.13741
27.47302
27.62977
28.45143
30.72997
31.87103
31.07234
29.81559
29.9554
30.69808
24.00631
24.72488
25.20588
25.11364
24.29447
23.63102
23.63605
24.94145
26.87065
28.19104
29.87967
33.1283
35.85595
34.95967
32.21073
33.09888
34.83158
25.92313
27.72324
28.02411
27.35234
26.31591
25.55544
24.70644
24.76647
26.92341
29.55939
31.63633
34.74228
37.60896
36.54652
33.62663
34.77127
37.23157
29.78958
31.13816
31.34834
30.96864
30.35463
29.49831
27.35929
25.48326
26.67201
29.96132
33.04297
35.66191
37.19983
35.65342
34.15298
35.61826
37.74732
30.82521
31.77695
32.74558
33.85837
34.01637
32.4541
29.40113
26.82636
26.85277
29.62888
33.22649
35.65177
36.02478
34.46867
34.14994
35.87407
38.11097
29.78057
30.37917
32.44824
34.86985
35.5487
33.48745
30.04177
27.45546
26.80218
28.72571
32.59423
35.34235
35.07202
33.66286
33.92525
35.81759
37.72964
28.92659
29.55386
31.91765
34.80477
35.72215
33.67815
30.19381
27.18016
25.51332
26.31697
30.18667
34.03117
34.60907
33.16845
33.81563
35.535
36.06438
28.0806
28.73594
31.23622
34.00035
35.20373
33.8198
30.70906
27.77523
24.86222
23.38058
26.28325
31.19764
33.82382
33.01413
33.4148
34.96508
34.37665
27.4866
27.83862
30.21609
32.70095
33.83299
32.87879
30.49607
28.79672
26.33869
23.21886
23.3766
27.71679
31.50936
31.94616
31.59358
32.88287
32.84065
26.78271
27.36685
29.29051
30.93892
31.66626
30.75015
29.32073
28.91179
27.54655
24.69331
22.62795
24.81213
28.72177
30.19556
29.65614
30.49483
31.59909
25.84135
26.63134
27.70026
28.70358
29.26306
28.95663
27.74903
27.80697
27.66817
25.79911
23.23752
23.16419
26.03965
28.27987
28.57075
29.1627
32.18662
24.96631
25.38739
25.84619
26.74703
27.69724
27.58951
26.5029
26.29162
26.57196
25.92001
24.33244
23.34034
24.20343
26.16761
27.41276
28.81562
33.85151
24.18973
24.39429
24.70621
25.52493
26.33071
26.57204
25.90129
25.199
25.15071
25.12407
24.86334
24.35524
24.2301
24.81022
25.65597
28.33745
33.08211
23.33511
23.95125
24.22222
24.71961
25.23782
25.94305
25.89262
24.96519
24.64993
24.57146
24.55632
24.57953
24.67207
24.71289
24.85656
27.47297
30.29624
22.46832
23.45265
23.70195
24.18006
24.62665
25.34443
25.92123
25.62518
25.20245
24.90728
24.33099
24.02291
24.4221
24.62244
24.46602
26.29331
28.76316
21.77892
22.49912
23.17963
23.65249
24.14213
24.70162
25.1613
25.27475
25.12491
25.04605
24.35288
23.57449
23.77558
24.49379
24.87791
25.36729
26.44892
21.96343
19.97832
18.95436
17.75981
17.57779
17.89952
18.20469
17.96229
16.99171
16.80719
17.67429
17.4918
18.28376
21.53806
25.41537
26.91303
25.97782
24.92066
24.6738
24.34588
24.08496
22.49006
20.91626
19.7112
18.58477
17.19298
16.93488
17.47678
17.14721
18.08002
20.64294
23.79552
25.68082
26.6488
26.05495
27.71137
28.44917
29.2641
29.29943
28.46251
24.69865
20.0527
18.00168
17.66749
18.49727
18.57777
18.58976
20.29791
22.93209
25.40174
26.63283
25.97417
28.50235
30.45682
30.69777
30.67639
31.24473
29.30799
24.13863
20.26891
19.99362
20.99151
20.98639
20.20267
20.87321
23.08185
25.24279
26.39829
25.70208
28.54418
30.24504
29.47868
28.99538
30.12046
30.37128
27.3427
23.68098
23.3268
24.18176
24.10739
22.793
22.20573
23.60446
25.20993
26.73705
25.54618
27.63664
28.41442
27.38988
27.09324
28.21728
29.11784
28.72996
27.74905
27.74375
27.88281
26.80001
25.16165
24.565
25.10312
25.77394
26.93962
24.36577
26.19214
26.71751
25.82095
25.87351
26.44149
27.41323
29.13319
30.58927
30.46595
29.27508
27.91865
26.66692
26.02756
26.3015
26.55406
27.19092
23.2542
25.03907
25.35309
24.58244
24.59937
25.32147
26.38787
28.38797
30.03357
29.37118
28.30185
28.52319
28.16327
27.46679
27.29001
27.53196
28.05943
22.98568
24.10232
24.5806
24.27137
24.04826
24.25754
24.82287
26.14626
27.48045
27.63296
28.45203
30.73
31.87099
31.07237
29.81561
29.95542
30.69806
24.04305
24.73779
25.21393
25.11885
24.29744
23.63578
23.64708
24.95605
26.88102
28.19461
29.88025
33.12835
35.85592
34.95963
32.21072
33.09888
34.83155
25.95168
27.74123
28.03779
27.36001
26.32067
25.56679
24.72899
24.79001
26.93671
29.56356
31.63717
34.74256
37.60919
36.54648
33.62661
34.77127
37.23156
29.81971
31.16698
31.37085
30.98205
30.36604
29.52371
27.39998
25.51773
26.68847
29.96664
33.04467
35.66267
37.20017
35.65363
34.15318
35.61832
37.7473
30.86981
31.82342
32.78275
33.88406
34.04028
32.49577
29.45868
26.87091
26.87351
29.63718
33.23046
35.65383
36.02569
34.46921
34.15039
35.87445
38.11117
29.84576
30.44905
32.50774
34.91489
35.58868
33.54456
30.11034
27.50664
26.82802
28.73848
32.60211
35.34721
35.07438
33.66428
33.92654
35.81863
37.73022
29.0149
29.64951
32.0008
34.86818
35.77685
33.74791
30.27067
27.23819
25.54507
26.33446
30.19949
34.0404
34.61424
33.1716
33.81857
35.53734
36.06557
28.16919
28.83399
31.32382
34.0672
35.26481
33.8993
30.79413
27.84207
24.90248
23.40429
26.30115
31.21158
33.8328
33.01995
33.42006
34.96936
34.37866
27.55123
27.90952
30.28227
32.75721
33.89582
32.96631
30.58833
28.87438
26.39304
23.25433
23.4009
27.73459
31.52229
31.95574
31.60204
32.88969
32.84389
26.81884
27.40775
29.33478
30.98742
31.73364
30.84542
29.42175
29.00356
27.62028
24.74648
22.66227
24.83457
28.73858
30.21002
29.66947
30.50544
31.6052
25.86558
26.66103
27.73715
28.7513
29.33146
29.05278
27.85808
27.91479
27.76298
25.8716
23.28434
23.19352
26.06124
28.29947
28.59023
29.18003
32.2007
24.9883
25.41561
25.88202
26.78985
27.75356
27.67009
26.60894
26.41117
26.6836
26.00981
24.39247
23.37857
24.23139
26.19206
27.43911
28.8431
33.88013
24.21388
24.42307
24.73797
25.55615
26.36717
26.62699
25.99044
25.32125
25.27452
25.22704
24.93742
24.40546
24.2671
24.83975
25.68657
28.37212
33.12386
23.36077
23.97725
24.24517
24.73812
25.258
25.97669
25.95655
25.07902
24.7847
24.68906
24.64635
24.64703
24.72305
24.75022
24.88811
27.50759
30.33842
22.49259
23.47184
23.71498
24.19029
24.64
25.36843
25.96488
25.71974
25.33771
25.03928
24.44127
24.11645
24.49702
24.67618
24.50625
26.32878
28.80201
21.79965
22.51384
23.18979
23.66149
24.15545
24.72378
25.19513
25.34476
25.2412
25.17877
24.48178
23.69947
23.88451
24.57722
24.94311
25.41661
26.49456
