 1
 1
 1
 1
 1
 1
 1
 1
 1
 1
 1
 1
 1
 1
 0
 0
 0
 1
 1
 1
 1
 1
 1
 1
 1
 1
 1
 1
 1
 1
 1
 0
 0
 0
 1
 1
 1
 1
 1
 1
 1
 1
 1
 1
 1
 1
 1
 1
 1
 0
 0
 1
 1
 1
 1
 1
 1
 1
 1
 1
 1
 1
 1
 1
 1
 1
 1
 0
 1
 1
 1
 1
 1
 1
 1
 1
 1
 1
 1
 1
 1
 1
 1
 1
 1
 1
 1
 1
 1
 1
 1
 1
 1
 1
 1
 1
 1
 1
 1
 1
 1
 1
 1
 1
 1
 1
 1
 1
 1
 1
 1
 1
 1
 1
 1
 1
 1
 1
 1
 1
 1
 1
 1
 1
 1
 1
 1
 1
 1
 1
 1
 1
 1
 1
 1
 1
 1
 1
 1
 1
 1
 1
 1
 1
 1
 1
 1
 1
 1
 1
 1
 1
 1
 1
 1
 1
 1
 1
 1
 1
 1
 1
 1
 1
 1
 1
 1
 1
 1
 1
 0
 1
 1
 1
 1
 1
 1
 1
 1
 1
 1
 1
 1
 1
 1
 1
 1
 1
 1
 1
 1
 1
 1
 1
 1
 1
 1
 1
 1
 1
 1
 1
 1
 1
 1
 1
 1
 1
 1
 1
 1
 1
 1
 1
 1
 1
 1
 1
 1
 1
 1
 1
 1
 1
 1
 1
 1
 1
 1
 1
 1
 1
 1
 1
 1
 1
 1
 1
 1
 1
 1
 1
 1
 1
 1
 1
 1
 1
 1
 1
 1
 1
 1
 1
 1
 1
 1
 1
 1
 1
 1
 1
 1
 1
 1
 1
 1
 1
 1
 1
 1
 1
 1
 1
 1
 1
 1
 1
 1
 1
 1
 1
 1
 1
 1
 1
 1
 1
 1
 1
 1
 1
 1
 1
 1
 1
 1
 1
 1
 1
 1
 1
 1
 1
 1
 1
 1
 1
 1
 1
 1
 1
 1
 1
 1
 1
 1
 1
 1
 1
 1
 1
 1
 1
 1
 1
 1
 1
 1
 1
 1
 1
 1
 1
 1
 1
 1
 1
 1
 1
 1
 1
 1
 1
 1
 1
 1
 1
 1
 1
 1
 1
 1
 1
 1
 1
 1
 1
 1
 1
 1
 1
 1
 1
 1
 1
 1
 1
 1
 1
 1
 1
 1
 1
 1
 1
 1
 1
 1
 1
 1
 1
 1
 1
 1
 1
 1
 1
 1
 1
 1
 1
 1
 1
 1
 1
 1
 1
 1
 1
 1
 1
 1
 1
 1
 1
 1
 1
1.017097
1.007218
1.003121
0.6998802
0.6739069
0.9336524
0.9439535
0.9588249
0.9371731
0.9027751
0.8482916
0.5062901
0.4333326
0.4108029
0.4149197
0.3575548
0.2991395
0.8092378
0.7961013
1.046868
1.033016
0.7270397
0.953543
0.6627662
0.6674628
0.6516712
0.9006804
0.854943
0.5185439
0.4583906
0.4354396
0.6309369
0.3576823
0.3231895
0.820765
0.8433167
0.8211828
1.042298
1.019212
0.9886368
0.6847472
0.6691039
0.6557856
0.6507494
0.6291583
0.571353
0.4993922
0.458753
0.445702
0.4065753
0.3575632
1.035353
0.7962888
0.7986783
1.013488
0.9928207
0.9883863
0.9769387
0.9619855
0.9492791
0.9526181
0.9366935
0.6264376
0.557605
0.7301633
0.6859936
0.6529895
0.3840972
0.7281524
0.7372648
1.002801
0.9766347
0.9649303
0.9735864
0.9859098
0.9859279
0.7049847
0.7139472
0.699652
0.9190738
0.8538705
0.7681947
0.7162524
0.6744368
0.6278068
0.9623609
0.7005509
0.9590266
0.9455116
0.683714
0.9656693
0.9841166
1.005843
1.006605
1.001452
0.9696041
0.9253606
0.8666636
0.7998692
0.5083653
0.4666369
0.6561728
0.9226825
0.6648688
0.9298744
0.9235188
0.9403197
0.9591035
0.978843
1.006661
1.014206
0.9901845
0.9461791
0.9075583
0.8619845
0.8074631
0.7678061
0.4810964
0.4435664
0.8896428
0.9006929
0.9032991
0.900978
0.9179629
0.9472613
0.9719871
0.9849318
0.9802794
0.961028
0.9413148
0.920149
0.8762212
0.8158616
0.7738267
0.7525498
0.4684924
0.8802142
0.8899683
0.9007071
0.9101663
0.9247029
0.9467613
0.9686637
0.9851624
0.9928651
0.9778408
0.6905696
0.6977718
0.6851081
0.6160741
0.5512583
0.5426818
0.5325693
0.8962721
0.9082302
0.926404
0.946623
0.9597432
0.9729144
0.7198999
1.004873
1.027247
0.7519386
0.709099
0.7146494
0.7469633
0.695109
0.5952742
0.5906709
0.605978
0.05274755
0.6888014
0.7127061
0.7366741
1.016985
1.023364
0.7492392
0.7353841
0.7503374
0.7761113
0.7537739
0.7279315
0.7601219
0.724188
0.6339124
0.6236624
0.6402302
0.7055267
0.7470334
0.7862422
1.075763
0.8207569
0.8143886
0.7895833
0.7463837
0.7331523
0.7640803
0.7783244
0.7478848
0.7395294
0.7016612
0.659074
0.663262
0.6638289
0.7235793
0.7699223
0.8290858
0.8787751
0.8708245
0.8319975
0.7928838
0.7647085
0.7476863
0.7565058
0.7757638
0.7545988
0.7259058
0.6946955
0.6755537
0.6924067
0.6916992
0.7329942
0.7752553
0.8281516
0.8841675
1.117558
0.8030033
0.7672918
0.7509224
0.743557
0.7403568
0.7631743
0.7761275
0.7447723
0.7102011
0.7031186
0.7190781
0.713001
0.7216184
0.7587662
0.7985492
0.8436499
1.070273
0.7624778
0.7388803
0.7297772
0.7245041
0.7203688
0.7353787
0.7741248
0.777456
0.7367566
0.7327871
0.7457214
0.7207916
0.6927474
0.7284271
0.7599919
0.7877015
1.018063
0.7318422
0.7274552
0.7289405
0.7228056
0.7119371
0.7191297
0.7518376
0.7862671
0.7661588
0.7516215
0.7644535
0.7341868
0.6446897
0.6849576
0.7160481
0.9958751
0.720373
0.7127564
0.7242928
0.7432708
0.751238
0.7423431
0.7280092
0.7458116
0.7818639
0.7835078
0.7678251
0.7732686
0.7509828
0.8965225
0.6567779
0.9590677
0.9744786
0.9694298
0.7077334
0.7265478
0.7552306
0.7725917
0.7780519
0.7661963
0.7590131
0.785857
0.7969853
0.7882215
0.7881986
0.768984
0.9071959
0.9264981
0.9548502
0.9647128
0.7078236
0.7144843
0.7333094
0.7618179
0.7806714
0.7902501
0.7951277
0.788693
0.7933422
0.80425
0.8101649
0.8294741
0.8425198
0.9085344
0.9294591
0.9515156
0.7003181
0.7201582
0.7350717
0.7517252
0.7739163
0.7906541
0.8085826
0.8286785
0.8355513
0.8267503
0.8178165
0.8144043
0.8272471
0.8611347
0.8940189
0.9264464
0.9540487
0.7167192
0.7412817
0.7625726
0.778636
0.798558
0.8160514
0.8366731
0.8591511
0.8739451
0.8627918
0.8355923
0.8160396
0.804019
0.8020189
0.8742614
0.9160128
0.9497094
0.9826026
0.7521408
0.7846853
0.8040441
0.825519
0.8533124
0.8789641
0.8987861
0.9157758
0.9063608
0.8626329
0.8226019
0.7854505
0.7532829
0.8501956
0.8918458
0.6616135
0.9666911
1.002309
0.7893118
0.8217226
0.8468546
0.8817327
0.9195335
0.9462309
0.9645185
0.9557861
0.9037153
0.8458863
0.7922763
0.7507226
0.8293656
0.5996955
0.6367416
0.6732024
0.9814097
1.03303
0.8282747
0.8648944
0.898458
0.9374254
0.9749186
0.9998886
0.9903671
0.940179
0.8839944
0.8199871
0.7622531
1.837676
1.74572
1.723196
1.313516
1.11091
1.294749
1.342542
1.411991
1.441552
1.463673
1.45904
1.069467
0.9086251
0.8578722
0.8649879
0.804077
0.6946578
1.739927
1.66119
1.839493
1.762277
1.321821
1.400026
1.068543
1.117368
1.163952
1.49997
1.528365
1.172621
1.041635
0.958878
1.10271
0.7815663
0.7147672
1.719136
1.747203
1.629897
1.726529
1.666302
1.587758
1.235387
1.196133
1.221735
1.3065
1.381456
1.337059
1.18249
1.038098
0.9667576
0.8762291
0.7522864
1.772359
1.562233
1.524004
1.622543
1.584797
1.625736
1.642051
1.610096
1.603311
1.690957
1.760536
1.464629
1.3124
1.342667
1.223476
1.142729
0.7796998
1.344883
1.352796
1.593138
1.505761
1.484895
1.571878
1.690461
1.747468
1.469989
1.54437
1.5884
1.791538
1.652759
1.431
1.276225
1.15436
1.032963
1.516288
1.232035
1.45585
1.420424
1.191996
1.551282
1.69025
1.827586
1.886989
1.92254
1.897534
1.820187
1.697935
1.521127
1.116495
0.9553029
1.042076
1.362016
1.120398
1.374301
1.374946
1.461975
1.575445
1.704726
1.859693
1.959724
1.954034
1.891466
1.819998
1.711185
1.537736
1.373683
0.9615448
0.800676
1.203515
1.281007
1.316764
1.347462
1.452348
1.60955
1.745311
1.854222
1.940506
1.966425
1.954102
1.920997
1.824574
1.612179
1.38955
1.227306
0.8145851
1.167355
1.265069
1.358856
1.425231
1.520041
1.674498
1.836262
1.9637
2.056383
2.057062
1.726837
1.736297
1.706368
1.502687
1.204846
1.041647
0.9262582
1.391553
1.490789
1.588431
1.691592
1.774641
1.875664
1.732248
2.091837
2.187218
1.895766
1.721938
1.674166
1.716083
1.583835
1.234325
1.050904
1.023915
0.8235402
1.584513
1.700133
1.804233
2.128844
2.147835
1.848261
1.790896
1.820087
1.852776
1.722815
1.566812
1.585578
1.508945
1.218288
1.023654
0.9890422
1.577746
1.764982
1.937849
2.302607
2.076169
2.037655
1.900669
1.707497
1.621902
1.66501
1.647816
1.493553
1.407146
1.3262
1.161458
1.051042
0.9591275
1.526847
1.700573
1.908289
2.05865
2.043604
1.917824
1.755775
1.604204
1.497034
1.479005
1.499701
1.416481
1.286357
1.187222
1.086453
1.045266
0.9715692
1.458851
1.59286
1.753748
1.899035
2.096066
1.656791
1.497362
1.406687
1.342118
1.289062
1.308762
1.33079
1.235147
1.118161
1.042448
1.010928
0.9660378
1.432686
1.512669
1.594371
1.677904
1.855607
1.433612
1.279389
1.190329
1.134455
1.094883
1.112368
1.177585
1.192163
1.080759
1.022023
1.00606
0.9411311
1.296953
1.386418
1.407891
1.413861
1.601881
1.248002
1.15163
1.081888
1.011349
0.9420338
0.959587
1.038792
1.09808
1.05709
0.999577
1.010327
0.9701777
1.145079
1.195881
1.211026
1.446021
1.146394
1.102771
1.069381
1.077733
1.075295
0.9918633
0.9115659
0.9626248
1.035515
1.032956
0.9942126
1.000113
0.9947143
1.435729
1.086245
1.377563
1.365793
1.34031
1.034499
1.023686
1.075991
1.119701
1.109364
1.020004
0.9664443
1.030916
1.067818
1.067559
1.05365
1.041676
1.421902
1.359815
1.366184
1.351126
1.079572
1.034131
1.004128
1.047695
1.077836
1.096885
1.084215
1.043709
1.036911
1.084183
1.13922
1.169374
1.268469
1.326552
1.318061
1.307435
1.047222
1.062592
1.070085
1.03114
1.014452
1.027894
1.062086
1.097792
1.102624
1.070227
1.061063
1.088359
1.125104
1.265396
1.223414
1.231138
1.237375
1.027815
1.053668
1.100554
1.109695
1.033893
1.034756
1.055617
1.096358
1.129915
1.116109
1.064312
1.035996
1.034063
1.07394
1.160637
1.195467
1.224013
1.26518
1.068012
1.13798
1.179685
1.109705
1.088184
1.099848
1.117769
1.159609
1.175955
1.118457
1.033106
0.9914401
0.9581053
1.123697
1.169127
0.951188
1.258973
1.301615
1.136113
1.224975
1.195909
1.128443
1.149384
1.175207
1.203039
1.213292
1.16981
1.087862
1.014864
0.9619399
1.093169
0.8682017
0.9127647
0.9571151
1.270237
1.342435
1.18644
1.233269
1.180703
1.169376
1.207572
1.231759
1.206586
1.155465
1.114257
1.052371
0.9626138
3.088834
3.038617
3.110536
2.611606
2.198067
2.31735
2.383675
2.456383
2.447781
2.446828
2.40021
1.864857
1.632769
1.683073
1.797314
1.75301
1.589554
3.162131
3.146798
3.35709
3.248189
2.633858
2.508588
2.068683
2.08388
2.113074
2.463739
2.512919
2.084416
1.918674
1.903169
2.099495
1.775762
1.721239
3.130018
3.266307
3.147601
3.16999
3.037427
2.847648
2.35245
2.184041
2.161868
2.295109
2.45733
2.422302
2.203762
2.026258
1.991559
1.956479
1.848396
2.97243
2.887736
2.895647
2.929416
2.85782
2.896241
2.843372
2.682003
2.602194
2.75483
2.919489
2.652279
2.420941
2.341085
2.24397
2.232697
1.877276
2.397501
2.493661
2.800343
2.675477
2.626847
2.753817
2.899402
2.890155
2.52838
2.664146
2.791064
2.998747
2.787791
2.448577
2.270396
2.177876
2.090895
2.560399
2.324699
2.584364
2.528471
2.294068
2.65586
2.82738
2.957076
2.991542
3.074182
3.091569
3.002008
2.811055
2.548434
2.101274
1.914353
2.006449
2.325754
2.191813
2.475142
2.458695
2.549832
2.651699
2.783719
2.971033
3.109307
3.13065
3.073747
2.96615
2.794049
2.541243
2.318006
1.860259
1.673686
2.027653
2.281416
2.372213
2.371821
2.467341
2.651575
2.808172
2.957644
3.100354
3.138241
3.100859
3.058883
2.93215
2.619407
2.290897
2.069925
1.635571
1.956104
2.206824
2.363379
2.399915
2.491184
2.732965
2.9827
3.181755
3.327708
3.266772
2.856209
2.888332
2.861637
2.571012
2.097415
1.858195
1.741588
2.481886
2.643969
2.784555
2.89861
2.981039
3.155434
3.102447
3.513791
3.628905
3.227567
2.877032
2.799176
2.873814
2.683714
2.103234
1.808429
1.82648
2.303806
3.208046
3.423725
3.540756
3.814579
3.773248
3.402601
3.263578
3.263185
3.228207
2.90865
2.616066
2.647852
2.531017
2.020555
1.686687
1.699126
3.194609
3.566171
3.909635
4.309244
4.024929
3.85931
3.515332
3.092268
2.899907
2.91259
2.775174
2.464578
2.321822
2.179283
1.865013
1.660128
1.558153
3.030251
3.340693
3.714614
3.953081
3.88097
3.585234
3.193066
2.828612
2.598881
2.527631
2.495214
2.318768
2.081059
1.891964
1.686818
1.602328
1.507606
2.846861
3.043087
3.312237
3.549067
3.679897
3.02405
2.633932
2.415863
2.27139
2.145397
2.140421
2.141187
1.948675
1.703179
1.545548
1.488381
1.440029
2.805563
2.884796
2.997857
3.137704
3.25555
2.604819
2.201375
1.993294
1.861859
1.761477
1.776403
1.85861
1.846151
1.589211
1.44941
1.41874
1.336284
2.501091
2.66174
2.665365
2.673785
2.844266
2.332494
2.016709
1.823363
1.623227
1.430284
1.459368
1.606057
1.684153
1.543376
1.38839
1.386674
1.340433
2.202562
2.235028
2.272653
2.506438
2.249179
2.128465
1.939633
1.897543
1.809578
1.531307
1.325181
1.452141
1.573206
1.506303
1.360059
1.351095
1.365273
2.497605
2.006447
2.328304
2.345611
2.373012
2.013918
1.875739
1.925681
1.968891
1.862255
1.571112
1.436857
1.552574
1.571775
1.505158
1.477209
1.50622
2.41455
2.280547
2.304841
2.321272
2.086198
1.968747
1.783285
1.802362
1.848579
1.857342
1.752339
1.567499
1.526615
1.601806
1.661539
1.722393
1.966021
2.144714
2.15388
2.134586
1.891837
1.937324
1.941161
1.717897
1.59213
1.606289
1.662353
1.701309
1.650753
1.526934
1.508463
1.546527
1.617843
1.919508
1.878857
1.893101
1.856992
1.662716
1.711316
1.834268
1.756743
1.468212
1.455923
1.498983
1.579262
1.635718
1.585909
1.476453
1.419266
1.422148
1.52306
1.662324
1.718463
1.71933
1.732252
1.550733
1.702996
1.761723
1.514582
1.448735
1.479556
1.539741
1.632084
1.674079
1.586648
1.41535
1.330253
1.293033
1.526996
1.595399
1.393453
1.688371
1.716974
1.57139
1.698034
1.605526
1.459483
1.517339
1.584414
1.650073
1.694263
1.663013
1.527579
1.381879
1.318505
1.469838
1.259241
1.323362
1.379096
1.679975
1.742862
1.614636
1.652222
1.511488
1.510874
1.597252
1.645178
1.628228
1.606071
1.591902
1.48629
1.311768
4.772815
4.806802
4.999766
4.423183
3.871668
3.989104
4.102917
4.231615
4.199216
4.174613
4.06785
3.309712
2.921379
3.040628
3.258686
3.295991
3.093727
5.093391
5.178461
5.505602
5.447471
4.70752
4.417912
3.814473
3.762463
3.797338
4.192242
4.304498
3.751119
3.474884
3.483979
3.679266
3.353997
3.296788
5.14946
5.497471
5.464504
5.449654
5.226892
4.918365
4.254622
3.864222
3.746725
3.971857
4.291321
4.259979
3.904684
3.665889
3.644824
3.648117
3.529395
4.777861
4.955962
5.096472
4.990985
4.799112
4.835083
4.750786
4.41678
4.186822
4.424845
4.73747
4.502893
4.139417
3.926969
3.874089
3.935844
3.575801
3.92604
4.256281
4.677664
4.398444
4.218183
4.435409
4.704852
4.625211
4.124656
4.32408
4.550647
4.779678
4.4786
4.001856
3.826898
3.786603
3.739015
3.978195
3.877991
4.181309
4.00661
3.699321
4.124022
4.413464
4.561543
4.566156
4.700825
4.767096
4.675386
4.422426
4.073238
3.600944
3.419424
3.528527
3.601285
3.629366
3.923299
3.808205
3.870009
4.00096
4.183088
4.439976
4.644505
4.705933
4.661638
4.519672
4.297424
3.977313
3.713141
3.250914
3.05427
3.141605
3.600133
3.707652
3.611
3.688677
3.924386
4.114917
4.327587
4.573511
4.6692
4.622814
4.570778
4.416865
4.00565
3.583765
3.342237
2.8908
3.024637
3.429263
3.600828
3.565292
3.647047
3.971501
4.309603
4.623893
4.87337
4.791368
4.355221
4.461319
4.443326
4.025819
3.36507
3.085061
2.974075
3.855032
4.052181
4.193695
4.254695
4.298371
4.536102
4.595109
5.117669
5.320185
4.866795
4.417795
4.398889
4.537543
4.236423
3.367538
2.979224
3.058855
4.169089
5.168219
5.397125
5.43232
5.580904
5.457126
5.043786
4.888998
4.954887
4.931242
4.486494
4.140429
4.233531
4.043704
3.247707
2.756335
2.844219
5.260492
5.771925
6.179079
6.523108
6.115113
5.774956
5.213779
4.608919
4.409097
4.473659
4.26812
3.855004
3.709874
3.498076
2.981434
2.654115
2.570003
4.919826
5.327453
5.798182
6.073779
5.893314
5.367692
4.704757
4.15554
3.875168
3.819245
3.780436
3.548966
3.248183
2.977636
2.639756
2.492452
2.414266
4.50062
4.719208
5.074429
5.383344
5.39086
4.44814
3.793336
3.476658
3.287839
3.130519
3.152246
3.183882
2.926263
2.565311
2.316833
2.236419
2.234579
4.363429
4.393056
4.529931
4.729211
4.728575
3.749505
3.071269
2.778731
2.591192
2.450506
2.496736
2.653555
2.664241
2.274393
2.056553
2.038326
2.002929
3.843479
4.034989
4.012397
4.039919
4.157986
3.37262
2.806788
2.500483
2.165021
1.873098
1.942495
2.192777
2.362699
2.152356
1.891257
1.94766
1.957596
3.430741
3.375925
3.432895
3.689692
3.49154
3.179558
2.804578
2.709121
2.475228
1.964612
1.684553
1.92274
2.135529
2.064578
1.824907
1.860704
1.95257
3.852301
3.141389
3.474509
3.543973
3.639775
3.111411
2.807351
2.869163
2.860305
2.559397
2.041184
1.892381
2.103955
2.158243
2.054277
2.058005
2.176832
3.815841
3.518769
3.530565
3.591783
3.404176
3.092562
2.684197
2.705112
2.767856
2.70456
2.413751
2.095001
2.089598
2.243435
2.334839
2.478331
2.946366
3.379112
3.312367
3.254897
3.037639
3.145894
3.043143
2.516303
2.320349
2.356432
2.416533
2.398937
2.24157
2.054351
2.067083
2.142561
2.306421
2.870181
2.917244
2.865685
2.751737
2.558297
2.674851
2.827758
2.475303
2.014491
2.007896
2.067544
2.163273
2.205761
2.091438
1.921877
1.838688
1.902815
2.181815
2.525098
2.548678
2.466954
2.421635
2.27161
2.529818
2.485493
1.97807
1.916224
1.94782
2.025629
2.14598
2.188617
2.028338
1.736612
1.655795
1.704709
2.285301
2.331498
2.074212
2.297475
2.307044
2.248931
2.434261
2.16449
1.915853
1.983448
2.042301
2.111443
2.182539
2.156322
1.935305
1.705825
1.69606
2.18622
1.956019
1.981469
1.988914
2.246585
2.344257
2.338301
2.359031
2.042494
1.977694
2.038092
2.056886
2.053421
2.104732
2.114873
1.896563
1.655112
6.838784
6.923241
7.133946
6.374423
5.63844
5.695014
5.880126
6.094891
6.041412
6.017084
5.889972
4.949172
4.512891
4.940917
5.551464
5.853694
5.666585
7.363819
7.49628
7.87193
7.797031
6.894164
6.371161
5.620581
5.58446
5.694727
6.173265
6.347021
5.623237
5.266133
5.435776
5.786174
5.629985
5.702026
7.541381
8.085437
8.056839
7.934348
7.646988
7.216215
6.369724
5.800292
5.671084
6.070053
6.591639
6.527407
5.979829
5.705982
5.783624
5.940242
5.895721
7.102525
7.557612
7.750787
7.397581
7.171597
7.294705
7.159484
6.603076
6.255002
6.660583
7.188673
6.977129
6.404547
6.028838
6.081681
6.300036
5.984888
6.020787
6.591312
7.105079
6.593299
6.363664
6.818448
7.23753
7.017312
6.361386
6.695224
7.082375
7.327763
6.860858
6.192154
6.068537
6.163881
6.217955
5.843093
5.914258
6.246784
5.930174
5.631488
6.257136
6.721595
6.882873
6.875407
7.139508
7.313431
7.224473
6.85469
6.370716
5.907917
5.791843
5.979107
5.161856
5.396244
5.727519
5.495271
5.594923
5.855896
6.15794
6.543738
6.887282
7.068209
7.100633
6.94739
6.669353
6.275282
5.998813
5.576611
5.415409
4.459593
5.143818
5.30089
5.101147
5.210439
5.566527
5.860418
6.228983
6.681158
6.89818
6.868613
6.848102
6.715267
6.22269
5.743051
5.547257
5.106321
4.26365
4.831741
5.056803
4.960515
5.048868
5.504056
6.012108
6.541115
6.966549
6.872102
6.440447
6.706105
6.76983
6.238862
5.398393
5.142393
5.044748
5.550675
5.770528
5.926794
5.908851
5.88274
6.204913
6.44927
7.174829
7.540139
7.049187
6.515247
6.628561
6.89192
6.475581
5.280964
4.828739
4.974524
6.560268
7.635855
7.862091
7.754783
7.718924
7.498826
7.066266
6.972242
7.2104
7.244277
6.664966
6.292061
6.470462
6.181115
5.039405
4.387138
4.547229
7.826109
8.482525
8.975339
9.210798
8.66156
8.132791
7.336464
6.582572
6.471295
6.671697
6.419432
5.898107
5.730031
5.396305
4.617521
4.149992
4.073409
7.128593
7.656925
8.294278
8.650413
8.354069
7.57851
6.618427
5.907739
5.656399
5.711143
5.714786
5.41869
5.021937
4.615618
4.091159
3.853055
3.775911
6.341443
6.602365
7.140748
7.612277
7.479501
6.203255
5.252226
4.873927
4.716136
4.623028
4.746873
4.812836
4.451135
3.924265
3.554267
3.428863
3.445324
6.066535
6.092897
6.32495
6.657685
6.526354
5.122058
4.140447
3.800139
3.614673
3.509116
3.672003
3.939357
3.930966
3.349906
3.050882
3.045192
3.017815
5.356601
5.584569
5.606574
5.702845
5.7589
4.565722
3.719769
3.338554
2.900846
2.557326
2.734403
3.14373
3.3841
3.016056
2.64319
2.789745
2.806092
4.860569
4.683399
4.810376
5.123876
4.951892
4.331055
3.752121
3.638965
3.257033
2.526312
2.2243
2.622232
2.923928
2.777682
2.374172
2.467587
2.604662
5.276568
4.383481
4.768309
4.921166
5.044343
4.259732
3.809123
3.92879
3.85221
3.319863
2.584012
2.464218
2.758327
2.773902
2.552006
2.595119
2.79665
5.225373
4.780054
4.812112
4.976632
4.820039
4.230563
3.63831
3.732394
3.822387
3.631828
3.106458
2.667751
2.703768
2.887432
2.956185
3.178135
3.836881
4.70126
4.545488
4.468083
4.338458
4.507627
4.152317
3.351973
3.179349
3.285493
3.327439
3.183199
2.872822
2.623706
2.666464
2.774412
3.012967
3.782618
4.106596
3.963547
3.786443
3.656575
3.897038
3.946658
3.214243
2.699074
2.749973
2.844172
2.916379
2.883087
2.664261
2.425599
2.326016
2.44035
2.842418
3.53162
3.489319
3.341674
3.303434
3.279695
3.622714
3.321791
2.577869
2.582445
2.651402
2.741289
2.861843
2.85547
2.579121
2.117707
2.024699
2.122025
3.159617
3.160157
2.852247
3.048527
3.128301
3.244171
3.465816
2.961038
2.649119
2.745778
2.792892
2.84199
2.916015
2.842864
2.435308
2.069078
2.103219
3.033565
2.762995
2.742716
2.71301
2.979579
3.207569
3.37518
3.382651
2.920564
2.780695
2.778085
2.741473
2.754677
2.844766
2.758469
2.340604
2.04498
8.950731
9.090531
9.299976
8.374403
7.541894
7.655844
7.991226
8.323047
8.242312
8.214571
8.119378
7.099313
6.748666
7.695528
8.957301
9.676641
9.43508
9.663882
9.836656
10.26572
10.16002
9.089302
8.406343
7.616571
7.669226
7.880482
8.423765
8.631124
7.75498
7.472954
8.04813
8.817962
9.05241
9.375759
9.963992
10.67738
10.66899
10.45027
10.04474
9.461061
8.475882
7.810743
7.736727
8.359831
9.085362
8.96294
8.281296
8.151175
8.544565
9.093324
9.323683
9.513898
10.23942
10.49297
9.919322
9.653064
9.803164
9.524284
8.72533
8.351183
9.029819
9.843957
9.660721
8.863668
8.410506
8.725792
9.263662
9.165541
8.278897
9.164959
9.803361
9.085379
8.869656
9.525276
9.979902
9.527078
8.751057
9.305068
9.918074
10.18439
9.495389
8.657495
8.711377
9.063634
9.343431
7.901497
8.310528
8.754008
8.333559
8.1362
9.00106
9.604661
9.727508
9.711094
10.13314
10.40741
10.28423
9.72277
9.083765
8.714559
8.749476
9.128069
6.953783
7.560702
8.029533
7.738884
7.997658
8.470797
8.917194
9.455233
9.991483
10.32933
10.40979
10.2008
9.809008
9.282046
9.003748
8.669847
8.64951
6.011582
7.09001
7.383558
7.139523
7.401495
7.975697
8.42132
8.995569
9.735229
10.10125
10.09047
10.17782
10.08259
9.452867
8.907488
8.786077
8.413177
5.682625
6.609463
6.960239
6.837202
7.016811
7.683761
8.411066
9.190861
9.808409
9.705006
9.400185
10.02793
10.29998
9.664719
8.652479
8.479174
8.427952
7.346808
7.741837
7.924372
7.829986
7.817497
8.309227
8.786341
9.756817
10.33095
9.840941
9.337565
9.809507
10.41605
9.958995
8.443047
8.033494
8.330746
9.270315
10.44939
10.60959
10.29106
10.10514
9.892897
9.532124
9.570797
10.02981
10.15536
9.511539
9.294558
9.774241
9.459467
7.96304
7.270693
7.617913
11.05675
11.89568
12.41798
12.47428
11.75885
11.09327
10.12809
9.263676
9.269326
9.626316
9.351489
8.801245
8.724442
8.282199
7.235852
6.731677
6.743372
10.08337
10.8345
11.69652
12.1332
11.68713
10.67305
9.476706
8.650897
8.440739
8.59667
8.627381
8.238168
7.734462
7.15288
6.419351
6.142078
6.11167
8.79741
9.211547
10.06677
10.78315
10.49952
8.871643
7.649499
7.277804
7.207368
7.196524
7.42831
7.471036
6.908345
6.148072
5.61656
5.440649
5.484754
8.240819
8.356991
8.816099
9.396627
9.112415
7.226017
5.909695
5.568383
5.449615
5.42844
5.776409
6.173263
6.059184
5.213556
4.805483
4.788823
4.745907
7.320534
7.55858
7.76554
8.021132
7.942025
6.199783
5.045684
4.616713
4.11796
3.764375
4.134811
4.784964
5.08423
4.504175
4.024094
4.262361
4.245122
6.83716
6.395861
6.687004
7.142422
6.897978
5.706911
4.900954
4.808865
4.276217
3.334933
3.080072
3.721852
4.135257
3.887893
3.341356
3.507865
3.680258
7.138157
6.070564
6.506245
6.764482
6.898226
5.636291
4.933139
5.151874
4.982285
4.180352
3.242195
3.208081
3.61082
3.576168
3.237374
3.338453
3.639579
6.855841
6.322572
6.39056
6.66518
6.530626
5.589879
4.706859
4.893695
4.986956
4.612423
3.821584
3.292942
3.395248
3.594632
3.617263
3.914474
4.790193
6.176409
5.954094
5.876277
5.851726
6.048139
5.373044
4.270301
4.140491
4.312709
4.286239
3.960572
3.495111
3.214352
3.285242
3.413334
3.742272
4.746655
5.491164
5.257812
5.036593
4.992727
5.323434
5.142168
3.967715
3.430429
3.541793
3.646579
3.658423
3.519938
3.190374
2.901254
2.821444
3.018158
3.594807
4.760742
4.656963
4.467487
4.470675
4.576869
4.8965
4.189867
3.179835
3.240809
3.348784
3.44476
3.565958
3.498779
3.092703
2.488684
2.430659
2.616855
4.209668
4.181804
3.856516
4.080393
4.26437
4.513304
4.685169
3.917811
3.512289
3.593966
3.603548
3.610096
3.665617
3.521711
2.935019
2.476616
2.588631
3.983644
3.691768
3.659384
3.657451
3.982203
4.336324
4.613121
4.580827
4.014825
3.777659
3.653622
3.512762
3.511015
3.618268
3.447153
2.864402
2.544378
10.78592
11.04959
11.31045
10.26718
9.362445
9.558759
10.02755
10.41958
10.25115
10.21707
10.25944
9.234442
8.933909
10.41413
12.38011
13.53135
13.27333
11.65362
12.01117
12.60244
12.513
11.28748
10.47254
9.651464
9.735582
9.935436
10.55231
10.81546
9.812912
9.617384
10.6557
11.94227
12.60971
13.206
12.06887
13.09051
13.2564
13.00395
12.484
11.75834
10.63341
9.882257
9.803869
10.60089
11.5108
11.31666
10.52793
10.59961
11.38631
12.42742
13.05394
11.59721
12.70069
13.1507
12.44572
12.07916
12.19849
11.80383
10.78342
10.3986
11.36071
12.46842
12.29216
11.28684
10.81662
11.46448
12.45958
12.75437
10.21713
11.50676
12.31645
11.43867
11.21507
11.94846
12.34493
11.67416
10.88977
11.78259
12.68988
12.96203
12.02909
11.09237
11.44484
12.2349
12.86432
9.634945
10.42396
11.01414
10.48399
10.34392
11.3726
12.02525
12.08523
12.15248
12.86638
13.3195
13.14165
12.35246
11.6345
11.49771
11.85603
12.53901
8.426443
9.444131
10.03362
9.673827
10.06939
10.73661
11.32639
12.02102
12.78447
13.31638
13.42801
13.12358
12.60385
11.98647
11.80571
11.71485
12.0122
7.297516
8.750797
9.163531
8.896494
9.32695
10.13549
10.8136
11.69044
12.73377
13.1631
13.10561
13.27264
13.14204
12.33012
11.73871
11.7905
11.66689
6.915697
8.159297
8.612643
8.523767
8.866608
9.781927
10.79922
11.89651
12.70902
12.59284
12.45816
13.44746
13.8519
13.00721
11.74431
11.6538
11.78787
8.749733
9.372512
9.608555
9.550117
9.654927
10.36336
11.11889
12.42101
13.23705
12.83208
12.47197
13.39885
14.38946
13.82988
11.89479
11.4879
12.02799
11.35459
12.64144
12.73725
12.32562
12.16701
12.09094
11.8955
12.1806
12.98939
13.31525
12.74914
12.87198
13.82469
13.53784
11.6722
10.92801
11.53214
13.97101
14.92056
15.39698
15.29256
14.47845
13.76727
12.71895
11.86101
12.15316
12.84979
12.72605
12.36807
12.59371
12.15011
10.92377
10.46415
10.63256
13.2978
14.23509
15.23503
15.68212
15.05804
13.7844
12.36434
11.43186
11.3646
11.80338
12.0552
11.78587
11.34637
10.68402
9.889248
9.729141
9.837612
11.85954
12.40781
13.55736
14.52844
14.09199
12.06781
10.5397
10.1486
10.17522
10.34882
10.83549
10.99662
10.31764
9.374548
8.800189
8.738146
8.923894
11.06193
11.23881
11.96459
12.91453
12.59432
10.24391
8.535371
8.184109
8.110314
8.199329
8.85947
9.511292
9.310265
8.177958
7.725868
7.800214
7.816442
9.871624
10.05194
10.52994
11.08254
11.0412
8.864392
7.365207
6.92797
6.350781
5.928406
6.578725
7.648472
8.082653
7.241092
6.669242
7.04093
6.998759
9.389626
8.61027
9.118786
9.81506
9.611938
7.921376
6.932861
6.994059
6.370249
5.142369
4.929276
5.98667
6.650525
6.285431
5.571319
5.848716
6.054936
9.529076
8.33329
8.878893
9.310202
9.448318
7.618655
6.726703
7.21963
7.098829
5.99256
4.784298
4.924162
5.591361
5.539499
5.029498
5.198627
5.638169
8.912991
8.428895
8.625042
9.074435
8.968978
7.483568
6.259459
6.705471
6.926134
6.381793
5.257023
4.646502
4.92266
5.181056
5.056183
5.355962
6.563993
7.95511
7.781304
7.78049
7.928463
8.233692
7.1898
5.609154
5.600222
5.91146
5.826532
5.269036
4.614944
4.309492
4.404002
4.489648
4.879088
6.242774
7.174275
6.855971
6.602497
6.696679
7.196181
6.859901
5.114929
4.515115
4.745262
4.859087
4.738778
4.44703
3.967876
3.603364
3.534927
3.841698
4.706217
6.393099
6.175062
5.89411
5.930548
6.198723
6.569989
5.440924
4.039712
4.218538
4.384485
4.44263
4.504979
4.32948
3.739838
2.956984
2.972683
3.309264
5.752785
5.65823
5.270815
5.481286
5.746418
6.153561
6.321179
5.262044
4.707592
4.763574
4.705745
4.614845
4.615752
4.361038
3.526163
2.976568
3.200298
5.428856
5.108547
5.051989
5.057349
5.385931
5.812414
6.199784
6.116163
5.407166
5.027671
4.75034
4.479897
4.457565
4.566648
4.264827
3.506196
3.196347
12.00136
12.23374
12.51651
11.5597
10.74453
11.04688
11.63887
12.06684
11.71863
11.66396
12.00063
11.15836
10.9565
12.9748
15.6214
17.23969
17.17859
13.10423
13.58865
14.30106
14.29123
13.0346
12.14929
11.3468
11.4711
11.60503
12.24695
12.63404
11.60628
11.49154
13.00274
14.8502
15.98097
16.94886
13.73523
15.06542
15.46197
15.24064
14.66155
13.85332
12.63634
11.76795
11.62113
12.51815
13.54838
13.29898
12.44213
12.75292
13.97651
15.5165
16.5987
13.32479
14.8757
15.65938
14.91293
14.46329
14.53963
14.02104
12.77608
12.27049
13.40238
14.74462
14.57217
13.38824
12.92095
13.91893
15.38997
16.17329
11.90983
13.68041
14.78512
13.82917
13.50156
14.2522
14.59616
13.68753
12.82722
14.00158
15.19566
15.47924
14.29924
13.24636
13.90501
15.17561
16.2604
11.17442
12.38001
13.19176
12.57653
12.41428
13.49997
14.17431
14.16907
14.31785
15.34231
16.00791
15.77645
14.7299
13.9185
14.03223
14.77372
15.83243
9.705553
11.08555
11.85981
11.39766
11.80732
12.58035
13.2888
14.16371
15.21051
16.00091
16.15496
15.73374
15.0996
14.41589
14.36363
14.57451
15.23677
8.36709
10.11754
10.5959
10.25027
10.73555
11.73359
12.67709
13.90493
15.25299
15.72439
15.61312
15.864
15.69211
14.74454
14.20185
14.50349
14.71237
7.876007
9.290856
9.743069
9.623887
10.06102
11.22404
12.59021
14.03541
15.01559
14.86264
14.87224
16.2233
16.71729
15.64882
14.23097
14.34083
14.76252
9.765503
10.49715
10.70909
10.63283
10.80827
11.69967
12.72988
14.36354
15.39524
15.08835
14.95
16.34526
17.64957
16.87471
14.54888
14.30657
15.16468
12.67733
14.00521
14.05832
13.56929
13.43841
13.49693
13.48546
14.02793
15.14662
15.69002
15.32025
15.92102
17.31273
16.87755
14.57934
13.92706
14.85581
15.8754
16.83313
17.26127
17.05884
16.17343
15.46266
14.43015
13.72266
14.33082
15.34838
15.48039
15.48597
16.0768
15.51539
14.04352
13.68931
14.07856
15.74102
16.67802
17.72308
18.17915
17.40477
15.85552
14.22547
13.30903
13.55168
14.38884
14.96138
14.94756
14.67177
13.93209
13.09142
13.09347
13.42048
14.59091
15.08473
16.42009
17.58515
16.96082
14.4323
12.50222
12.11653
12.38091
12.93654
13.82784
14.2028
13.48333
12.45087
11.9432
12.12438
12.59201
13.84068
13.94453
14.9329
16.26702
15.84855
12.80954
10.54429
10.18099
10.20357
10.56868
11.69437
12.67532
12.41367
11.10225
10.77178
11.13191
11.39703
12.58772
12.57727
13.39546
14.39462
14.48532
11.67323
9.503488
8.98196
8.30074
7.908204
8.9851
10.56502
11.1592
10.11185
9.618567
10.30302
10.40017
12.19935
11.07324
11.79773
12.88643
12.99167
10.81134
9.227769
9.259449
8.424938
6.907337
6.889031
8.488398
9.483304
9.033952
8.248138
8.790801
9.172179
12.18006
10.89075
11.52229
12.20825
12.61498
10.43699
9.062643
9.684227
9.476963
7.929876
6.494747
6.971393
8.070021
8.112511
7.4833
7.828033
8.539891
11.3564
10.93651
11.22317
11.85385
11.97565
10.13018
8.450655
9.108328
9.454883
8.611413
7.045932
6.413849
7.031944
7.506386
7.319074
7.685872
9.360226
10.15222
10.05022
10.11815
10.47371
11.01296
9.716012
7.585411
7.690618
8.240053
8.106807
7.228834
6.328331
6.035828
6.234059
6.344453
6.916144
8.851307
9.16083
8.796118
8.565357
8.894723
9.676727
9.319971
6.953578
6.212919
6.691089
6.91221
6.72729
6.268638
5.576344
5.053843
4.977137
5.5311
6.893693
8.25233
7.947049
7.639747
7.814489
8.373105
8.985358
7.581518
5.701798
6.027166
6.354629
6.463259
6.520978
6.246722
5.381507
4.177527
4.287199
4.920014
7.573308
7.4137
7.002936
7.267462
7.715809
8.459013
8.825976
7.612912
6.903381
6.902597
6.778597
6.597213
6.595657
6.213617
4.921712
4.241067
4.688401
7.237988
6.88907
6.834203
6.869238
7.229031
7.791075
8.393505
8.372245
7.601423
7.112113
6.666119
6.260171
6.245723
6.375534
5.867853
4.841157
4.508319
12.42814
12.5374
12.83997
12.09743
11.38883
11.81725
12.57118
12.87868
12.32339
12.23901
12.88073
12.59046
12.77701
15.25699
18.63057
20.73216
20.66259
13.84509
14.12097
14.74225
14.79903
13.75359
13.10935
12.41892
12.51473
12.60249
13.25484
13.78636
12.92095
13.05145
15.02198
17.50168
19.16424
20.36988
14.852
16.22155
16.66643
16.4226
15.81909
15.09008
13.97419
13.11437
12.96962
13.98208
15.19732
14.9062
14.00459
14.58824
16.31831
18.41575
19.88817
14.63171
16.53739
17.74896
17.08735
16.51452
16.51589
15.90298
14.48223
13.89009
15.15545
16.72819
16.58747
15.2272
14.77093
16.14804
18.09591
19.33172
13.36863
15.64725
17.29849
16.43931
15.93919
16.56174
16.7447
15.51508
14.51931
15.95802
17.47221
17.81693
16.4106
15.2154
16.14726
17.85481
19.40775
12.71712
14.37699
15.57718
14.9478
14.64895
15.63114
16.17816
15.99687
16.16955
17.5279
18.48849
18.28171
17.00274
16.05288
16.35713
17.45409
18.91906
11.27036
12.9117
13.85308
13.30678
13.59374
14.28529
14.97449
15.94968
17.28796
18.4199
18.68509
18.20673
17.48108
16.691
16.72379
17.23207
18.24224
9.836923
11.69603
12.15991
11.6339
12.02537
13.05934
14.16635
15.70187
17.3821
17.97057
17.89067
18.27714
18.09152
16.99244
16.48406
17.04074
17.57114
9.242433
10.67352
11.00343
10.6864
11.04583
12.32748
13.94496
15.68733
16.8534
16.74137
16.97181
18.71209
19.33093
18.0684
16.50078
16.82306
17.55387
11.11815
11.77512
11.83465
11.58171
11.66425
12.6055
13.81372
15.72207
16.99409
16.87158
17.03085
18.91622
20.54379
19.56834
16.87267
16.84475
18.06009
14.27939
15.49932
15.39502
14.68226
14.37441
14.38059
14.43294
15.20232
16.66573
17.51812
17.44278
18.56849
20.38216
19.74995
17.03373
16.56146
17.84797
17.98945
18.84352
19.15977
18.75211
17.58916
16.62189
15.45279
14.8794
15.86192
17.28575
17.78358
18.21682
19.15743
18.40189
16.69271
16.50828
17.13274
18.30946
19.15924
20.17503
20.59421
19.54127
17.45431
15.43367
14.56554
15.18696
16.49231
17.46689
17.75912
17.63503
16.77683
15.91758
16.11818
16.63803
17.35342
17.70785
19.10522
20.47152
19.75685
16.6112
13.94004
13.51471
14.11989
15.17226
16.51994
17.10697
16.32647
15.21628
14.85094
15.32051
16.0036
16.51083
16.51607
17.64338
19.31372
18.99036
15.50839
12.35804
11.73437
11.90049
12.67943
14.33665
15.61677
15.23322
13.76623
13.681
14.40119
14.85201
15.16301
15.03802
16.1009
17.45512
17.72839
14.58575
11.56199
10.70085
9.952891
9.719087
11.25705
13.29962
13.97736
12.75679
12.49854
13.57086
13.74579
14.72367
13.57357
14.49332
15.86925
16.22884
13.73002
11.42398
11.15635
10.11189
8.510385
8.790137
10.86512
12.10332
11.53634
10.82657
11.74931
12.26328
14.5067
13.31975
14.0974
15.05555
15.7381
13.27953
11.30773
11.74483
11.29875
9.443694
8.035874
8.93769
10.40114
10.43684
9.768005
10.40695
11.40854
13.61083
13.27869
13.67956
14.55472
14.99493
12.92131
10.68054
11.25056
11.50303
10.26599
8.42815
8.015594
9.014283
9.638802
9.402263
9.904618
12.07828
12.35338
12.26371
12.40738
13.00729
13.87091
12.49741
9.781865
9.734737
10.35294
10.01932
8.780913
7.80186
7.655079
7.970959
8.101661
8.862475
11.42731
11.25225
10.84059
10.66934
11.25064
12.36889
12.13487
9.271057
8.137388
8.703791
8.980601
8.656149
8.008087
7.149901
6.485103
6.400001
7.270847
9.223064
10.22396
9.890119
9.648616
10.02454
10.9202
11.87988
10.45561
8.123846
8.285223
8.681724
8.818021
8.809904
8.376999
7.113229
5.468197
5.800852
6.824751
9.51939
9.349931
9.006268
9.424427
10.12405
11.25616
11.93964
10.71539
9.77939
9.582907
9.382124
9.16859
9.20612
8.552839
6.571631
5.818439
6.632997
9.232558
8.880033
8.885344
9.017362
9.484079
10.21845
11.09575
11.28881
10.56924
10.01616
9.418577
8.898121
8.947304
9.076456
8.214493
6.81784
6.422976
13.65971
13.76639
13.68013
12.49177
11.43215
11.90439
12.86325
13.66174
13.11728
12.97957
13.43311
13.24095
13.93688
17.44964
21.31505
23.39576
22.9601
14.90723
15.00483
15.60625
15.57396
14.25123
13.57696
13.04832
13.55761
13.66753
14.30083
14.68189
13.5688
13.93167
16.53675
19.65899
21.71309
22.86755
16.28807
17.44439
17.78633
17.41819
16.78931
15.93433
14.94302
14.43854
14.219
15.18398
16.52539
15.96316
14.86981
15.78713
18.09145
20.73336
22.38382
16.47917
18.50593
19.94407
19.5154
19.00924
18.56516
17.35274
15.73018
15.17746
16.53147
18.39704
18.21334
16.56897
16.12552
17.9067
20.2984
21.77059
15.5021
18.1216
20.30825
19.92614
19.48044
19.74195
19.19596
17.04343
15.77568
17.51896
19.44226
20.01228
18.28098
16.92509
18.07722
20.13681
21.90351
15.1176
17.11243
18.67666
18.2823
17.95138
18.62556
18.68884
17.81327
17.70222
19.44808
20.84224
20.75018
19.23366
18.12155
18.53016
19.87398
21.52838
13.74336
15.58922
16.69006
16.10536
16.18365
16.58882
17.01534
17.86217
19.31341
20.74699
21.16216
20.67232
19.89592
18.99701
19.0577
19.76701
20.95522
12.10776
14.17705
14.7188
13.93228
13.97255
14.79775
15.85765
17.56718
19.45892
20.08309
20.0519
20.63911
20.51608
19.32147
18.81583
19.56078
20.28689
11.35088
12.98893
13.31189
12.67621
12.63245
13.73254
15.3886
17.2852
18.54171
18.44379
18.92104
21.09049
21.92351
20.5631
18.84761
19.33014
20.28649
13.09974
13.89426
13.9452
13.48174
13.19762
13.85834
14.99329
17.01688
18.46188
18.50341
18.96507
21.35326
23.36206
22.27954
19.23249
19.38542
20.92346
16.3277
17.71865
17.67386
16.86572
16.23692
15.8402
15.58263
16.37887
18.13841
19.28266
19.48252
21.11326
23.34759
22.54865
19.43149
19.13185
20.77625
20.28686
21.29035
21.7008
21.32203
20.05271
18.6774
16.89901
16.11761
17.42506
19.27925
20.12663
20.92234
22.13638
21.14389
19.18616
19.16821
20.05145
20.76067
21.69654
22.81984
23.46567
22.53044
20.08443
17.27807
16.07884
16.98884
18.75817
20.13429
20.64923
20.5429
19.47251
18.53372
18.90932
19.6406
19.69859
20.104
21.6777
23.39943
22.99387
19.79295
16.23173
15.24949
16.1004
17.65511
19.47293
20.19008
19.19241
17.88551
17.56806
18.26546
19.13107
18.60144
18.72563
20.09835
22.1602
22.17199
18.87074
15.10915
13.68869
13.80912
15.03455
17.28077
18.82805
18.17284
16.41177
16.47717
17.46003
18.00963
17.15207
17.1175
18.46223
20.16422
20.76088
17.88905
14.49577
12.92014
11.79876
11.73982
13.79449
16.32176
16.97988
15.44335
15.34018
16.7021
16.84836
16.52737
15.54978
16.74154
18.38029
19.07758
16.79564
14.35274
13.58663
12.04754
10.31567
10.90734
13.4791
14.94153
14.17122
13.46219
14.71571
15.26125
16.22814
15.21089
16.2193
17.46169
18.40087
16.01095
13.99114
14.21192
13.3768
11.21423
9.851496
11.11793
12.91044
12.91958
12.16435
13.08541
14.30083
15.39558
15.14147
15.72686
16.84604
17.55564
15.53149
13.16535
13.68121
13.78318
12.20346
10.15912
9.928217
11.22
11.916
11.5998
12.2604
14.98371
14.2108
14.14799
14.37732
15.21735
16.35473
15.0969
12.24346
12.11413
12.74535
12.24187
10.76998
9.759032
9.701982
10.05141
10.13172
11.03988
14.29685
13.07553
12.70405
12.62966
13.42108
14.80333
14.76611
11.89584
10.62393
11.17117
11.48817
11.06984
10.29982
9.28674
8.430475
8.217985
9.314469
11.87572
11.9794
11.73959
11.64329
12.18305
13.2803
14.42418
13.08088
10.70784
10.78991
11.18814
11.39369
11.39674
10.85632
9.242725
7.309248
7.833142
9.120352
11.24265
11.18697
10.99787
11.55365
12.35661
13.62029
14.39428
13.18368
12.21403
12.0226
11.87668
11.76212
11.81086
10.82785
8.472621
7.845205
8.91304
10.97462
10.70574
10.81956
11.07809
11.60211
12.39013
13.34382
13.61593
12.996
12.54609
11.95189
11.3931
11.48275
11.44221
10.2326
8.662876
8.339464
15.36104
15.63867
14.81741
12.51456
11.43201
11.90327
12.88111
13.92443
13.89416
13.63055
13.9814
13.55342
14.23044
18.26111
22.63461
24.91815
24.36961
16.26664
16.23245
17.0721
16.45395
14.69937
13.76279
13.27089
14.50222
14.88636
15.42161
15.68165
14.38891
14.68925
17.4232
20.74975
23.1069
24.29987
17.99573
18.96406
19.0709
18.32753
17.78236
17.62777
17.01045
16.40273
15.58472
16.46022
17.75511
17.21595
15.83598
16.61379
19.19841
22.21749
24.07727
18.30662
20.59678
21.99363
21.3985
20.88464
20.39535
19.29591
17.55116
16.42937
17.68674
19.78815
19.57141
17.82546
17.24289
19.35686
21.98189
23.67022
17.36465
20.51034
23.10897
22.9699
22.46138
22.03337
21.24427
18.51933
17.10022
18.7392
20.86266
21.42194
19.64813
18.22042
19.73688
22.0322
23.89012
16.95806
19.49088
21.52056
21.33835
21.00163
20.88622
20.29828
18.93182
18.73063
20.87444
22.63304
22.6929
21.06651
19.79879
20.37359
21.90229
23.62981
15.48362
17.78047
19.23388
18.71568
18.59892
18.46806
18.37846
19.09474
20.73887
22.76075
23.47083
23.09579
22.25743
21.15163
21.1398
21.93475
23.17878
13.80689
16.23683
17.03503
16.15506
15.88038
16.42229
17.33089
19.16248
21.33868
22.18211
22.28732
23.10849
23.023
21.63119
20.99538
21.79748
22.62872
13.05217
14.91018
15.40041
14.71025
14.40522
15.29154
16.89825
18.90356
20.29097
20.25147
20.95881
23.53185
24.58119
23.11088
21.151
21.67933
22.78611
14.78407
15.71073
15.92815
15.53158
15.09501
15.47101
16.39619
18.44741
20.07183
20.26803
20.96662
23.8116
26.21732
25.06439
21.61479
21.84643
23.64793
18.1332
19.65695
19.76518
19.06767
18.41629
17.81194
17.15686
17.76838
19.77606
21.20046
21.62081
23.68204
26.33971
25.403
21.85588
21.65047
23.60092
22.30445
23.38204
23.86544
23.60941
22.52184
21.14986
18.91467
17.64619
19.12742
21.42289
22.61033
23.70802
25.15392
23.92129
21.6901
21.77622
22.8593
22.80908
23.7419
24.94405
25.86169
25.26409
22.92452
19.64162
17.87714
18.88017
21.11178
22.92999
23.66885
23.52935
22.20657
21.15344
21.64985
22.52643
21.58266
21.97447
23.71744
25.78821
25.7525
22.83275
18.90064
17.21572
18.07729
20.09785
22.46159
23.41203
22.20501
20.62846
20.30988
21.1733
22.14541
20.33578
20.50632
22.11501
24.53104
24.84646
21.84737
17.93848
15.83311
15.6414
17.23934
20.12691
22.10687
21.30074
19.19545
19.34523
20.51879
21.05771
18.67801
18.83697
20.47726
22.4983
23.34654
20.74948
17.33795
15.30888
13.6089
13.5608
16.16757
19.32516
20.15775
18.31389
18.25819
19.82853
19.87365
17.92529
17.19163
18.715
20.6374
21.5881
19.43271
17.04591
16.08243
14.00761
11.92692
12.84272
16.04628
17.92866
17.01508
16.22341
17.72676
18.2556
17.60418
16.80019
18.13032
19.70312
20.81382
18.41182
16.44758
16.67394
15.55781
12.94682
11.54016
13.24324
15.51368
15.57969
14.6715
15.80899
17.23653
16.8284
16.73856
17.5878
18.99543
19.95699
17.99663
15.53226
16.09978
16.15276
14.22548
11.90185
11.84071
13.47645
14.29033
13.89085
14.67732
17.93127
15.66632
15.7595
16.18398
17.30552
18.73296
17.65766
14.76644
14.57388
15.25467
14.59266
12.88463
11.81629
11.85816
12.2478
12.27251
13.31392
17.26066
14.505
14.29273
14.40686
15.44794
17.05447
17.22049
14.4825
13.24657
13.77572
14.1017
13.60529
12.72742
11.60518
10.57054
10.17078
11.52173
14.71241
13.40466
13.30592
13.39055
14.1036
15.35921
16.62619
15.38947
13.07523
13.19902
13.64444
13.91336
13.98581
13.49543
11.70877
9.409273
10.06358
11.64991
12.68024
12.74108
12.70987
13.37569
14.26114
15.59716
16.41201
15.25201
14.36026
14.27084
14.21222
14.24233
14.46163
13.34591
10.68171
10.16686
11.517
12.45633
12.26951
12.48858
12.84528
13.43155
14.25527
15.19988
15.46483
14.94796
14.66646
14.17097
13.71885
14.00603
13.91631
12.4342
10.76524
10.60448
16.77512
16.86226
16.08447
12.53066
11.43248
11.90268
12.88094
13.92713
13.9769
14.45513
14.70525
13.96762
14.33137
18.93907
23.78605
26.15525
25.63713
17.99901
17.53642
18.34027
17.26713
14.92976
13.80795
13.28451
14.68564
15.95021
16.73761
16.9081
15.30786
15.36294
18.12002
21.76853
24.20018
25.56983
19.95034
20.91021
20.66139
19.51992
18.80334
19.10237
19.12792
18.69937
17.63556
17.88403
19.28788
18.65766
17.18129
17.7216
20.24095
23.31457
25.39533
20.17282
22.87245
24.48557
23.84497
22.86442
21.97821
21.28013
19.66088
17.73419
18.88309
21.12957
21.0687
19.09976
18.35474
20.54951
23.50485
25.0316
19.03538
22.65738
25.79169
26.05093
25.38224
23.83606
22.64898
19.82522
18.27459
20.14197
22.58138
22.71103
21.09281
19.37374
21.10008
23.62267
25.42942
18.44175
21.30014
23.78574
24.00792
23.7755
22.61252
21.27532
20.08495
19.99475
22.2991
24.05548
23.78276
22.21504
20.77793
21.78942
23.64575
25.162
16.95744
19.40597
21.1137
20.82366
20.71659
19.92042
19.06533
19.97172
21.99907
24.25141
24.92644
24.57817
23.68321
22.43343
22.633
23.68674
24.79346
15.43682
17.842
18.6933
17.84165
17.51115
17.75028
18.18758
19.94602
22.47199
23.49812
23.70321
24.85381
24.82397
23.22948
22.46761
23.3406
24.27043
14.88607
16.52169
16.90825
16.19218
15.848
16.60034
17.92006
19.71404
21.13572
21.26862
22.32487
25.37853
26.74028
25.17325
22.84434
23.32056
24.60373
16.83904
17.53028
17.56716
17.08558
16.56419
16.76325
17.39982
19.27131
20.96117
21.35687
22.42974
25.78926
28.64818
27.45339
23.53602
23.73195
25.78164
20.30223
21.73065
21.69908
20.86747
20.12242
19.40117
18.42653
18.73147
20.84535
22.56227
23.30652
25.8046
28.87874
27.83437
23.87428
23.70848
25.91676
24.52117
25.51804
25.8901
25.60701
24.61648
23.25789
20.68336
18.88625
20.37988
23.0917
24.6556
26.05707
27.68797
26.23582
23.78111
23.97453
25.22657
24.9102
25.72208
26.90269
28.00933
27.70774
25.50945
21.87502
19.53397
20.45395
23.04428
25.27111
26.23504
26.03772
24.45931
23.33114
23.98995
25.00802
23.48859
23.77528
25.62498
27.98028
28.27346
25.67279
21.55721
19.23314
19.89109
22.19428
25.00081
26.15734
24.75071
22.89126
22.59071
23.67222
24.75787
22.04328
22.26304
24.06823
26.78016
27.36177
24.6969
20.82059
18.20625
17.49943
19.20092
22.57945
24.92132
23.99305
21.53243
21.75377
23.16174
23.68326
20.25442
20.57853
22.4863
24.77616
25.84826
23.53366
20.22914
17.9972
15.70374
15.27433
18.22956
21.90726
22.93688
20.79176
20.69663
22.48082
22.43475
19.49682
18.91691
20.71409
22.89577
24.13967
22.09692
19.76653
18.84387
16.41421
13.71892
14.56093
18.27437
20.53644
19.507
18.55681
20.24578
20.77116
19.20328
18.52807
20.08717
21.93897
23.3121
21.0107
19.04327
19.38945
18.19958
15.14872
13.2796
15.13543
17.81011
17.90661
16.78187
18.05326
19.70151
18.38711
18.46371
19.50095
21.10816
22.3143
20.60638
18.12921
18.68974
18.87453
16.73045
13.94441
13.69108
15.52729
16.39354
15.85532
16.6909
20.3772
17.10511
17.38499
17.9826
19.31261
20.96205
20.14111
17.4425
17.27109
17.997
17.34641
15.42647
14.10261
14.03709
14.37891
14.27515
15.37773
19.87838
15.80805
15.75521
16.07161
17.34164
19.11502
19.42105
16.8541
15.78842
16.43003
16.82351
16.361
15.4082
14.13031
12.87682
12.1741
13.67406
17.34733
14.62759
14.66158
14.92965
15.83982
17.23553
18.56479
17.39987
15.21147
15.47243
16.04226
16.41832
16.61946
16.26151
14.38816
11.59534
12.25308
14.06108
13.88665
14.04039
14.16485
14.95781
15.94836
17.33864
18.15095
17.04705
16.33713
16.43504
16.49633
16.698
17.13378
15.97672
13.00204
12.512
14.08039
13.70851
13.57135
13.8779
14.33722
15.01394
15.89608
16.83462
17.09099
16.71506
16.68054
16.34156
15.9768
16.44839
16.39743
14.70971
12.91895
12.85365
18.42761
18.50609
17.37682
13.25649
11.65168
11.99457
12.90793
13.93055
13.97672
14.67586
15.14739
14.21197
14.67939
19.7702
24.84897
27.28321
26.80918
19.60596
19.34397
20.12178
18.91306
16.13531
14.59644
13.88062
15.09252
17.11319
17.96975
18.32469
16.46192
16.31629
19.16925
23.04346
25.21214
26.66903
21.54614
22.76066
22.82487
21.91505
21.25003
21.49965
21.09996
20.51631
19.29612
18.93299
20.44932
19.94908
18.68524
18.92906
21.43298
24.83899
26.86004
21.69358
24.69399
26.73766
26.53334
26.0564
25.27795
23.62889
21.42192
19.4594
20.17517
22.37729
22.51311
20.32234
19.50198
21.87561
24.87501
26.8293
20.55368
24.42302
27.92402
28.57398
28.47277
27.13746
24.87197
21.08329
19.30684
21.49418
24.73489
23.93413
22.38608
20.28926
22.41617
25.20625
26.86673
20.02357
23.01969
25.72177
26.19204
26.38568
25.27454
22.99043
21.10129
21.2796
23.9372
25.5992
25.39133
23.46623
21.92906
23.10713
24.81993
26.63296
18.65031
21.15153
22.94558
22.76849
22.86236
22.048
20.55596
20.93903
23.21198
25.50584
25.70041
25.44545
24.28232
23.1594
23.63092
24.97621
26.35656
17.31886
19.62704
20.43645
19.60019
19.35921
19.646
19.74512
20.97111
23.38595
24.33653
24.33969
25.74143
25.61086
24.09536
23.29633
24.51491
25.84031
16.93261
18.36339
18.61481
17.9009
17.62306
18.40112
19.49473
20.76492
21.77061
21.77868
22.95469
26.35311
27.94342
26.37086
23.75899
24.44899
26.0395
18.96361
19.48238
19.36196
18.78683
18.25143
18.43299
18.89368
20.38883
21.84472
22.1625
23.37385
27.07543
30.34964
29.17082
24.78845
25.0359
27.41289
22.33101
23.65878
23.50327
22.53295
21.75828
21.11107
20.08094
20.04969
22.01526
23.88025
24.83766
27.63969
31.08484
29.9785
25.60595
25.38517
27.82147
26.48614
27.37383
27.57423
27.2429
26.41594
25.23355
22.60798
20.42634
21.71382
24.70221
26.62374
28.31443
30.07373
28.42774
25.75382
25.97722
27.35532
26.7807
27.4343
28.50639
29.73914
29.71655
27.79119
24.11212
21.36164
22.02612
24.7865
27.38584
28.61376
28.37854
26.55969
25.34954
26.11718
27.26647
25.15625
25.37247
27.28163
29.84879
30.37462
28.09177
24.06074
21.37621
21.65203
23.99108
27.15894
28.57961
27.06369
24.9416
24.62035
25.87789
27.10113
23.57631
23.85603
25.82642
28.77446
29.54931
27.16714
23.41072
20.65799
19.48411
20.88723
24.59289
27.30141
26.40837
23.66888
23.86941
25.46155
26.00659
21.83012
22.22677
24.33111
26.8439
28.11242
26.05355
22.7562
20.58738
18.08335
17.06599
19.94798
24.08209
25.37349
23.06815
22.85502
24.79603
24.69431
21.1462
20.61262
22.60123
24.98262
26.49469
24.62494
22.18712
21.39838
19.02958
15.9809
16.31215
20.23539
22.87458
21.80192
20.66316
22.44816
23.03098
20.8408
20.27735
21.99296
24.02733
25.55059
23.4193
21.45267
21.84658
20.84365
17.77233
15.49281
17.06352
19.99266
20.12434
18.75725
20.05403
21.94618
19.97978
20.20472
21.37799
23.06958
24.3448
22.8396
20.49772
21.06042
21.46383
19.44793
16.57578
16.03648
17.80894
18.6743
17.94588
18.67547
22.69451
18.59121
19.00713
19.69583
21.13725
22.86237
22.12426
19.60077
19.62958
20.50241
20.01825
18.2456
16.94172
16.75406
16.99443
16.7591
17.76183
22.61402
17.14238
17.22921
17.67826
19.09072
20.92524
21.22628
18.68992
17.76613
18.57331
19.13896
18.87765
18.1376
16.98228
15.69828
14.79701
16.28477
20.19188
15.88227
16.05378
16.47089
17.50197
18.96267
20.27046
19.05507
16.907
17.31687
18.06886
18.6264
19.06573
19.0044
17.34657
14.43732
15.03427
16.90256
15.09353
15.39784
15.6809
16.54797
17.5815
18.97358
19.71102
18.562
17.98035
18.30042
18.52096
18.89326
19.59109
18.61931
15.62973
15.16097
16.85898
14.88321
14.90157
15.33263
15.88308
16.59918
17.48616
18.36615
18.53856
18.21053
18.37634
18.23142
17.97523
18.61004
18.70958
17.02971
15.211
15.22994
19.46165
19.36786
18.13048
14.11369
12.79697
13.41327
14.34216
15.18452
14.73745
15.16512
16.15547
14.95287
15.89261
20.97207
26.12567
28.21271
27.73281
20.70934
20.27815
20.96879
19.81734
17.36674
16.48929
16.3509
17.51718
19.01495
19.32825
19.63547
17.91825
17.6634
20.78703
24.64036
26.3651
27.54337
22.76223
23.82948
23.84851
22.99228
22.56543
23.5003
23.82598
23.10321
20.94061
20.08411
21.68619
21.19246
19.86129
20.17026
22.63972
26.25463
28.00057
23.03268
25.96154
27.98899
27.79055
27.46193
27.19376
26.00953
23.50487
20.6995
21.14774
23.51043
23.89557
21.40147
20.82847
23.17813
25.93788
28.67239
22.05287
25.88434
29.35184
29.95291
29.93695
28.91214
26.85063
22.73131
20.32907
22.56066
26.19716
25.09342
23.71979
21.29165
23.63821
26.49311
28.54201
21.62532
24.62611
27.27978
27.69668
27.94842
26.98251
24.69782
22.47146
22.2034
24.91552
27.0134
26.79289
24.67424
22.97402
24.41935
25.91297
27.76534
20.27849
22.81411
24.59235
24.399
24.4981
23.71591
22.18654
22.35433
24.31296
26.39644
26.57906
26.19467
24.90051
23.96223
24.69391
25.82042
27.5974
19.0033
21.33845
22.10539
21.25275
21.0267
21.32881
21.45821
22.52573
24.52537
25.04872
24.94469
26.3902
26.27404
24.8546
24.04906
25.58375
26.95341
18.65955
20.09071
20.27576
19.54698
19.28946
20.02282
21.07045
22.17898
22.85584
22.51586
23.56874
27.06587
28.90033
27.59625
24.8655
25.85135
27.02926
20.64138
21.06764
20.86357
20.24421
19.6932
19.88047
20.33376
21.66679
23.00001
23.25529
24.42918
28.27182
31.77802
30.67052
25.88199
26.06124
28.74066
23.77429
25.14716
24.90444
23.82269
23.05031
22.52375
21.56121
21.40229
23.25575
25.25179
26.41274
29.44662
33.14579
32.04904
27.29148
26.78371
29.44671
27.83357
28.81231
28.87083
28.50974
27.8613
26.88919
24.32389
21.95673
23.04271
26.17789
28.46361
30.48415
32.43115
30.73963
27.92198
28.0587
29.47791
28.03694
28.70035
29.74326
31.13824
31.35999
29.67736
26.09132
23.13998
23.58178
26.37043
29.27327
30.81353
30.67661
28.78973
27.6105
28.51889
29.8672
26.22162
26.45488
28.49059
31.2966
32.07314
30.05746
26.16716
23.35506
23.44473
25.67455
29.03545
30.71977
29.26507
27.06047
26.81338
28.31422
29.76164
24.55829
24.88067
27.00822
30.19414
31.21134
29.12676
25.50628
22.69879
21.49438
22.65482
26.34345
29.32918
28.59316
25.80374
26.05023
27.86567
28.50107
22.85218
23.24627
25.48934
28.21839
29.73633
28.00275
24.77472
22.56264
20.17428
19.02968
21.63311
25.96253
27.53291
25.24188
25.00323
27.10573
27.01345
22.22581
21.67588
23.77817
26.34713
28.09896
26.48741
24.09034
23.25378
21.06003
18.11176
18.23901
22.0414
24.96207
23.94153
22.71016
24.576
25.27183
22.00592
21.46748
23.24896
25.39066
26.98656
25.02212
23.22771
23.643
22.81511
19.94277
17.68971
19.09114
22.11226
22.29426
20.74088
21.98684
24.12103
21.23886
21.49505
22.65224
24.30989
25.57327
24.15375
21.98696
22.71691
23.31362
21.54302
18.87508
18.40285
20.19513
21.09312
20.26052
20.74842
24.99531
19.81722
20.27835
20.92518
22.34245
24.04003
23.27935
20.79653
20.99987
22.06265
21.7665
20.22985
19.16355
19.17182
19.52925
19.31637
20.24877
25.39114
18.29685
18.48895
18.97516
20.38185
22.15349
22.37396
19.79414
18.94236
19.88647
20.60996
20.54056
20.04792
19.23366
18.20727
17.34163
18.97596
23.15522
17.01766
17.34794
17.85657
18.86202
20.26162
21.47397
20.1534
17.95844
18.47162
19.41269
20.12802
20.75396
21.00555
19.65087
16.9756
17.81425
19.86786
16.22554
16.70338
17.11727
17.96211
18.92281
20.23935
20.84916
19.57925
19.02761
19.51827
19.8938
20.39145
21.31305
20.53402
17.62977
17.29647
19.2117
15.95628
16.1403
16.68397
17.30238
17.98144
18.7872
19.54913
19.57025
19.1783
19.42718
19.43986
19.33918
20.11043
20.28623
18.63863
16.90583
17.17609
20.72809
20.49466
19.07607
15.08801
13.83803
14.38503
15.41999
16.74511
16.82563
17.29656
17.82763
16.35782
17.22392
22.42918
27.64195
29.73053
28.97932
22.04151
21.39528
21.88807
20.75622
18.41504
17.54943
17.50392
18.97737
20.87428
21.25883
21.17037
19.12486
19.0135
21.99588
26.13814
27.8178
28.83343
24.07158
25.0072
24.90088
24.0235
23.6413
24.65886
25.07251
24.4413
22.39064
21.47441
22.80596
22.25079
20.96465
21.47706
23.8063
27.45515
29.25522
24.2802
27.24469
29.21665
28.95705
28.62401
28.43801
27.33003
24.79226
21.85609
22.12691
24.35028
24.72415
22.2028
21.81686
24.47674
27.00581
30.12581
23.26435
27.19909
30.66362
31.23497
31.19224
30.23557
28.23092
24.02576
21.40602
23.4054
26.87829
25.86953
24.74918
22.46791
24.73411
27.90938
29.78292
22.75651
25.88848
28.5745
29.03757
29.29312
28.32922
26.06703
23.76053
23.31703
25.7911
27.69147
27.461
25.55776
24.16595
25.79311
27.07951
28.6774
21.34508
23.99834
25.88971
25.78208
25.88738
25.04712
23.50591
23.65475
25.53423
27.4057
27.27788
26.70524
25.50537
24.69106
25.5421
26.56948
28.36538
20.04956
22.49257
23.43453
22.66438
22.43493
22.66948
22.74323
23.80263
25.76212
26.06332
25.57229
26.88345
26.86637
25.51357
24.71938
26.27155
27.79347
19.70714
21.31082
21.63392
20.96454
20.72006
21.35691
22.27647
23.30777
23.90262
23.41924
24.35465
27.82815
29.73054
28.50007
25.74263
26.65146
28.03718
21.62593
22.24251
22.12711
21.61286
21.07839
21.24827
21.656
22.80435
23.99656
24.24081
25.45807
29.42118
33.12245
32.09601
27.05117
26.90712
29.9537
24.6069
26.13074
26.08028
25.058
24.32447
23.92959
23.0636
22.76028
24.39686
26.37443
27.6761
30.9497
34.90837
33.90322
28.9366
28.13611
30.96782
28.66235
29.74971
29.8606
29.51508
29.07052
28.35238
25.98821
23.57493
24.3966
27.46719
29.9246
32.21815
34.37109
32.69975
29.85132
29.96367
31.33004
28.87519
29.51184
30.5518
32.06673
32.52482
31.1347
27.79937
24.91885
25.18149
27.88744
30.91539
32.67266
32.63493
30.69687
29.59673
30.6992
32.27337
26.96757
27.14413
29.24704
32.16896
33.14184
31.42928
27.82234
25.11759
25.18732
27.35657
30.78499
32.63985
31.24537
28.98623
28.81774
30.61242
32.40722
25.27019
25.57385
27.74268
31.02038
32.18947
30.3784
27.05462
24.34175
23.22874
24.4242
28.07529
31.22511
30.63966
27.85706
28.15508
30.233
31.09763
23.63117
23.9728
26.22726
29.03984
30.67344
29.1676
26.21179
24.07655
21.81545
20.81684
23.39505
27.77753
29.59203
27.38913
27.16874
29.46283
29.49931
23.06589
22.44715
24.5689
27.20847
29.03264
27.51306
25.35466
24.63096
22.59773
19.89052
20.12722
23.90068
26.99805
26.10832
24.85308
26.80337
27.66054
22.94269
22.37433
24.13787
26.27075
27.80529
25.83296
24.18712
24.79305
24.16368
21.60124
19.6338
21.1945
24.30748
24.58335
22.98018
24.1203
26.39623
22.27279
22.49652
23.566
25.11165
26.30044
24.84674
22.69524
23.56174
24.37843
22.88689
20.51524
20.31119
22.33175
23.42225
22.73889
23.06544
27.36574
20.85693
21.29471
21.83249
23.17663
24.82503
24.00556
21.45876
21.71782
22.94159
22.82738
21.50443
20.67273
20.96706
21.64671
21.70887
22.78271
28.19264
19.29774
19.53802
19.99908
21.34918
23.0319
23.16163
20.49294
19.60905
20.62398
21.48016
21.57532
21.27487
20.78009
20.12719
19.53744
21.54814
26.08135
18.00741
18.4626
18.99059
19.92088
21.23184
22.33769
20.90377
18.59545
19.10076
20.16717
21.03849
21.78078
22.25735
21.20771
18.842
20.02036
22.31942
17.18027
17.8381
18.31618
19.09368
19.95244
21.1816
21.66526
20.24193
19.61503
20.14824
20.65312
21.29409
22.40633
21.82175
19.02755
18.82587
20.99622
16.8207
17.1976
17.83425
18.46863
19.05837
19.76936
20.42282
20.2964
19.78729
20.00215
20.07825
20.15213
21.12839
21.3924
19.80517
18.15255
18.61488
21.58221
21.1433
19.69988
15.93212
15.10615
15.90048
16.79079
17.86228
17.99813
18.54885
18.87156
17.15757
17.7991
23.0872
28.42544
30.68214
30.03899
22.96065
22.07939
22.38458
21.34801
19.41309
18.94428
19.06659
20.40715
22.18604
22.53132
22.26115
19.8904
19.51939
22.49371
26.73183
28.48182
29.85293
24.95471
25.74961
25.40046
24.49811
24.42893
25.8836
26.62278
26.02832
23.84235
22.77896
23.93894
23.0402
21.43001
21.81279
24.24084
28.11304
30.05906
25.04169
27.99899
29.78325
29.42204
29.24958
29.44417
28.72579
26.37233
23.36444
23.4543
25.5064
25.58247
22.70671
22.11443
24.86173
27.71635
30.7742
23.92088
27.90767
31.26381
31.73289
31.73334
31.01328
29.40172
25.49672
22.94312
24.8028
28.07901
26.80426
25.35236
22.81136
25.08814
28.44818
30.47572
23.32516
26.54784
29.18016
29.56233
29.83193
28.95386
26.9931
25.0401
24.77032
27.21017
28.91809
28.47924
26.32517
24.66865
26.15475
27.48319
29.2671
21.90781
24.6087
26.46953
26.34644
26.47767
25.65262
24.26149
24.73898
26.89821
28.82412
28.52431
27.71897
26.32836
25.31827
25.94961
26.94127
28.92946
20.66279
23.07397
24.01869
23.32784
23.15105
23.37229
23.48625
24.7583
26.98845
27.43793
26.80531
27.82754
27.68149
26.24553
25.29145
26.69527
28.32464
20.44099
21.98062
22.33718
21.76071
21.55023
22.13823
23.05122
24.23976
25.0563
24.66129
25.53557
28.8973
30.76595
29.53943
26.70418
27.35792
28.708
22.39999
22.96842
22.89178
22.43813
21.86396
21.95863
22.41832
23.70264
25.03485
25.37395
26.66205
30.67358
34.43854
33.43794
28.34883
28.03654
30.96516
25.27954
26.78276
26.77734
25.76526
24.94663
24.55073
23.76078
23.60785
25.37697
27.43083
28.89752
32.33559
36.41627
35.41257
30.40035
29.59301
32.36005
29.34003
30.43243
30.53241
30.05939
29.63434
28.97531
26.67176
24.38532
25.34452
28.45796
31.11436
33.63717
35.94261
34.23475
31.36789
31.58678
32.99077
29.64596
30.23411
31.16423
32.6349
33.10593
31.77856
28.49102
25.6944
26.04792
28.81001
32.03235
34.04089
34.18488
32.20667
31.13388
32.39215
34.09902
27.70266
27.81492
29.89203
32.78382
33.72312
32.06072
28.50718
25.87413
25.98739
28.23012
31.80202
33.9031
32.72042
30.5031
30.38759
32.36964
34.32094
25.94151
26.27281
28.44562
31.69893
32.82014
31.00171
27.72405
25.09065
23.99689
25.28993
29.03986
32.3619
32.02707
29.3899
29.76954
32.03601
32.99855
24.35365
24.71849
26.98105
29.78198
31.39119
29.83653
26.86761
24.78827
22.55519
21.6987
24.40905
28.89413
30.92554
28.90539
28.77327
31.22495
31.37064
23.86067
23.27295
25.41906
28.06855
29.83785
28.2102
25.94672
25.22569
23.23744
20.66634
21.11453
25.10253
28.38448
27.65652
26.47572
28.50789
29.49882
23.80237
23.32287
25.10128
27.1832
28.61441
26.51553
24.7339
25.27995
24.68184
22.23272
20.45088
22.27966
25.63978
26.13871
24.721
25.85732
28.17377
23.13528
23.49157
24.55187
25.99297
27.11001
25.60193
23.32706
24.08847
24.90217
23.46692
21.1858
21.11958
23.33493
24.70862
24.38235
24.85938
29.19577
21.63284
22.2171
22.78073
24.10733
25.70617
24.839
22.18975
22.33129
23.50463
23.38579
22.10518
21.36554
21.81017
22.78445
23.16726
24.46774
30.20386
19.98276
20.38801
20.95823
22.35076
23.98608
24.04159
21.29766
20.2983
21.19639
22.00801
22.14846
21.93613
21.56842
21.13035
20.75313
23.16676
28.10129
18.66461
19.29196
19.95675
20.94709
22.24471
23.27723
21.76727
19.34848
19.717
20.69898
21.58807
22.41033
22.99389
22.13591
19.99357
21.43469
23.9948
17.82903
18.66769
19.29581
20.1341
20.99908
22.19201
22.58861
21.05321
20.30507
20.73513
21.17171
21.85662
23.1403
22.76441
20.10554
19.96149
22.25231
17.43948
17.98228
18.76765
19.50475
20.12567
20.82438
21.41814
21.18535
20.56731
20.6926
20.68232
20.74538
21.87751
22.31056
20.8005
19.17642
19.68279
22.10175
21.77588
20.25765
16.43263
15.65108
16.53166
17.46554
18.39883
18.59001
19.51415
20.18997
18.45874
18.76255
23.67521
28.93057
31.18437
30.60445
23.39071
22.66885
22.91103
21.77062
19.80014
19.42431
19.78195
21.15223
22.84217
23.33197
23.4157
21.16785
20.59214
23.18492
27.14219
28.84058
30.29901
25.26393
26.26598
25.93477
24.92197
24.75358
26.24872
27.22177
26.82602
24.62255
23.51091
24.87761
24.20229
22.55094
22.64142
24.74272
28.46795
30.41
25.26716
28.41812
30.29817
29.88124
29.59118
29.74983
29.17064
27.06622
24.20049
24.20188
26.28496
26.54493
23.79069
23.03196
25.44774
28.1053
31.06973
24.1324
28.26012
31.72382
32.21436
32.12236
31.28808
29.72486
26.05006
23.75825
25.65217
28.85128
27.66222
26.37185
23.79242
25.77948
28.86722
30.74578
23.54401
26.86329
29.60323
30.0488
30.26021
29.23148
27.23229
25.44719
25.4538
28.1025
29.82405
29.41676
27.37129
25.76769
27.05292
28.02418
29.55381
22.19622
24.92603
26.86672
26.81966
26.92132
25.98914
24.50718
25.05601
27.46464
29.6499
29.50426
28.80855
27.44632
26.48894
27.01277
27.61029
29.26829
21.09113
23.44548
24.41855
23.80414
23.67501
23.85209
23.81624
25.02313
27.41035
28.17316
27.83226
28.94456
28.71044
27.33789
26.45077
27.60195
28.87119
21.0483
22.54608
22.85563
22.34781
22.26103
22.80483
23.46597
24.48022
25.36427
25.28039
26.4806
29.85677
31.67692
30.5999
27.99217
28.59285
29.70613
22.98007
23.62844
23.55663
23.24531
22.72195
22.59797
22.82102
23.95253
25.2977
25.84242
27.40027
31.56231
35.39267
34.56177
29.70133
29.46981
32.38507
25.61411
27.33264
27.51296
26.58162
25.60135
25.06748
24.17647
23.90555
25.64507
27.79739
29.51674
33.203
37.42774
36.5622
31.73453
31.08899
33.95244
29.63511
30.87051
31.11157
30.6249
30.19347
29.55241
27.14263
24.71891
25.62261
28.78463
31.63966
34.43099
36.96599
35.36825
32.64736
33.07321
34.62793
30.00982
30.71103
31.63889
33.11584
33.6734
32.39093
29.00601
26.07078
26.33613
29.09462
32.45961
34.74612
35.16795
33.30186
32.35397
33.86243
35.79711
28.0017
28.19383
30.30793
33.25947
34.24686
32.66022
29.05789
26.30891
26.31538
28.51255
32.17506
34.51921
33.62148
31.56732
31.58168
33.83019
36.07808
26.18354
26.61079
28.85919
32.15789
33.31606
31.58645
28.3035
25.57421
24.35492
25.59325
29.39822
32.88994
32.83132
30.44012
30.98673
33.48637
34.74936
24.6451
25.0726
27.40066
30.24894
31.91552
30.45118
27.48536
25.29351
22.91818
21.99825
24.74661
29.36982
31.6881
29.98085
30.01938
32.64468
33.05333
24.21112
23.69839
25.91546
28.62611
30.45622
28.88871
26.60896
25.75212
23.6245
20.96841
21.41094
25.51215
29.04393
28.6383
27.71954
29.90244
31.05437
24.20602
23.84853
25.69794
27.82277
29.27693
27.20219
25.41129
25.87974
25.17018
22.6281
20.79334
22.65414
26.15276
26.86434
25.83683
27.21828
29.58298
23.53924
24.03139
25.15714
26.60614
27.74247
26.29211
24.04874
24.78142
25.51264
23.96622
21.60643
21.53065
23.81898
25.3159
25.26327
26.08281
30.5039
21.99284
22.67755
23.31995
24.71803
26.35762
25.55008
22.9462
23.08545
24.20246
23.97165
22.59147
21.83363
22.33806
23.45003
24.00953
25.48703
31.46573
20.32548
20.81749
21.48944
22.98454
24.67047
24.76839
22.08558
21.11234
21.97595
22.68962
22.73419
22.4846
22.15442
21.82946
21.56176
24.16038
29.33463
19.03879
19.7652
20.52531
21.59271
22.95273
24.02806
22.58265
20.20917
20.56687
21.49397
22.29687
23.03271
23.61146
22.8795
20.89176
22.49973
25.18371
18.22879
19.18752
19.90771
20.79178
21.70754
22.97286
23.43124
21.95467
21.22553
21.6419
22.00823
22.59347
23.86647
23.65568
21.18769
21.15269
23.3522
17.82536
18.50046
19.35881
20.15264
20.81934
21.60307
22.28503
22.11795
21.53429
21.65624
21.60114
21.62874
22.7894
23.3151
21.90319
20.263
20.5723
22.1468
21.86281
20.45584
16.83855
16.22255
17.06793
17.89388
18.69521
18.80451
19.78583
20.68027
19.20187
19.60278
24.48345
29.67178
31.92155
31.41459
23.42666
22.73458
23.04356
22.04959
20.23515
19.84706
20.18894
21.53262
23.14318
23.57662
23.78064
21.80288
21.46843
24.06612
27.86756
29.53438
31.12932
25.30017
26.32269
26.03686
25.11778
25.08837
26.62958
27.58531
27.19802
24.96884
23.77469
25.16532
24.70551
23.40022
23.68368
25.67943
29.31014
31.30726
25.31343
28.48129
30.38535
30.03513
29.86677
30.11506
29.52478
27.39242
24.51741
24.4621
26.52001
26.9199
24.50616
24.10637
26.55974
29.09805
32.03333
24.20332
28.3404
31.80462
32.33941
32.37582
31.62999
30.07903
26.36823
24.05591
25.9219
29.09298
27.95848
26.94045
24.76906
26.95869
29.96833
31.76545
23.67178
26.97082
29.691
30.16019
30.50422
29.54038
27.56545
25.77859
25.74452
28.37205
30.08641
29.71117
27.8914
26.67179
28.3079
29.29302
30.69613
22.41811
25.09805
26.9915
26.94763
27.1452
26.29139
24.83589
25.40273
27.79091
29.96776
29.81933
29.12836
27.93235
27.28181
28.19712
28.95679
30.52779
21.41607
23.75518
24.6599
24.01017
23.93086
24.21015
24.19786
25.38442
27.75508
28.54513
28.25037
29.34846
29.18711
27.96272
27.40542
28.80482
30.13267
21.37583
22.99069
23.29361
22.71052
22.6297
23.28761
23.95484
24.90391
25.72598
25.67304
26.97874
30.31693
32.08232
31.02376
28.74674
29.66567
30.9605
23.14832
23.98031
24.03373
23.74532
23.23952
23.08914
23.28678
24.37229
25.6651
26.22913
27.87957
32.0351
35.79151
34.93858
30.33872
30.47967
33.68108
25.68173
27.51289
27.92744
27.05707
25.91942
25.33144
24.48998
24.26039
26.00684
28.19829
30.01732
33.74168
37.91647
36.98364
32.27551
31.96458
35.19199
29.73838
31.0651
31.3848
30.90824
30.44405
29.81434
27.42467
25.02663
25.96823
29.18579
32.13164
35.03643
37.58065
35.87692
33.11413
33.76881
35.71618
30.11209
30.92164
31.89539
33.37623
33.95746
32.65465
29.27977
26.36367
26.66565
29.44418
32.88079
35.3577
35.89161
33.91898
32.82278
34.43172
36.76455
28.06063
28.31234
30.50672
33.52147
34.49563
32.91548
29.33895
26.61545
26.66423
28.85786
32.53653
35.04461
34.37447
32.32896
32.15804
34.35505
36.98352
26.25117
26.73412
29.0504
32.39941
33.56972
31.85364
28.59291
25.91429
24.72958
25.9749
29.76538
33.33198
33.51881
31.3201
31.77533
34.11624
35.59745
24.75656
25.24219
27.63552
30.53885
32.23228
30.7823
27.82341
25.66371
23.30357
22.39646
25.14917
29.80693
32.30237
30.86342
30.98118
33.46476
33.85698
24.38387
23.94605
26.24739
29.02448
30.87914
29.29383
27.00329
26.14613
24.0266
21.38079
21.82989
25.9732
29.61264
29.43437
28.71165
30.87835
31.88987
24.4299
24.1795
26.11437
28.29082
29.73144
27.6289
25.82602
26.29063
25.59542
23.06651
21.24589
23.12349
26.71041
27.60964
26.78862
28.30923
30.50171
23.76579
24.36692
25.57072
27.06344
28.21025
26.7523
24.49224
25.21383
25.9654
24.43905
22.09939
22.02407
24.37596
26.03867
26.21883
27.23223
31.47254
22.18965
22.95295
23.69643
25.19579
26.87749
26.06627
23.43803
23.55931
24.69111
24.47981
23.11497
22.38041
22.92969
24.16928
24.9499
26.61749
32.5927
20.5197
21.07674
21.86276
23.4854
25.21922
25.32059
22.62788
21.63876
22.49677
23.22274
23.30252
23.09585
22.79936
22.56211
22.50689
25.33503
30.63364
19.25548
20.05309
20.90752
22.09293
23.51656
24.6034
23.15515
20.78184
21.13359
22.0742
22.9148
23.69287
24.29902
23.65501
21.87046
23.73965
26.63311
18.45561
19.51243
20.31128
21.29252
22.27072
23.56162
24.0225
22.55014
21.83233
22.26941
22.65789
23.27228
24.59469
24.50445
22.27336
22.45367
24.71302
18.03845
18.84199
19.77565
20.65446
21.38366
22.19372
22.88959
22.73464
22.17145
22.31938
22.27793
22.32075
23.54462
24.17697
22.92252
21.39869
21.68922
22.14958
21.86819
20.47445
16.87261
16.38519
17.37468
18.26713
19.01237
19.00661
19.9166
20.86253
19.56699
20.27262
25.37586
30.56896
32.84484
32.55459
23.42813
22.74042
23.05489
22.07381
20.30824
19.98498
20.40958
21.83739
23.43983
23.77152
23.91766
22.03316
22.01935
24.86863
28.69376
30.41166
32.25838
25.30227
26.32897
26.05056
25.1407
25.13507
26.71949
27.70094
27.37341
25.24382
24.02541
25.32324
24.86235
23.74739
24.33049
26.53208
30.28816
32.40908
25.32285
28.49217
30.39914
30.0589
29.91085
30.19337
29.62271
27.48161
24.67431
24.65825
26.6539
27.0308
24.6981
24.50419
27.25093
30.01408
33.05746
24.23939
28.3699
31.82493
32.36282
32.42624
31.70363
30.16524
26.4564
24.15936
26.03788
29.18047
28.02375
27.03856
25.03211
27.56726
30.82454
32.70054
23.76624
27.05366
29.7481
30.2059
30.57281
29.62991
27.66244
25.88526
25.83992
28.44547
30.14295
29.76293
27.98079
26.98269
29.00818
30.17823
31.58699
22.57484
25.27696
27.1466
27.07105
27.27786
26.46439
25.01529
25.5623
27.91233
30.05386
29.89133
29.19333
28.05248
27.69322
28.9138
29.81129
31.42427
21.57469
24.00853
24.93334
24.2639
24.21766
24.56154
24.50423
25.59456
27.89652
28.65031
28.36938
29.47809
29.39034
28.38586
27.94084
29.50126
30.96076
21.44113
23.15859
23.55079
23.06622
23.07674
23.75925
24.33062
25.15652
25.89463
25.80215
27.15122
30.52321
32.27518
31.20098
29.06185
30.25196
31.71722
23.15542
24.0132
24.15009
24.08
23.67544
23.45345
23.58031
24.6079
25.85868
26.37903
28.02578
32.1791
35.89453
35.04235
30.54296
30.97889
34.43667
25.69242
27.52312
27.98305
27.27657
26.13352
25.5211
24.68445
24.45385
26.19878
28.36193
30.17525
33.89186
38.05564
37.11732
32.40848
32.32006
35.90779
29.74393
31.08549
31.42603
30.99881
30.55655
29.9735
27.60223
25.1911
26.13183
29.35411
32.29543
35.18991
37.73085
36.03877
33.24405
33.99172
36.3206
30.11514
30.93224
31.91877
33.41439
34.02868
32.78188
29.46238
26.55742
26.84665
29.61096
33.02585
35.50577
36.06202
34.09764
32.96445
34.59333
37.2569
28.0636
28.32026
30.52222
33.55314
34.55085
33.02493
29.5295
26.85691
26.91534
29.08554
32.7192
35.19786
34.54528
32.52353
32.33108
34.50392
37.36601
26.26118
26.74976
29.08142
32.45361
33.65662
31.98517
28.79218
26.18608
25.04321
26.28568
30.03176
33.517
33.70536
31.55787
32.0238
34.31906
35.87177
24.79403
25.28489
27.70234
30.64993
32.38062
30.95829
28.0441
25.95159
23.62784
22.72383
25.46268
30.07627
32.52517
31.1543
31.34811
33.74458
34.11591
24.47095
24.04474
26.37118
29.18924
31.07452
29.50279
27.24124
26.43633
24.33735
21.68169
22.13082
26.28047
29.88541
29.75489
29.17138
31.27204
32.21477
24.55533
24.3308
26.27494
28.47455
29.93015
27.8476
26.07351
26.57525
25.9
23.36231
21.53093
23.42098
27.00303
27.94352
27.28516
28.85717
30.9105
23.89724
24.5309
25.72541
27.2459
28.4182
26.99781
24.76066
25.51086
26.29176
24.75734
22.38829
22.30095
24.66092
26.35726
26.69388
27.84479
31.95368
22.31139
23.10142
23.8464
25.40551
27.12681
26.35056
23.74341
23.88572
25.04384
24.82471
23.41535
22.6537
23.21841
24.48298
25.39404
27.25602
33.29679
20.64663
21.23586
22.03282
23.72842
25.51447
25.6412
22.97757
21.99843
22.86566
23.5856
23.63247
23.39544
23.10237
22.89655
22.98154
26.05354
31.5592
19.38606
20.24236
21.11149
22.35557
23.8548
24.96762
23.5428
21.17472
21.51328
22.44642
23.2708
24.02788
24.62192
24.00566
22.35844
24.47074
27.58973
18.57048
19.71659
20.55493
21.57497
22.62435
23.96148
24.43727
22.96658
22.22893
22.65096
23.02413
23.62422
24.93719
24.86445
22.7326
23.09258
25.54817
18.13622
19.03113
20.03428
20.95858
21.74308
22.60528
23.32086
23.17033
22.59103
22.71355
22.64731
22.6703
23.89938
24.54905
23.30565
21.91208
22.48478
22.14959
21.86837
20.47447
16.87468
16.39163
17.40807
18.37353
19.19285
19.18653
20.04225
20.93355
19.58328
20.35163
25.54373
30.77894
33.0975
33.16312
23.42789
22.74024
23.05506
22.0743
20.31324
19.99257
20.43506
21.94592
23.63404
23.95345
24.02542
22.05583
22.06332
24.9987
28.89627
30.67353
32.87383
25.30297
26.32932
26.05064
25.14086
25.13715
26.72879
27.71708
27.40634
25.35837
24.19662
25.44718
24.91001
23.76069
24.41924
26.73863
30.59534
33.08683
25.32834
28.49506
30.40024
30.05913
29.91364
30.20109
29.63845
27.49191
24.70709
24.74101
26.73583
27.08057
24.71721
24.55289
27.38305
30.28268
33.82282
24.25807
28.3825
31.83515
32.3727
32.4447
31.72628
30.18496
26.47533
24.18567
26.07833
29.2201
28.05634
27.06221
25.07841
27.67562
31.15679
33.64939
23.81221
27.09244
29.78751
30.25696
30.64053
29.69549
27.71796
25.93293
25.87177
28.46498
30.16361
29.78882
28.00709
27.03728
29.18209
30.71411
32.65496
22.64717
25.35477
27.23349
27.18486
27.42568
26.62673
25.15721
25.67023
27.9808
30.08894
29.91623
29.22219
28.07161
27.76801
29.19926
30.48825
32.40714
21.64462
24.09827
25.02835
24.399
24.41364
24.81021
24.73091
25.76767
28.01841
28.71828
28.42039
29.53259
29.43309
28.58727
28.42574
30.10778
31.67773
21.46347
23.17812
23.5735
23.14195
23.23873
23.98174
24.56496
25.37808
26.0661
25.9007
27.2175
30.59713
32.41919
31.5902
29.48858
30.64177
32.27099
23.15566
24.01321
24.1501
24.10149
23.75296
23.56586
23.72828
24.77839
26.01292
26.47569
28.06445
32.24504
35.97159
35.12543
30.80075
31.39565
34.96612
25.69601
27.52416
27.98325
27.28032
26.15274
25.55376
24.72623
24.52026
26.29378
28.43437
30.21907
33.92402
38.10905
37.20508
32.56291
32.62639
36.41
29.74925
31.08576
31.42589
31.00014
30.56209
29.98125
27.61402
25.21953
26.18521
29.41672
32.33708
35.22786
37.78415
36.10665
33.32055
34.14382
36.67632
30.12372
30.93275
31.9186
33.41535
34.0331
32.78875
29.47203
26.59266
26.91755
29.69349
33.07706
35.5383
36.09847
34.15326
33.01668
34.68691
37.493
28.07483
28.32317
30.52312
33.5557
34.56034
33.03805
29.54329
26.89703
27.01407
29.22432
32.82038
35.24963
34.57709
32.56763
32.37008
34.56047
37.48891
26.28799
26.76811
29.09174
32.47
33.6837
32.01774
28.81764
26.2252
25.14982
26.46995
30.21349
33.62484
33.75257
31.59565
32.07211
34.36432
35.90622
24.84936
25.34296
27.74137
30.69255
32.42476
31.00382
28.08195
25.99417
23.72132
22.89782
25.68341
30.25674
32.61877
31.20205
31.40678
33.79826
34.13567
24.55295
24.16337
26.45713
29.25
31.11869
29.54968
27.28718
26.48502
24.41179
21.81183
22.32907
26.49244
30.03675
29.83425
29.22485
31.33939
32.259
24.6329
24.48361
26.39251
28.53429
29.96545
27.89267
26.1276
26.63375
25.97636
23.47991
21.70758
23.63346
27.18579
28.06366
27.35265
28.9222
30.97044
23.94676
24.65554
25.83602
27.30833
28.46249
27.05319
24.83136
25.58993
26.38899
24.88841
22.56627
22.51061
24.86084
26.50745
26.7756
27.88736
32.0118
22.34259
23.17762
23.93633
25.4827
27.18739
26.42087
23.83384
23.99191
25.16731
24.97377
23.5993
22.87172
23.43868
24.66499
25.50268
27.31314
33.38099
20.67404
21.3001
22.12454
23.8274
25.59047
25.72515
23.08284
22.12745
23.00461
23.74767
23.83208
23.63692
23.35861
23.12716
23.15625
26.16839
31.66089
19.40736
20.31277
21.21842
22.47592
23.95297
25.06561
23.65444
21.31308
21.65552
22.60446
23.46939
24.27484
24.89681
24.27862
22.5938
24.64168
27.72659
18.58324
19.77217
20.65548
21.70936
22.74262
24.08358
24.55715
23.10624
22.3732
22.79642
23.19501
23.84097
25.19629
25.14445
22.99177
23.30323
25.74459
18.14523
19.05836
20.10063
21.08324
21.87836
22.76407
23.46652
23.32009
22.75044
22.86266
22.80451
22.86196
24.13718
24.80999
23.55687
22.13933
22.72133
22.1506
21.86909
20.47491
16.87462
16.39158
17.40828
18.39077
19.23336
19.23535
20.08171
20.95706
19.59324
20.35265
25.55402
30.7951
33.11292
33.18412
23.42881
22.74191
23.05656
22.07478
20.31345
19.99257
20.43921
21.96179
23.66823
23.99395
24.05369
22.06996
22.06606
25.00568
28.90804
30.69612
32.89309
25.30512
26.33282
26.05398
25.14197
25.13725
26.72976
27.72039
27.40925
25.37127
24.22597
25.47411
24.92718
23.76973
24.42542
26.75143
30.63156
33.10459
25.33758
28.50272
30.4052
30.06066
29.91858
30.21138
29.64615
27.49411
24.70967
24.75354
26.7514
27.09433
24.73211
24.56553
27.40239
30.3299
33.83741
24.28022
28.39748
31.84485
32.38118
32.47128
31.75807
30.20956
26.48879
24.19301
26.08524
29.22855
28.06671
27.07856
25.10204
27.73428
31.22951
33.69877
23.85379
27.12493
29.81595
30.29126
30.7023
29.76324
27.77341
25.97055
25.89177
28.47215
30.16647
29.79523
28.01871
27.06466
29.32309
30.8717
32.8193
22.71064
25.41731
27.29258
27.24901
27.5112
26.72217
25.23967
25.7306
28.01694
30.10805
29.92526
29.23378
28.07347
27.80062
29.37501
30.7688
32.79881
21.70351
24.17494
25.0955
24.45666
24.47296
24.8751
24.79376
25.82181
28.05922
28.7442
28.43402
29.54787
29.4369
28.64381
28.65467
30.46917
32.30929
21.47653
23.19433
23.58813
23.15292
23.2509
23.99828
24.58859
25.4095
26.09561
25.91996
27.2274
30.60954
32.43362
31.64486
29.63399
30.97074
32.88893
23.15652
24.01324
24.1501
24.10149
23.75323
23.5673
23.73345
24.79019
26.02563
26.48568
28.06973
32.25464
35.98835
35.14213
30.81387
31.47958
35.30835
25.70261
27.52544
27.98326
27.28035
26.15296
25.55469
24.72857
24.52284
26.29692
28.43997
30.22415
33.93563
38.13452
37.24551
32.59952
32.65462
36.51627
29.7577
31.08747
31.42576
31.00019
30.56202
29.98271
27.61741
25.22101
26.18524
29.41921
32.34018
35.23718
37.81248
36.14315
33.34922
34.17647
36.74654
30.13543
30.93559
31.91874
33.41651
34.03417
32.79266
29.47694
26.5963
26.91844
29.69775
33.08072
35.5438
36.12039
34.19165
33.04689
34.7217
37.56864
28.09096
28.3299
30.52719
33.56436
34.56885
33.04992
29.55215
26.90163
27.01628
29.23342
32.83184
35.25871
34.59169
32.60171
32.40365
34.58703
37.54086
26.32011
26.78972
29.11039
32.49788
33.70809
32.03749
28.82789
26.23067
25.15216
26.48173
30.23799
33.64744
33.76926
31.62809
32.11753
34.39501
35.93984
24.90163
25.38874
27.78668
30.74902
32.46704
31.02622
28.09303
26.00093
23.72341
22.90232
25.70753
30.29541
32.64879
31.23836
31.45798
33.84527
34.17191
24.61696
24.23282
26.53083
29.33452
31.16784
29.56921
27.299
26.49318
24.41618
21.81337
22.34056
26.53038
30.08134
29.88078
29.27927
31.39675
32.30526
24.68027
24.5578
26.48061
28.63581
30.0138
27.91471
26.14369
26.6464
25.98643
23.49021
21.71981
23.66388
27.23506
28.12219
27.41356
28.97647
31.01727
23.96168
24.70801
25.90903
27.40851
28.52863
27.08869
24.85561
25.61182
26.4091
24.90916
22.58938
22.54134
24.91214
26.57528
26.83579
27.93802
32.06313
22.34757
23.20289
23.98533
25.56823
27.26829
26.47528
23.86735
24.02137
25.19558
25.00285
23.63615
22.92031
23.51024
24.75498
25.57656
27.3829
33.46072
20.67865
21.32178
22.16779
23.89869
25.68345
25.7984
23.13389
22.15999
23.03516
23.78143
23.88321
23.71033
23.46328
23.25578
23.27661
26.2762
31.76931
19.40884
20.33261
21.26798
22.54214
24.03586
25.15735
23.73348
21.35417
21.6902
22.63974
23.51942
24.35236
25.01077
24.43211
22.76306
24.7814
27.85144
18.58568
19.78223
20.68747
21.76163
22.80441
24.17274
24.66714
23.17339
22.41766
22.83827
23.23657
23.89572
25.28115
25.27249
23.1652
23.47923
25.9067
18.14877
19.0607
20.10579
21.10863
21.91886
22.83181
23.58417
23.42475
22.81581
22.91856
22.85426
22.90887
24.1982
24.9013
23.68499
22.30393
22.89118
22.15068
21.8693
20.47515
16.87467
16.39159
17.40838
18.39931
19.25215
19.25327
20.09419
20.96163
19.59433
20.353
25.55412
30.79543
33.11274
33.18823
23.4292
22.74244
23.05698
22.07487
20.31345
19.99257
20.44003
21.96732
23.68
24.00576
24.059
22.07089
22.06604
25.006
28.91246
30.7015
32.90105
25.30941
26.33545
26.05487
25.14207
25.13727
26.73008
27.7209
27.40963
25.37394
24.23288
25.47805
24.9281
23.76978
24.42663
26.76746
30.65075
33.11861
25.35213
28.5109
30.40833
30.06165
29.92127
30.21577
29.65111
27.49725
24.71015
24.75508
26.7524
27.09495
24.73217
24.56964
27.42384
30.36251
33.85327
24.30837
28.41458
31.85463
32.38741
32.48418
31.7742
30.22479
26.4973
24.19561
26.08654
29.22937
28.06732
27.07864
25.10952
27.76226
31.27598
33.72788
23.89776
27.15534
29.83822
30.31017
30.73198
29.79524
27.79886
25.9816
25.89409
28.47235
30.16647
29.79546
28.01892
27.06948
29.36623
30.941
32.95217
22.77554
25.46218
27.32451
27.27881
27.54871
26.75964
25.26127
25.73622
28.01775
30.10821
29.92529
29.23392
28.07391
27.80104
29.40977
30.82999
33.06906
21.76318
24.21181
25.11447
24.47667
24.49288
24.88778
24.79597
25.82193
28.05922
28.7442
28.43405
29.54788
29.43716
28.64387
28.67115
30.48991
32.52878
21.4788
23.19433
23.58841
23.15454
23.25125
23.99828
24.58866
25.40955
26.09562
25.91996
27.22732
30.6095
32.43362
31.64496
29.63476
30.97783
32.93053
23.15662
24.01357
24.15032
24.10156
23.75336
23.56745
23.73347
24.79022
26.02571
26.48567
28.0697
32.2546
35.9884
35.14264
30.81446
31.48623
35.32511
25.7027
27.52563
27.98339
27.28039
26.15299
25.55471
24.72861
24.52311
26.29724
28.44004
30.22412
33.93561
38.13465
37.24654
32.60076
32.65456
36.53162
29.75799
31.08789
31.42587
31.00028
30.56208
29.98307
27.6181
25.2222
26.18573
29.41924
32.34016
35.23716
37.81258
36.14445
33.3508
34.17877
36.75563
30.13717
30.93652
31.91877
33.41716
34.03548
32.79684
29.4809
26.5983
26.91883
29.69781
33.08072
35.54377
36.12036
34.19295
33.04903
34.72359
37.57876
28.10204
28.33467
30.52909
33.56739
34.57612
33.06446
29.5617
26.90402
27.01705
29.23384
32.83296
35.25906
34.59166
32.60259
32.40656
34.5888
37.54837
26.35291
26.80957
29.12416
32.50853
33.72906
32.06575
28.84317
26.23409
25.15325
26.48257
30.24173
33.65059
33.76977
31.62863
32.12088
34.39858
35.94596
24.96432
25.43794
27.82522
30.77279
32.50198
31.06466
28.1141
26.00606
23.72441
22.90275
25.70942
30.30259
32.65139
31.23863
31.46115
33.8517
34.17816
24.69988
24.30866
26.59163
29.37037
31.20717
29.60963
27.32518
26.50285
24.4187
21.81396
22.34125
26.53431
30.08716
29.88249
29.28263
31.4057
32.313
24.74081
24.62712
26.54402
28.6766
30.05692
27.95661
26.17718
26.6644
25.99524
23.494
21.72216
23.66773
27.24475
28.12878
27.41875
28.98804
31.02758
23.9846
24.74403
25.95524
27.45503
28.58633
27.14065
24.90094
25.64351
26.42664
24.91813
22.59556
22.55055
24.93052
26.59519
26.84882
27.95341
32.07968
22.36026
23.21899
24.0168
25.61846
27.33867
26.53938
23.92551
24.06843
25.22245
25.01651
23.64461
22.93471
23.5415
24.79872
25.61304
27.41187
33.49187
20.6968
21.34511
22.20132
23.94506
25.75292
25.86939
23.20676
22.22228
23.07187
23.79972
23.89298
23.72407
23.49605
23.31742
23.35303
26.33894
31.82451
19.43016
20.36063
21.30488
22.58525
24.09078
25.23006
23.81265
21.4308
21.74199
22.66743
23.5317
24.36041
25.02889
24.48293
22.85539
24.8772
27.93348
18.60622
19.80252
20.7077
21.78966
22.83621
24.22835
24.74461
23.26502
22.4908
22.88464
23.25984
23.90686
25.2898
25.29683
23.22996
23.58639
26.01464
18.16325
19.06659
20.10641
21.11576
21.93317
22.86407
23.64765
23.51337
22.9089
22.9948
22.90309
22.93971
24.21586
24.92002
23.72345
22.38163
22.9902
22.15068
21.86932
20.47518
16.87473
16.39164
17.40838
18.39978
19.25757
19.2609
20.09869
20.96249
19.59442
20.35303
25.5541
30.79533
33.11253
33.1883
23.43015
22.74316
23.05709
22.07487
20.31348
19.99257
20.44007
21.96823
23.68458
24.01197
24.06071
22.07094
22.06604
25.00597
28.91249
30.70136
32.90144
25.31621
26.33905
26.05572
25.14213
25.13734
26.73029
27.72119
27.40976
25.37424
24.23616
25.47922
24.92814
23.76975
24.4266
26.76744
30.65079
33.11969
25.37035
28.52052
30.41164
30.06288
29.92321
30.21794
29.65265
27.49796
24.71024
24.7557
26.75251
27.09495
24.73212
24.56965
27.4239
30.36315
33.85589
24.34237
28.43285
31.86346
32.3927
32.49142
31.78097
30.22944
26.49929
24.196
26.08662
29.22938
28.06732
27.07864
25.10955
27.76241
31.27751
33.7322
23.95133
27.18696
29.85558
30.32084
30.74465
29.8062
27.80631
25.98436
25.89437
28.47235
30.16647
29.79546
28.01892
27.06952
29.36638
30.94265
32.96016
22.84938
25.50325
27.34404
27.28946
27.55978
26.7688
25.26656
25.73716
28.01775
30.10821
29.92529
29.23392
28.07391
27.80107
29.41002
30.83129
33.07684
21.8217
24.23675
25.11751
24.48012
24.49782
24.89043
24.79653
25.82196
28.05922
28.7442
28.43405
29.54788
29.43716
28.64388
28.6713
30.49043
32.53322
21.47925
23.19433
23.58846
23.15458
23.25125
23.99828
24.58868
25.40955
26.09562
25.91996
27.22729
30.60949
32.43357
31.64498
29.63483
30.97792
32.93382
23.157
24.01367
24.15055
24.10168
23.7534
23.56751
23.73349
24.79022
26.02571
26.48565
28.0697
32.25458
35.98836
35.14257
30.81444
31.4862
35.32864
25.7027
27.52578
27.9836
27.28043
26.15299
25.55471
24.72868
24.52321
26.29728
28.44004
30.22411
33.93561
38.13463
37.24649
32.60072
32.65453
36.53335
29.75806
31.08817
31.42602
31.00028
30.5621
29.98315
27.61924
25.22284
26.18581
29.41925
32.34016
35.23715
37.81256
36.14442
33.35076
34.17873
36.75584
30.13765
30.93746
31.91889
33.4172
34.0355
32.79749
29.48563
26.60047
26.91904
29.69785
33.08074
35.54376
36.12034
34.19292
33.049
34.72356
37.57881
28.11296
28.34085
30.53231
33.57021
34.57754
33.06868
29.57129
26.90818
27.01739
29.23405
32.83398
35.25931
34.59164
32.60257
32.40654
34.58882
37.54839
26.38989
26.83523
29.14358
32.52269
33.73598
32.07699
28.85675
26.23993
25.15366
26.4831
30.24544
33.65326
33.77018
31.62864
32.12089
34.3986
35.94603
25.03696
25.49899
27.87435
30.80194
32.5152
31.08255
28.13175
26.01427
23.72528
22.90283
25.71126
30.3097
32.65392
31.23889
31.46116
33.85172
34.17833
24.79448
24.39776
26.65935
29.40404
31.22151
29.63186
27.34661
26.51474
24.42205
21.81444
22.34136
26.53791
30.09205
29.88473
29.28329
31.40588
32.31308
24.81815
24.70522
26.60325
28.70807
30.078
27.98427
26.20473
26.68406
26.00538
23.49788
21.72332
23.66798
27.24923
28.13569
27.4229
28.9894
31.02765
24.02843
24.79226
25.9978
27.49402
28.62369
27.17834
24.93914
25.6755
26.44667
24.92869
22.6
22.552
24.93413
26.60832
26.86178
27.96081
32.08176
22.3888
23.25398
24.05605
25.66324
27.38684
26.58747
23.97425
24.11071
25.25095
25.03327
23.65286
22.93834
23.54513
24.81543
25.64118
27.43691
33.50576
20.72897
21.38799
22.24483
23.9798
25.79509
25.92248
23.26397
22.2745
23.10662
23.81962
23.9038
23.73015
23.49955
23.32935
23.39318
26.38954
31.8643
19.45937
20.40182
21.3406
22.60074
24.10987
25.27637
23.87318
21.49508
21.7887
22.69289
23.54432
24.3683
25.0343
24.48641
22.87704
24.92911
27.98603
18.62518
19.82176
20.71811
21.7912
22.83884
24.25402
24.79683
23.33657
22.55347
22.92287
23.27914
23.9198
25.30101
25.30384
23.23396
23.61913
26.06395
18.17299
19.06853
20.10647
21.11607
21.93427
22.87397
23.6774
23.57793
22.98335
23.04857
22.93882
22.96666
24.23834
24.93757
23.73616
22.39938
23.02385
