 1
 1
 1
 1
 1
 1
 1
 1
 1
 1
 1
 1
 1
 1
 0
 0
 0
 1
 1
 1
 1
 1
 1
 1
 1
 1
 1
 1
 1
 1
 1
 0
 0
 0
 1
 1
 1
 1
 1
 1
 1
 1
 1
 1
 1
 1
 1
 1
 1
 0
 0
 1
 1
 1
 1
 1
 1
 1
 1
 1
 1
 1
 1
 1
 1
 1
 1
 0
 1
 1
 1
 1
 1
 1
 1
 1
 1
 1
 1
 1
 1
 1
 1
 1
 1
 1
 1
 1
 1
 1
 1
 1
 1
 1
 1
 1
 1
 1
 1
 1
 1
 1
 1
 1
 1
 1
 1
 1
 1
 1
 1
 1
 1
 1
 1
 1
 1
 1
 1
 1
 1
 1
 1
 1
 1
 1
 1
 1
 1
 1
 1
 1
 1
 1
 1
 1
 1
 1
 1
 1
 1
 1
 1
 1
 1
 1
 1
 1
 1
 1
 1
 1
 1
 1
 1
 1
 1
 1
 1
 1
 1
 1
 1
 1
 1
 1
 1
 1
 1
 1
 0
 1
 1
 1
 1
 1
 1
 1
 1
 1
 1
 1
 1
 1
 1
 1
 1
 1
 1
 1
 1
 1
 1
 1
 1
 1
 1
 1
 1
 1
 1
 1
 1
 1
 1
 1
 1
 1
 1
 1
 1
 1
 1
 1
 1
 1
 1
 1
 1
 1
 1
 1
 1
 1
 1
 1
 1
 1
 1
 1
 1
 1
 1
 1
 1
 1
 1
 1
 1
 1
 1
 1
 1
 1
 1
 1
 1
 1
 1
 1
 1
 1
 1
 1
 1
 1
 1
 1
 1
 1
 1
 1
 1
 1
 1
 1
 1
 1
 1
 1
 1
 1
 1
 1
 1
 1
 1
 1
 1
 1
 1
 1
 1
 1
 1
 1
 1
 1
 1
 1
 1
 1
 1
 1
 1
 1
 1
 1
 1
 1
 1
 1
 1
 1
 1
 1
 1
 1
 1
 1
 1
 1
 1
 1
 1
 1
 1
 1
 1
 1
 1
 1
 1
 1
 1
 1
 1
 1
 1
 1
 1
 1
 1
 1
 1
 1
 1
 1
 1
 1
 1
 1
 1
 1
 1
 1
 1
 1
 1
 1
 1
 1
 1
 1
 1
 1
 1
 1
 1
 1
 1
 1
 1
 1
 1
 1
 1
 1
 1
 1
 1
 1
 1
 1
 1
 1
 1
 1
 1
 1
 1
 1
 1
 1
 1
 1
 1
 1
 1
 1
 1
 1
 1
 1
 1
 1
 1
 1
 1
 1
 1
 1
 1
 1
 1
 1
 1
 1
1.017097
1.007218
1.003121
0.6998802
0.6739069
0.9336524
0.9439535
0.9588249
0.9371731
0.9027751
0.8482916
0.5062901
0.4333326
0.4108029
0.4149197
0.3575548
0.2991395
0.8092378
0.7961013
1.046868
1.033016
0.7270397
0.953543
0.6627662
0.6674628
0.6516712
0.9006804
0.854943
0.5185439
0.4583906
0.4354396
0.6309369
0.3576823
0.3231895
0.820765
0.8433167
0.8211828
1.042298
1.019212
0.9886368
0.6847472
0.6691039
0.6557856
0.6507494
0.6291583
0.571353
0.4993922
0.458753
0.445702
0.4065753
0.3575632
1.035353
0.7962888
0.7986783
1.013488
0.9928207
0.9883863
0.9769387
0.9619855
0.9492791
0.9526181
0.9366935
0.6264376
0.557605
0.7301633
0.6859936
0.6529895
0.3840972
0.7281524
0.7372648
1.002801
0.9766347
0.9649303
0.9735864
0.9859098
0.9859279
0.7049847
0.7139472
0.699652
0.9190738
0.8538705
0.7681947
0.7162524
0.6744368
0.6278068
0.9623609
0.7005509
0.9590266
0.9455116
0.683714
0.9656693
0.9841166
1.005843
1.006605
1.001452
0.9696041
0.9253606
0.8666636
0.7998692
0.5083653
0.4666369
0.6561728
0.9226825
0.6648688
0.9298744
0.9235188
0.9403197
0.9591035
0.978843
1.006661
1.014206
0.9901845
0.9461791
0.9075583
0.8619845
0.8074631
0.7678061
0.4810964
0.4435664
0.8896428
0.9006929
0.9032991
0.900978
0.9179629
0.9472613
0.9719871
0.9849318
0.9802794
0.961028
0.9413148
0.920149
0.8762212
0.8158616
0.7738267
0.7525498
0.4684924
0.8802142
0.8899683
0.9007071
0.9101663
0.9247029
0.9467613
0.9686637
0.9851624
0.9928651
0.9778408
0.6905696
0.6977718
0.6851081
0.6160741
0.5512583
0.5426818
0.5325693
0.8962721
0.9082302
0.926404
0.946623
0.9597432
0.9729144
0.7198999
1.004873
1.027247
0.7519386
0.709099
0.7146494
0.7469633
0.695109
0.5952742
0.5906709
0.605978
0.05274755
0.6888014
0.7127061
0.7366741
1.016985
1.023364
0.7492392
0.7353841
0.7503374
0.7761113
0.7537739
0.7279315
0.7601219
0.724188
0.6339124
0.6236624
0.6402302
0.7055267
0.7470334
0.7862422
1.075763
0.8207569
0.8143886
0.7895833
0.7463837
0.7331523
0.7640803
0.7783244
0.7478848
0.7395294
0.7016612
0.659074
0.663262
0.6638289
0.7235793
0.7699223
0.8290858
0.8787751
0.8708245
0.8319975
0.7928838
0.7647085
0.7476863
0.7565058
0.7757638
0.7545988
0.7259058
0.6946955
0.6755537
0.6924067
0.6916992
0.7329942
0.7752553
0.8281516
0.8841675
1.117558
0.8030033
0.7672918
0.7509224
0.743557
0.7403568
0.7631743
0.7761275
0.7447723
0.7102011
0.7031186
0.7190781
0.713001
0.7216184
0.7587662
0.7985492
0.8436499
1.070273
0.7624778
0.7388803
0.7297772
0.7245041
0.7203688
0.7353787
0.7741248
0.777456
0.7367566
0.7327871
0.7457214
0.7207916
0.6927474
0.7284271
0.7599919
0.7877015
1.018063
0.7318422
0.7274552
0.7289405
0.7228056
0.7119371
0.7191297
0.7518376
0.7862671
0.7661588
0.7516215
0.7644535
0.7341868
0.6446897
0.6849576
0.7160481
0.9958751
0.720373
0.7127564
0.7242928
0.7432708
0.751238
0.7423431
0.7280092
0.7458116
0.7818639
0.7835078
0.7678251
0.7732686
0.7509828
0.8965225
0.6567779
0.9590677
0.9744786
0.9694298
0.7077334
0.7265478
0.7552306
0.7725917
0.7780519
0.7661963
0.7590131
0.785857
0.7969853
0.7882215
0.7881986
0.768984
0.9071959
0.9264981
0.9548502
0.9647128
0.7078236
0.7144843
0.7333094
0.7618179
0.7806714
0.7902501
0.7951277
0.788693
0.7933422
0.80425
0.8101649
0.8294741
0.8425198
0.9085344
0.9294591
0.9515156
0.7003181
0.7201582
0.7350717
0.7517252
0.7739163
0.7906541
0.8085826
0.8286785
0.8355513
0.8267503
0.8178165
0.8144043
0.8272471
0.8611347
0.8940189
0.9264464
0.9540487
0.7167192
0.7412817
0.7625726
0.778636
0.798558
0.8160514
0.8366731
0.8591511
0.8739451
0.8627918
0.8355923
0.8160396
0.804019
0.8020189
0.8742614
0.9160128
0.9497094
0.9826026
0.7521408
0.7846853
0.8040441
0.825519
0.8533124
0.8789641
0.8987861
0.9157758
0.9063608
0.8626329
0.8226019
0.7854505
0.7532829
0.8501956
0.8918458
0.6616135
0.9666911
1.002309
0.7893118
0.8217226
0.8468546
0.8817327
0.9195335
0.9462309
0.9645185
0.9557861
0.9037153
0.8458863
0.7922763
0.7507226
0.8293656
0.5996955
0.6367416
0.6732024
0.9814097
1.03303
0.8282747
0.8648944
0.898458
0.9374254
0.9749186
0.9998886
0.9903671
0.940179
0.8839944
0.8199871
0.7622531
1.837676
1.74572
1.723196
1.313516
1.11091
1.294749
1.342542
1.411991
1.441552
1.463673
1.45904
1.069467
0.9086251
0.8578722
0.8649879
0.804077
0.6946578
1.739927
1.66119
1.839493
1.762277
1.321821
1.400026
1.068543
1.117368
1.163952
1.49997
1.528365
1.172621
1.041635
0.958878
1.10271
0.7815663
0.7147672
1.719136
1.747203
1.629897
1.726529
1.666302
1.587758
1.235387
1.196133
1.221735
1.3065
1.381456
1.337059
1.18249
1.038098
0.9667576
0.8762291
0.7522864
1.772359
1.562233
1.524004
1.622543
1.584797
1.625736
1.642051
1.610096
1.603311
1.690957
1.760536
1.464629
1.3124
1.342667
1.223476
1.142729
0.7796998
1.344883
1.352796
1.593138
1.505761
1.484895
1.571878
1.690461
1.747468
1.469989
1.54437
1.5884
1.791538
1.652759
1.431
1.276225
1.15436
1.032963
1.516288
1.232035
1.45585
1.420424
1.191996
1.551282
1.69025
1.827586
1.886989
1.92254
1.897534
1.820187
1.697935
1.521127
1.116495
0.9553029
1.042076
1.362016
1.120398
1.374301
1.374946
1.461975
1.575445
1.704726
1.859693
1.959724
1.954034
1.891466
1.819998
1.711185
1.537736
1.373683
0.9615448
0.800676
1.203515
1.281007
1.316764
1.347462
1.452348
1.60955
1.745311
1.854222
1.940506
1.966425
1.954102
1.920997
1.824574
1.612179
1.38955
1.227306
0.8145851
1.167355
1.265069
1.358856
1.425231
1.520041
1.674498
1.836262
1.9637
2.056383
2.057062
1.726837
1.736297
1.706368
1.502687
1.204846
1.041647
0.9262582
1.391553
1.490789
1.588431
1.691592
1.774641
1.875664
1.732248
2.091837
2.187218
1.895766
1.721938
1.674166
1.716083
1.583835
1.234325
1.050904
1.023915
0.8235402
1.584513
1.700133
1.804233
2.128844
2.147835
1.848261
1.790896
1.820087
1.852776
1.722815
1.566812
1.585578
1.508945
1.218288
1.023654
0.9890422
1.577746
1.764982
1.937849
2.302607
2.076169
2.037655
1.900669
1.707497
1.621902
1.66501
1.647816
1.493553
1.407146
1.3262
1.161458
1.051042
0.9591275
1.526847
1.700573
1.908289
2.05865
2.043604
1.917824
1.755775
1.604204
1.497034
1.479005
1.499701
1.416481
1.286357
1.187222
1.086453
1.045266
0.9715692
1.458851
1.59286
1.753748
1.899035
2.096066
1.656791
1.497362
1.406687
1.342118
1.289062
1.308762
1.33079
1.235147
1.118161
1.042448
1.010928
0.9660378
1.432686
1.512669
1.594371
1.677904
1.855607
1.433612
1.279389
1.190329
1.134455
1.094883
1.112368
1.177585
1.192163
1.080759
1.022023
1.00606
0.9411311
1.296953
1.386418
1.407891
1.413861
1.601881
1.248002
1.15163
1.081888
1.011349
0.9420338
0.959587
1.038792
1.09808
1.05709
0.999577
1.010327
0.9701777
1.145079
1.195881
1.211026
1.446021
1.146394
1.102771
1.069381
1.077733
1.075295
0.9918633
0.9115659
0.9626248
1.035515
1.032956
0.9942126
1.000113
0.9947143
1.435729
1.086245
1.377563
1.365793
1.34031
1.034499
1.023686
1.075991
1.119701
1.109364
1.020004
0.9664443
1.030916
1.067818
1.067559
1.05365
1.041676
1.421902
1.359815
1.366184
1.351126
1.079572
1.034131
1.004128
1.047695
1.077836
1.096885
1.084215
1.043709
1.036911
1.084183
1.13922
1.169374
1.268469
1.326552
1.318061
1.307435
1.047222
1.062592
1.070085
1.03114
1.014452
1.027894
1.062086
1.097792
1.102624
1.070227
1.061063
1.088359
1.125104
1.265396
1.223414
1.231138
1.237375
1.027815
1.053668
1.100554
1.109695
1.033893
1.034756
1.055617
1.096358
1.129915
1.116109
1.064312
1.035996
1.034063
1.07394
1.160637
1.195467
1.224013
1.26518
1.068012
1.13798
1.179685
1.109705
1.088184
1.099848
1.117769
1.159609
1.175955
1.118457
1.033106
0.9914401
0.9581053
1.123697
1.169127
0.951188
1.258973
1.301615
1.136113
1.224975
1.195909
1.128443
1.149384
1.175207
1.203039
1.213292
1.16981
1.087862
1.014864
0.9619399
1.093169
0.8682017
0.9127647
0.9571151
1.270237
1.342435
1.18644
1.233269
1.180703
1.169376
1.207572
1.231759
1.206586
1.155465
1.114257
1.052371
0.9626138
3.088834
3.038617
3.110536
2.611606
2.198067
2.31735
2.383675
2.456383
2.447781
2.446828
2.40021
1.864857
1.632769
1.683073
1.797314
1.75301
1.589554
3.162131
3.146798
3.35709
3.248189
2.633858
2.508588
2.068683
2.08388
2.113074
2.463739
2.512919
2.084416
1.918674
1.903169
2.099495
1.775762
1.721239
3.130018
3.266307
3.147601
3.16999
3.037427
2.847648
2.35245
2.184041
2.161868
2.295109
2.45733
2.422302
2.203762
2.026258
1.991559
1.956479
1.848396
2.97243
2.887736
2.895647
2.929416
2.85782
2.896241
2.843372
2.682003
2.602194
2.75483
2.919489
2.652279
2.420941
2.341085
2.24397
2.232697
1.877276
2.397501
2.493661
2.800343
2.675477
2.626847
2.753817
2.899402
2.890155
2.52838
2.664146
2.791064
2.998747
2.787791
2.448577
2.270396
2.177876
2.090895
2.560399
2.324699
2.584364
2.528471
2.294068
2.65586
2.82738
2.957076
2.991542
3.074182
3.091569
3.002008
2.811055
2.548434
2.101274
1.914353
2.006449
2.325754
2.191813
2.475142
2.458695
2.549832
2.651699
2.783719
2.971033
3.109307
3.13065
3.073747
2.96615
2.794049
2.541243
2.318006
1.860259
1.673686
2.027653
2.281416
2.372213
2.371821
2.467341
2.651575
2.808172
2.957644
3.100354
3.138241
3.100859
3.058883
2.93215
2.619407
2.290897
2.069925
1.635571
1.956104
2.206824
2.363379
2.399915
2.491184
2.732965
2.9827
3.181755
3.327708
3.266772
2.856209
2.888332
2.861637
2.571012
2.097415
1.858195
1.741588
2.481886
2.643969
2.784555
2.89861
2.981039
3.155434
3.102447
3.513791
3.628905
3.227567
2.877032
2.799176
2.873814
2.683714
2.103234
1.808429
1.82648
2.303806
3.208046
3.423725
3.540756
3.814579
3.773248
3.402601
3.263578
3.263185
3.228207
2.90865
2.616066
2.647852
2.531017
2.020555
1.686687
1.699126
3.194609
3.566171
3.909635
4.309244
4.024929
3.85931
3.515332
3.092268
2.899907
2.91259
2.775174
2.464578
2.321822
2.179283
1.865013
1.660128
1.558153
3.030251
3.340693
3.714614
3.953081
3.88097
3.585234
3.193066
2.828612
2.598881
2.527631
2.495214
2.318768
2.081059
1.891964
1.686818
1.602328
1.507606
2.846861
3.043087
3.312237
3.549067
3.679897
3.02405
2.633932
2.415863
2.27139
2.145397
2.140421
2.141187
1.948675
1.703179
1.545548
1.488381
1.440029
2.805563
2.884796
2.997857
3.137704
3.25555
2.604819
2.201375
1.993294
1.861859
1.761477
1.776403
1.85861
1.846151
1.589211
1.44941
1.41874
1.336284
2.501091
2.66174
2.665365
2.673785
2.844266
2.332494
2.016709
1.823363
1.623227
1.430284
1.459368
1.606057
1.684153
1.543376
1.38839
1.386674
1.340433
2.202562
2.235028
2.272653
2.506438
2.249179
2.128465
1.939633
1.897543
1.809578
1.531307
1.325181
1.452141
1.573206
1.506303
1.360059
1.351095
1.365273
2.497605
2.006447
2.328304
2.345611
2.373012
2.013918
1.875739
1.925681
1.968891
1.862255
1.571112
1.436857
1.552574
1.571775
1.505158
1.477209
1.50622
2.41455
2.280547
2.304841
2.321272
2.086198
1.968747
1.783285
1.802362
1.848579
1.857342
1.752339
1.567499
1.526615
1.601806
1.661539
1.722393
1.966021
2.144714
2.15388
2.134586
1.891837
1.937324
1.941161
1.717897
1.59213
1.606289
1.662353
1.701309
1.650753
1.526934
1.508463
1.546527
1.617843
1.919508
1.878857
1.893101
1.856992
1.662716
1.711316
1.834268
1.756743
1.468212
1.455923
1.498983
1.579262
1.635718
1.585909
1.476453
1.419266
1.422148
1.52306
1.662324
1.718463
1.71933
1.732252
1.550733
1.702996
1.761723
1.514582
1.448735
1.479556
1.539741
1.632084
1.674079
1.586648
1.41535
1.330253
1.293033
1.526996
1.595399
1.393453
1.688371
1.716974
1.57139
1.698034
1.605526
1.459483
1.517339
1.584414
1.650073
1.694263
1.663013
1.527579
1.381879
1.318505
1.469838
1.259241
1.323362
1.379096
1.679975
1.742862
1.614636
1.652222
1.511488
1.510874
1.597252
1.645178
1.628228
1.606071
1.591902
1.48629
1.311768
4.772815
4.806802
4.999766
4.423183
3.871668
3.989104
4.102917
4.231615
4.199216
4.174613
4.06785
3.309712
2.921379
3.040628
3.258686
3.295991
3.093727
5.093391
5.178461
5.505602
5.447471
4.70752
4.417912
3.814473
3.762463
3.797338
4.192242
4.304498
3.751119
3.474884
3.483979
3.679266
3.353997
3.296788
5.14946
5.497471
5.464504
5.449654
5.226892
4.918365
4.254622
3.864222
3.746725
3.971857
4.291321
4.259979
3.904684
3.665889
3.644824
3.648117
3.529395
4.777861
4.955962
5.096472
4.990985
4.799112
4.835083
4.750786
4.41678
4.186822
4.424845
4.73747
4.502893
4.139417
3.926969
3.874089
3.935844
3.575801
3.92604
4.256281
4.677664
4.398444
4.218183
4.435409
4.704852
4.625211
4.124656
4.32408
4.550647
4.779678
4.4786
4.001856
3.826898
3.786603
3.739015
3.978195
3.877991
4.181309
4.00661
3.699321
4.124022
4.413464
4.561543
4.566156
4.700825
4.767096
4.675386
4.422426
4.073238
3.600944
3.419424
3.528527
3.601285
3.629366
3.923299
3.808205
3.870009
4.00096
4.183088
4.439976
4.644505
4.705933
4.661638
4.519672
4.297424
3.977313
3.713141
3.250914
3.05427
3.141605
3.600133
3.707652
3.611
3.688677
3.924386
4.114917
4.327587
4.573511
4.6692
4.622814
4.570778
4.416865
4.00565
3.583765
3.342237
2.8908
3.024637
3.429263
3.600828
3.565292
3.647047
3.971501
4.309603
4.623893
4.87337
4.791368
4.355221
4.461319
4.443326
4.025819
3.36507
3.085061
2.974075
3.855032
4.052181
4.193695
4.254695
4.298371
4.536102
4.595109
5.117669
5.320185
4.866795
4.417795
4.398889
4.537543
4.236423
3.367538
2.979224
3.058855
4.169089
5.168219
5.397125
5.43232
5.580904
5.457126
5.043786
4.888998
4.954887
4.931242
4.486494
4.140429
4.233531
4.043704
3.247707
2.756335
2.844219
5.260492
5.771925
6.179079
6.523108
6.115113
5.774956
5.213779
4.608919
4.409097
4.473659
4.26812
3.855004
3.709874
3.498076
2.981434
2.654115
2.570003
4.919826
5.327453
5.798182
6.073779
5.893314
5.367692
4.704757
4.15554
3.875168
3.819245
3.780436
3.548966
3.248183
2.977636
2.639756
2.492452
2.414266
4.50062
4.719208
5.074429
5.383344
5.39086
4.44814
3.793336
3.476658
3.287839
3.130519
3.152246
3.183882
2.926263
2.565311
2.316833
2.236419
2.234579
4.363429
4.393056
4.529931
4.729211
4.728575
3.749505
3.071269
2.778731
2.591192
2.450506
2.496736
2.653555
2.664241
2.274393
2.056553
2.038326
2.002929
3.843479
4.034989
4.012397
4.039919
4.157986
3.37262
2.806788
2.500483
2.165021
1.873098
1.942495
2.192777
2.362699
2.152356
1.891257
1.94766
1.957596
3.430741
3.375925
3.432895
3.689692
3.49154
3.179558
2.804578
2.709121
2.475228
1.964612
1.684553
1.92274
2.135529
2.064578
1.824907
1.860704
1.95257
3.852301
3.141389
3.474509
3.543973
3.639775
3.111411
2.807351
2.869163
2.860305
2.559397
2.041184
1.892381
2.103955
2.158243
2.054277
2.058005
2.176832
3.815841
3.518769
3.530565
3.591783
3.404176
3.092562
2.684197
2.705112
2.767856
2.70456
2.413751
2.095001
2.089598
2.243435
2.334839
2.478331
2.946366
3.379112
3.312367
3.254897
3.037639
3.145894
3.043143
2.516303
2.320349
2.356432
2.416533
2.398937
2.24157
2.054351
2.067083
2.142561
2.306421
2.870181
2.917244
2.865685
2.751737
2.558297
2.674851
2.827758
2.475303
2.014491
2.007896
2.067544
2.163273
2.205761
2.091438
1.921877
1.838688
1.902815
2.181815
2.525098
2.548678
2.466954
2.421635
2.27161
2.529818
2.485493
1.97807
1.916224
1.94782
2.025629
2.14598
2.188617
2.028338
1.736612
1.655795
1.704709
2.285301
2.331498
2.074212
2.297475
2.307044
2.248931
2.434261
2.16449
1.915853
1.983448
2.042301
2.111443
2.182539
2.156322
1.935305
1.705825
1.69606
2.18622
1.956019
1.981469
1.988914
2.246585
2.344257
2.338301
2.359031
2.042494
1.977694
2.038092
2.056886
2.053421
2.104732
2.114873
1.896563
1.655112
6.838784
6.923241
7.133946
6.374423
5.63844
5.695014
5.880126
6.094891
6.041412
6.017084
5.889972
4.949172
4.512891
4.940917
5.551464
5.853694
5.666585
7.363819
7.49628
7.87193
7.797031
6.894164
6.371161
5.620581
5.58446
5.694727
6.173265
6.347021
5.623237
5.266133
5.435776
5.786174
5.629985
5.702026
7.541381
8.085437
8.056839
7.934348
7.646988
7.216215
6.369724
5.800292
5.671084
6.070053
6.591639
6.527407
5.979829
5.705982
5.783624
5.940242
5.895721
7.102525
7.557612
7.750787
7.397581
7.171597
7.294705
7.159484
6.603076
6.255002
6.660583
7.188673
6.977129
6.404547
6.028838
6.081681
6.300036
5.984888
6.020787
6.591312
7.105079
6.593299
6.363664
6.818448
7.23753
7.017312
6.361386
6.695224
7.082375
7.327763
6.860858
6.192154
6.068537
6.163881
6.217955
5.843093
5.914258
6.246784
5.930174
5.631488
6.257136
6.721595
6.882873
6.875407
7.139508
7.313431
7.224473
6.85469
6.370716
5.907917
5.791843
5.979107
5.161856
5.396244
5.727519
5.495271
5.594923
5.855896
6.15794
6.543738
6.887282
7.068209
7.100633
6.94739
6.669353
6.275282
5.998813
5.576611
5.415409
4.459593
5.143818
5.30089
5.101147
5.210439
5.566527
5.860418
6.228983
6.681158
6.89818
6.868613
6.848102
6.715267
6.22269
5.743051
5.547257
5.106321
4.26365
4.831741
5.056803
4.960515
5.048868
5.504056
6.012108
6.541115
6.966549
6.872102
6.440447
6.706105
6.76983
6.238862
5.398393
5.142393
5.044748
5.550675
5.770528
5.926794
5.908851
5.88274
6.204913
6.44927
7.174829
7.540139
7.049187
6.515247
6.628561
6.89192
6.475581
5.280964
4.828739
4.974524
6.560268
7.635855
7.862091
7.754783
7.718924
7.498826
7.066266
6.972242
7.2104
7.244277
6.664966
6.292061
6.470462
6.181115
5.039405
4.387138
4.547229
7.826109
8.482525
8.975339
9.210798
8.66156
8.132791
7.336464
6.582572
6.471295
6.671697
6.419432
5.898107
5.730031
5.396305
4.617521
4.149992
4.073409
7.128593
7.656925
8.294278
8.650413
8.354069
7.57851
6.618427
5.907739
5.656399
5.711143
5.714786
5.41869
5.021937
4.615618
4.091159
3.853055
3.775911
6.341443
6.602365
7.140748
7.612277
7.479501
6.203255
5.252226
4.873927
4.716136
4.623028
4.746873
4.812836
4.451135
3.924265
3.554267
3.428863
3.445324
6.066535
6.092897
6.32495
6.657685
6.526354
5.122058
4.140447
3.800139
3.614673
3.509116
3.672003
3.939357
3.930966
3.349906
3.050882
3.045192
3.017815
5.356601
5.584569
5.606574
5.702845
5.7589
4.565722
3.719769
3.338554
2.900846
2.557326
2.734403
3.14373
3.3841
3.016056
2.64319
2.789745
2.806092
4.860569
4.683399
4.810376
5.123876
4.951892
4.331055
3.752121
3.638965
3.257033
2.526312
2.2243
2.622232
2.923928
2.777682
2.374172
2.467587
2.604662
5.276568
4.383481
4.768309
4.921166
5.044343
4.259732
3.809123
3.92879
3.85221
3.319863
2.584012
2.464218
2.758327
2.773902
2.552006
2.595119
2.79665
5.225373
4.780054
4.812112
4.976632
4.820039
4.230563
3.63831
3.732394
3.822387
3.631828
3.106458
2.667751
2.703768
2.887432
2.956185
3.178135
3.836881
4.70126
4.545488
4.468083
4.338458
4.507627
4.152317
3.351973
3.179349
3.285493
3.327439
3.183199
2.872822
2.623706
2.666464
2.774412
3.012967
3.782618
4.106596
3.963547
3.786443
3.656575
3.897038
3.946658
3.214243
2.699074
2.749973
2.844172
2.916379
2.883087
2.664261
2.425599
2.326016
2.44035
2.842418
3.53162
3.489319
3.341674
3.303434
3.279695
3.622714
3.321791
2.577869
2.582445
2.651402
2.741289
2.861843
2.85547
2.579121
2.117707
2.024699
2.122025
3.159617
3.160157
2.852247
3.048527
3.128301
3.244171
3.465816
2.961038
2.649119
2.745778
2.792892
2.84199
2.916015
2.842864
2.435308
2.069078
2.103219
3.033565
2.762995
2.742716
2.71301
2.979579
3.207569
3.37518
3.382651
2.920564
2.780695
2.778085
2.741473
2.754677
2.844766
2.758469
2.340604
2.04498
8.95073
9.090529
9.299974
8.374402
7.541894
7.655844
7.991226
8.323047
8.242312
8.214571
8.119378
7.099313
6.748666
7.695528
8.957301
9.676641
9.43508
9.663881
9.836655
10.26571
10.16002
9.089302
8.406343
7.616571
7.669226
7.880482
8.423765
8.631124
7.75498
7.472954
8.04813
8.817962
9.05241
9.375759
9.963992
10.67738
10.66899
10.45027
10.04474
9.461061
8.475882
7.810743
7.736727
8.359831
9.085362
8.96294
8.281296
8.151175
8.544565
9.093324
9.323683
9.513898
10.23942
10.49297
9.919322
9.653064
9.803164
9.524284
8.72533
8.351183
9.029819
9.843957
9.660721
8.863668
8.410506
8.725792
9.263662
9.165541
8.278897
9.164959
9.803361
9.085379
8.869656
9.525276
9.979902
9.527078
8.751057
9.305068
9.918074
10.18439
9.495389
8.657495
8.711377
9.063634
9.343431
7.901497
8.310528
8.754008
8.333559
8.1362
9.00106
9.604661
9.727508
9.711094
10.13314
10.40741
10.28423
9.72277
9.083765
8.714559
8.749476
9.128069
6.953783
7.560702
8.029533
7.738884
7.997658
8.470797
8.917194
9.455233
9.991483
10.32933
10.40979
10.2008
9.809008
9.282046
9.003748
8.669847
8.64951
6.011582
7.09001
7.383558
7.139523
7.401495
7.975697
8.42132
8.995569
9.735229
10.10125
10.09047
10.17782
10.08259
9.452867
8.907488
8.786077
8.413177
5.682625
6.609463
6.960239
6.837202
7.016811
7.683761
8.411066
9.190861
9.808409
9.705006
9.400185
10.02793
10.29998
9.664719
8.652479
8.479174
8.427952
7.346808
7.741837
7.924372
7.829986
7.817497
8.309227
8.786341
9.756817
10.33095
9.840941
9.337565
9.809507
10.41605
9.958995
8.443047
8.033494
8.330746
9.270315
10.44939
10.60959
10.29106
10.10514
9.892897
9.532124
9.570797
10.02981
10.15536
9.511539
9.294558
9.774241
9.459467
7.96304
7.270693
7.617913
11.05675
11.89568
12.41798
12.47428
11.75885
11.09327
10.12809
9.263676
9.269326
9.626316
9.351489
8.801245
8.724442
8.282199
7.235852
6.731677
6.743372
10.08337
10.8345
11.69652
12.1332
11.68713
10.67305
9.476706
8.650897
8.440739
8.59667
8.627381
8.238168
7.734462
7.15288
6.419351
6.142078
6.11167
8.79741
9.211547
10.06677
10.78315
10.49952
8.871643
7.649499
7.277804
7.207368
7.196524
7.42831
7.471036
6.908345
6.148072
5.61656
5.440649
5.484754
8.240819
8.356991
8.816099
9.396627
9.112415
7.226017
5.909695
5.568383
5.449615
5.42844
5.776409
6.173263
6.059184
5.213556
4.805483
4.788823
4.745907
7.320534
7.55858
7.76554
8.021132
7.942025
6.199783
5.045684
4.616713
4.11796
3.764375
4.134811
4.784964
5.08423
4.504175
4.024094
4.262361
4.245122
6.83716
6.395861
6.687004
7.142422
6.897978
5.706911
4.900954
4.808865
4.276217
3.334933
3.080072
3.721852
4.135257
3.887893
3.341356
3.507865
3.680258
7.138157
6.070564
6.506245
6.764482
6.898226
5.636291
4.933139
5.151874
4.982285
4.180352
3.242195
3.208081
3.61082
3.576168
3.237374
3.338453
3.639579
6.855841
6.322572
6.39056
6.66518
6.530626
5.589879
4.706859
4.893695
4.986956
4.612423
3.821584
3.292942
3.395248
3.594632
3.617263
3.914474
4.790193
6.176409
5.954094
5.876277
5.851726
6.048139
5.373044
4.270301
4.140491
4.312709
4.286239
3.960572
3.495111
3.214352
3.285242
3.413334
3.742272
4.746655
5.491164
5.257812
5.036593
4.992727
5.323434
5.142168
3.967715
3.430429
3.541793
3.646579
3.658423
3.519938
3.190374
2.901254
2.821444
3.018158
3.594807
4.760742
4.656963
4.467487
4.470675
4.576869
4.8965
4.189867
3.179835
3.240809
3.348784
3.44476
3.565958
3.498779
3.092703
2.488684
2.430659
2.616855
4.209668
4.181804
3.856516
4.080393
4.26437
4.513304
4.685169
3.917811
3.512289
3.593966
3.603548
3.610096
3.665617
3.521711
2.935019
2.476616
2.588631
3.983644
3.691768
3.659384
3.657451
3.982203
4.336324
4.613121
4.580827
4.014825
3.777659
3.653622
3.512762
3.511015
3.618268
3.447153
2.864402
2.544378
10.78584
11.0494
11.31021
10.26711
9.362431
9.558754
10.02754
10.41958
10.25114
10.21707
10.25944
9.234442
8.933908
10.41413
12.38011
13.53134
13.2733
11.65357
12.01101
12.60228
12.51297
11.28748
10.47254
9.651464
9.735581
9.935435
10.55231
10.81546
9.812911
9.617384
10.6557
11.94227
12.60971
13.206
12.06885
13.09046
13.25634
13.00392
12.48399
11.75834
10.63341
9.882256
9.803869
10.60089
11.5108
11.31666
10.52793
10.59961
11.38631
12.42742
13.05394
11.59721
12.70069
13.1507
12.44571
12.07916
12.19849
11.80383
10.78342
10.3986
11.36071
12.46842
12.29216
11.28684
10.81662
11.46448
12.45958
12.75437
10.21713
11.50676
12.31645
11.43867
11.21507
11.94846
12.34493
11.67416
10.88977
11.78259
12.68988
12.96203
12.02909
11.09237
11.44484
12.2349
12.86432
9.634945
10.42396
11.01414
10.48399
10.34392
11.3726
12.02525
12.08523
12.15248
12.86638
13.3195
13.14165
12.35246
11.6345
11.49771
11.85603
12.53901
8.426443
9.444131
10.03362
9.673827
10.06939
10.73661
11.32639
12.02102
12.78447
13.31638
13.42801
13.12358
12.60385
11.98647
11.80571
11.71485
12.0122
7.297516
8.750797
9.163531
8.896494
9.32695
10.13549
10.8136
11.69044
12.73377
13.1631
13.10561
13.27264
13.14204
12.33012
11.73871
11.7905
11.66689
6.915697
8.159297
8.612643
8.523767
8.866608
9.781927
10.79922
11.89651
12.70902
12.59284
12.45816
13.44746
13.8519
13.00721
11.74431
11.6538
11.78787
8.749733
9.372512
9.608555
9.550117
9.654927
10.36336
11.11889
12.42101
13.23705
12.83208
12.47197
13.39885
14.38946
13.82988
11.89479
11.4879
12.02799
11.35459
12.64144
12.73725
12.32562
12.16701
12.09094
11.8955
12.1806
12.98939
13.31525
12.74914
12.87198
13.82469
13.53784
11.6722
10.92801
11.53214
13.97101
14.92056
15.39698
15.29256
14.47845
13.76727
12.71895
11.86101
12.15316
12.84979
12.72605
12.36807
12.59371
12.15011
10.92377
10.46415
10.63256
13.2978
14.23509
15.23503
15.68212
15.05804
13.7844
12.36434
11.43186
11.3646
11.80338
12.0552
11.78587
11.34637
10.68402
9.889248
9.729141
9.837612
11.85954
12.40781
13.55736
14.52844
14.09199
12.06781
10.5397
10.1486
10.17522
10.34882
10.83549
10.99662
10.31764
9.374548
8.800189
8.738146
8.923894
11.06193
11.23881
11.96459
12.91453
12.59432
10.24391
8.535371
8.184109
8.110314
8.199329
8.85947
9.511292
9.310265
8.177958
7.725868
7.800214
7.816442
9.871624
10.05194
10.52994
11.08254
11.0412
8.864392
7.365207
6.92797
6.350781
5.928406
6.578725
7.648472
8.082653
7.241092
6.669242
7.04093
6.998759
9.389626
8.61027
9.118786
9.81506
9.611938
7.921376
6.932861
6.994059
6.370249
5.142369
4.929276
5.98667
6.650525
6.285431
5.571319
5.848716
6.054936
9.529076
8.33329
8.878893
9.310202
9.448318
7.618655
6.726703
7.21963
7.098829
5.99256
4.784298
4.924162
5.591361
5.539499
5.029498
5.198627
5.638169
8.912991
8.428895
8.625042
9.074435
8.968978
7.483568
6.259459
6.705471
6.926134
6.381793
5.257023
4.646502
4.92266
5.181056
5.056183
5.355962
6.563993
7.95511
7.781304
7.78049
7.928463
8.233692
7.1898
5.609154
5.600222
5.91146
5.826532
5.269036
4.614944
4.309492
4.404002
4.489648
4.879088
6.242774
7.174275
6.855971
6.602497
6.696679
7.196181
6.859901
5.114929
4.515115
4.745262
4.859087
4.738778
4.44703
3.967876
3.603364
3.534927
3.841698
4.706217
6.393099
6.175062
5.89411
5.930548
6.198723
6.569989
5.440924
4.039712
4.218538
4.384485
4.44263
4.504979
4.32948
3.739838
2.956984
2.972683
3.309264
5.752785
5.65823
5.270815
5.481286
5.746418
6.153561
6.321179
5.262044
4.707592
4.763574
4.705745
4.614845
4.615752
4.361038
3.526163
2.976568
3.200298
5.428856
5.108547
5.051989
5.057349
5.385931
5.812414
6.199784
6.116163
5.407166
5.027671
4.75034
4.479897
4.457565
4.566648
4.264827
3.506196
3.196347
11.99766
12.19325
12.39392
11.37678
10.59835
10.99777
11.6368
12.04879
11.6797
11.60526
11.97144
11.1583
10.95555
12.9747
15.62081
17.23885
17.17723
13.10268
13.57823
14.26965
14.23572
12.98216
12.13545
11.34663
11.46871
11.59887
12.23752
12.6289
11.60627
11.49124
13.00266
14.84988
15.98068
16.9485
13.73484
15.06342
15.45534
15.22816
14.65157
13.85202
12.63609
11.76769
11.62051
12.51704
13.54746
13.29882
12.44211
12.75288
13.97642
15.51643
16.59858
13.32474
14.87533
15.65805
14.91096
14.46245
14.53958
14.02092
12.77595
12.27028
13.40214
14.74439
14.57209
13.38824
12.92095
13.91892
15.38995
16.17322
11.90981
13.6803
14.78485
13.82895
13.5015
14.25215
14.59614
13.68747
12.82712
14.00145
15.19559
15.47923
14.29924
13.24636
13.90501
15.1756
16.26038
11.17441
12.37997
13.19168
12.57645
12.41421
13.49994
14.1743
14.16906
14.31782
15.34227
16.00789
15.77645
14.72989
13.91849
14.03223
14.77372
15.83242
9.70555
11.08554
11.85978
11.39762
11.80729
12.58035
13.2888
14.16371
15.21051
16.00091
16.15496
15.73374
15.0996
14.41589
14.36363
14.57451
15.23677
8.367089
10.11753
10.59589
10.25026
10.73555
11.73359
12.67709
13.90493
15.25299
15.72439
15.61312
15.864
15.69211
14.74454
14.20185
14.50349
14.71237
7.876007
9.290855
9.743067
9.623886
10.06102
11.22404
12.59021
14.03541
15.01559
14.86264
14.87224
16.2233
16.71729
15.64882
14.23097
14.34083
14.76252
9.765503
10.49715
10.70909
10.63283
10.80827
11.69967
12.72988
14.36354
15.39524
15.08835
14.95
16.34526
17.64957
16.87471
14.54888
14.30657
15.16468
12.67733
14.00521
14.05831
13.56929
13.43841
13.49693
13.48546
14.02793
15.14662
15.69002
15.32025
15.92102
17.31273
16.87755
14.57934
13.92706
14.85581
15.87539
16.83313
17.26127
17.05884
16.17343
15.46266
14.43015
13.72266
14.33082
15.34838
15.48039
15.48597
16.0768
15.51539
14.04352
13.68931
14.07856
15.74102
16.67802
17.72308
18.17915
17.40477
15.85552
14.22547
13.30903
13.55168
14.38884
14.96138
14.94756
14.67177
13.93209
13.09142
13.09347
13.42048
14.59091
15.08473
16.42009
17.58515
16.96082
14.4323
12.50222
12.11653
12.38091
12.93654
13.82784
14.2028
13.48333
12.45087
11.9432
12.12438
12.59201
13.84068
13.94453
14.9329
16.26702
15.84855
12.80954
10.54429
10.18099
10.20357
10.56868
11.69437
12.67532
12.41367
11.10225
10.77178
11.13191
11.39703
12.58772
12.57727
13.39546
14.39462
14.48532
11.67323
9.503488
8.98196
8.30074
7.908204
8.9851
10.56502
11.1592
10.11185
9.618567
10.30302
10.40017
12.19935
11.07324
11.79773
12.88643
12.99167
10.81134
9.227769
9.259449
8.424938
6.907337
6.889031
8.488398
9.483304
9.033952
8.248138
8.790801
9.172179
12.18006
10.89075
11.52229
12.20825
12.61498
10.43699
9.062643
9.684227
9.476963
7.929876
6.494747
6.971393
8.070021
8.112511
7.4833
7.828033
8.539891
11.3564
10.93651
11.22317
11.85385
11.97565
10.13018
8.450655
9.108328
9.454883
8.611413
7.045932
6.413849
7.031944
7.506386
7.319074
7.685872
9.360226
10.15222
10.05022
10.11815
10.47371
11.01296
9.716012
7.585411
7.690618
8.240053
8.106807
7.228834
6.328331
6.035828
6.234059
6.344453
6.916144
8.851307
9.16083
8.796118
8.565357
8.894723
9.676727
9.319971
6.953578
6.212919
6.691089
6.91221
6.72729
6.268638
5.576344
5.053843
4.977137
5.5311
6.893693
8.25233
7.947049
7.639747
7.814489
8.373105
8.985358
7.581518
5.701798
6.027166
6.354629
6.463259
6.520978
6.246722
5.381507
4.177527
4.287199
4.920014
7.573308
7.4137
7.002936
7.267462
7.715809
8.459013
8.825976
7.612912
6.903381
6.902597
6.778597
6.597213
6.595657
6.213617
4.921712
4.241067
4.688401
7.237988
6.88907
6.834203
6.869238
7.229031
7.791075
8.393505
8.372245
7.601423
7.112113
6.666119
6.260171
6.245723
6.375534
5.867853
4.841157
4.508319
12.29753
12.30303
12.41673
11.4103
10.68431
11.20183
11.99403
12.43354
11.97483
11.93314
12.70301
12.45145
12.63134
15.19474
18.62959
20.72348
20.59526
13.79469
14.02682
14.56313
14.4542
13.22659
12.56225
11.97371
12.18366
12.32429
13.08886
13.76442
12.88371
13.00279
14.99293
17.50079
19.16226
20.33632
14.8382
16.18816
16.59884
16.28359
15.59479
14.8454
13.7805
12.96956
12.86607
13.93047
15.1914
14.89479
13.99614
14.58372
16.31781
18.41535
19.86828
14.62971
16.52925
17.72704
17.04043
16.44719
16.44639
15.84838
14.44232
13.87478
15.14986
16.72571
16.58492
15.22644
14.77058
16.14769
18.09577
19.32323
13.36851
15.64611
17.29314
16.42754
15.92357
16.54628
16.7332
15.50868
14.5185
15.95754
17.47146
17.81644
16.41041
15.21522
16.14703
17.85451
19.40342
12.71705
14.37682
15.57633
14.94597
14.64637
15.62838
16.17644
15.9963
16.16934
17.5276
18.48828
18.28153
17.00262
16.05274
16.35679
17.45368
18.91818
11.2703
12.9116
13.85292
13.30654
13.59338
14.28487
14.9742
15.94948
17.28778
18.41979
18.68502
18.20667
17.48105
16.69088
16.72338
17.2318
18.24224
9.836904
11.69598
12.15982
11.63377
12.02521
13.05919
14.16621
15.70176
17.38205
17.97055
17.89065
18.27712
18.0915
16.99235
16.48386
17.04064
17.57086
9.242429
10.6735
11.00338
10.68633
11.04574
12.32741
13.94491
15.6873
16.85339
16.74137
16.97181
18.71209
19.33092
18.06836
16.50071
16.82302
17.55361
11.11815
11.77511
11.83463
11.58169
11.66423
12.60548
13.81371
15.72207
16.99409
16.87158
17.03085
18.91622
20.54378
19.56833
16.87264
16.84474
18.0599
14.27938
15.49932
15.39502
14.68226
14.3744
14.38059
14.43294
15.20232
16.66573
17.51812
17.44278
18.56849
20.38216
19.74995
17.03372
16.56142
17.8478
17.98945
18.84351
19.15976
18.7521
17.58916
16.62189
15.45278
14.8794
15.86191
17.28574
17.78358
18.21682
19.15743
18.40189
16.6927
16.50823
17.13264
18.30946
19.15924
20.17503
20.59421
19.54127
17.4543
15.43367
14.56554
15.18696
16.49231
17.46689
17.75912
17.63503
16.77683
15.91757
16.11816
16.63799
17.35342
17.70785
19.10522
20.47152
19.75685
16.6112
13.94004
13.51471
14.11989
15.17226
16.51994
17.10697
16.32647
15.21628
14.85094
15.3205
16.00359
16.51083
16.51607
17.64338
19.31372
18.99036
15.50839
12.35804
11.73437
11.90049
12.67943
14.33665
15.61677
15.23322
13.76623
13.681
14.40119
14.85201
15.16301
15.03802
16.1009
17.45512
17.72839
14.58575
11.56199
10.70085
9.952891
9.719087
11.25705
13.29962
13.97736
12.75679
12.49854
13.57086
13.74579
14.72367
13.57357
14.49332
15.86925
16.22884
13.73002
11.42398
11.15635
10.11189
8.510385
8.790137
10.86512
12.10332
11.53634
10.82657
11.74931
12.26328
14.5067
13.31975
14.0974
15.05555
15.7381
13.27953
11.30773
11.74483
11.29875
9.443694
8.035874
8.93769
10.40114
10.43684
9.768005
10.40695
11.40854
13.61083
13.27869
13.67956
14.55472
14.99493
12.92131
10.68054
11.25056
11.50303
10.26599
8.42815
8.015594
9.014283
9.638802
9.402263
9.904618
12.07828
12.35338
12.26371
12.40738
13.00729
13.87091
12.49741
9.781865
9.734737
10.35294
10.01932
8.780913
7.80186
7.655079
7.970959
8.101661
8.862475
11.42731
11.25225
10.84059
10.66934
11.25064
12.36889
12.13487
9.271057
8.137388
8.703791
8.980601
8.656149
8.008087
7.149901
6.485103
6.400001
7.270847
9.223064
10.22396
9.890119
9.648616
10.02454
10.9202
11.87988
10.45561
8.123846
8.285223
8.681724
8.818021
8.809904
8.376999
7.113229
5.468197
5.800852
6.824751
9.51939
9.349931
9.006268
9.424427
10.12405
11.25616
11.93964
10.71539
9.77939
9.582907
9.382124
9.16859
9.20612
8.552839
6.571631
5.818439
6.632997
9.232558
8.880033
8.885344
9.017362
9.484079
10.21845
11.09575
11.28881
10.56924
10.01616
9.418577
8.898121
8.947304
9.076456
8.214493
6.81784
6.422976
12.30381
12.31511
12.43256
11.41842
10.68328
11.20051
11.99649
12.44165
11.98511
11.94176
12.72816
12.62649
13.25006
16.56932
20.78271
23.24425
22.46668
14.14573
14.10978
14.56443
14.45458
13.23488
12.56638
11.98861
12.19985
12.34187
13.14132
13.90781
13.15488
13.52952
16.10453
19.4078
21.68358
22.64966
16.03535
17.07961
17.20142
16.73718
15.92065
14.92921
13.80158
13.00862
12.94725
14.16554
15.72835
15.61928
14.70771
15.64975
18.03091
20.7244
22.28723
16.42759
18.38926
19.71571
19.21525
18.64105
18.12335
16.71284
14.74775
14.15098
15.72495
17.82374
18.07746
16.52346
16.09422
17.89374
20.29356
21.72133
15.49435
18.09309
20.2434
19.83075
19.37694
19.60761
18.94913
16.55748
15.13621
17.03609
19.24414
19.98571
18.26915
16.9201
18.07281
20.13428
21.86929
15.11624
17.10846
18.66518
18.26349
17.93338
18.59912
18.61796
17.62779
17.42465
19.26069
20.80784
20.74769
19.22978
18.12061
18.52818
19.87283
21.51276
13.74295
15.58878
16.68886
16.10352
16.18218
16.58651
17.00015
17.80997
19.23081
20.69685
21.15924
20.67132
19.8948
18.99644
19.05663
19.7667
20.94858
12.10758
14.17677
14.71846
13.9319
13.97213
14.79728
15.85457
17.55684
19.44385
20.07471
20.05126
20.63843
20.51581
19.32114
18.81539
19.56061
20.28281
11.35082
12.98878
13.31164
12.67587
12.63206
13.73204
15.38766
17.28361
18.53997
18.44254
18.92049
21.09021
21.9234
20.56295
18.84742
19.33002
20.2847
13.09973
13.89422
13.94511
13.48161
13.19747
13.85815
14.99302
17.01653
18.46153
18.50308
18.96482
21.3532
23.36201
22.27947
19.23239
19.38537
20.92276
16.32769
17.71863
17.67384
16.86569
16.23688
15.84016
15.58256
16.37874
18.13823
19.28253
19.48246
21.11324
23.34756
22.54861
19.43143
19.13177
20.77567
20.28686
21.29034
21.70079
21.32201
20.0527
18.67739
16.89899
16.11757
17.42499
19.27921
20.12663
20.92233
22.13637
21.14388
19.1861
19.16794
20.05094
20.76067
21.69654
22.81983
23.46566
22.53043
20.08443
17.27807
16.07882
16.98882
18.75815
20.13428
20.64923
20.5429
19.47251
18.53368
18.9091
19.64033
19.69859
20.104
21.67769
23.39943
22.99386
19.79294
16.23172
15.24949
16.1004
17.65511
19.47293
20.19008
19.1924
17.88551
17.56803
18.26531
19.13087
18.60144
18.72563
20.09835
22.1602
22.17199
18.87074
15.10914
13.68869
13.80912
15.03455
17.28077
18.82805
18.17284
16.41177
16.47716
17.45995
18.00953
17.15207
17.1175
18.46223
20.16422
20.76087
17.88905
14.49577
12.92014
11.79876
11.73982
13.79449
16.32176
16.97988
15.44335
15.34017
16.70207
16.84832
16.52737
15.54978
16.74154
18.38029
19.07758
16.79564
14.35274
13.58663
12.04754
10.31567
10.90734
13.4791
14.94153
14.17122
13.46218
14.7157
15.26124
16.22814
15.21089
16.2193
17.46169
18.40087
16.01095
13.99114
14.21192
13.3768
11.21423
9.851496
11.11793
12.91044
12.91958
12.16435
13.08541
14.30082
15.39558
15.14147
15.72686
16.84604
17.55564
15.53149
13.16535
13.68121
13.78318
12.20346
10.15912
9.928217
11.22
11.916
11.5998
12.2604
14.9837
14.2108
14.14799
14.37732
15.21735
16.35473
15.0969
12.24346
12.11413
12.74535
12.24187
10.76998
9.759032
9.701982
10.05141
10.13172
11.03988
14.29685
13.07553
12.70405
12.62966
13.42108
14.80333
14.76611
11.89584
10.62393
11.17117
11.48817
11.06984
10.29982
9.28674
8.430475
8.217985
9.314469
11.87572
11.9794
11.73959
11.64329
12.18305
13.2803
14.42418
13.08088
10.70784
10.78991
11.18814
11.39369
11.39674
10.85632
9.242725
7.309248
7.833142
9.120352
11.24265
11.18697
10.99787
11.55365
12.35661
13.62029
14.39428
13.18368
12.21403
12.0226
11.87668
11.76212
11.81086
10.82785
8.472621
7.845205
8.91304
10.97462
10.70574
10.81956
11.07809
11.60211
12.39013
13.34382
13.61593
12.996
12.54609
11.95189
11.3931
11.48275
11.44221
10.2326
8.662876
8.339464
12.31465
12.31684
12.43865
11.42077
10.68247
11.1983
11.99456
12.44165
11.99245
11.94854
12.73411
12.6328
13.28239
16.67841
20.98706
23.50111
22.62372
14.58786
14.27399
14.56594
14.4567
13.24347
12.56662
11.99507
12.21318
12.35541
13.15179
13.91907
13.17097
13.57679
16.27096
19.77948
22.2592
23.11835
17.45692
18.12407
17.4791
16.7866
15.94036
14.94024
13.83004
13.03777
12.96795
14.18729
15.7585
15.65473
14.76401
15.86873
18.5927
21.64692
23.21325
18.21019
20.32377
21.35058
20.62108
19.83923
18.78752
16.90565
14.75236
14.15857
15.74012
17.87446
18.20165
16.73515
16.54058
18.76477
21.58146
23.16513
17.35225
20.43927
22.91553
22.69436
22.04844
21.08935
19.46676
16.63313
15.16755
17.13286
19.54419
20.52933
18.95891
17.72141
19.2597
21.7719
23.68935
16.95546
19.47807
21.47947
21.27946
20.87063
20.37601
19.34647
17.9288
17.53176
19.82261
21.87229
22.24272
20.76137
19.56522
20.14776
21.80805
23.5608
15.48247
17.77795
19.22818
18.71033
18.5566
18.26724
18.00392
18.64102
20.11192
22.22315
23.17992
22.9213
22.17443
21.07727
21.08262
21.91747
23.15091
13.80643
16.236
17.03424
16.15403
15.86796
16.37348
17.23159
18.99715
21.10097
22.00447
22.21318
23.05878
23.00522
21.6159
20.98744
21.79504
22.61597
13.05203
14.90984
15.39987
14.70913
14.40202
15.28374
16.88071
18.86448
20.23561
20.21136
20.94333
23.51948
24.57537
23.10758
21.1495
21.67814
22.78162
14.78403
15.71062
15.92791
15.53115
15.09422
15.46962
16.39373
18.44267
20.06447
20.26139
20.96341
23.80886
26.215
25.06318
21.61387
21.84564
23.64687
18.13319
19.65693
19.76513
19.06759
18.41611
17.81148
17.15618
17.76776
19.77514
21.19935
21.61989
23.68133
26.33897
25.40243
21.85537
21.6501
23.60031
22.30444
23.38203
23.86543
23.60939
22.5218
21.14972
18.91438
17.64582
19.12696
21.42243
22.60995
23.70773
25.15375
23.9211
21.68985
21.77567
22.85854
22.80908
23.7419
24.94405
25.86169
25.26408
22.92449
19.64153
17.87695
18.87994
21.11155
22.92983
23.66873
23.52931
22.20653
21.15331
21.64939
22.52587
21.58265
21.97447
23.71744
25.7882
25.75249
22.83274
18.90061
17.21567
18.07722
20.09777
22.46154
23.41198
22.20499
20.62845
20.30981
21.17298
22.14501
20.33578
20.50632
22.115
24.53103
24.84646
21.84737
17.93848
15.8331
15.64139
17.23932
20.1269
22.10686
21.30073
19.19544
19.34519
20.51859
21.05743
18.67801
18.83697
20.47726
22.4983
23.34654
20.74948
17.33795
15.30888
13.60889
13.5608
16.16757
19.32515
20.15775
18.31389
18.25817
19.82841
19.87345
17.92529
17.19163
18.715
20.6374
21.5881
19.43271
17.04591
16.08242
14.00761
11.92692
12.84272
16.04627
17.92866
17.01508
16.2234
17.72669
18.25547
17.60418
16.80019
18.13032
19.70312
20.81382
18.41182
16.44758
16.67394
15.55781
12.94682
11.54016
13.24324
15.51368
15.57969
14.67149
15.80895
17.23648
16.8284
16.73856
17.5878
18.99543
19.95699
17.99663
15.53226
16.09978
16.15276
14.22548
11.90185
11.84071
13.47645
14.29033
13.89085
14.67731
17.93125
15.66632
15.7595
16.18398
17.30552
18.73296
17.65766
14.76644
14.57388
15.25467
14.59265
12.88463
11.81629
11.85816
12.2478
12.27251
13.31391
17.26065
14.505
14.29273
14.40686
15.44794
17.05447
17.22049
14.4825
13.24657
13.77572
14.1017
13.60529
12.72742
11.60518
10.57054
10.17078
11.52173
14.71241
13.40466
13.30592
13.39055
14.1036
15.35921
16.62619
15.38947
13.07523
13.19902
13.64444
13.91336
13.98581
13.49543
11.70877
9.409273
10.06357
11.64991
12.68024
12.74108
12.70987
13.37569
14.26114
15.59716
16.41201
15.25201
14.36026
14.27084
14.21222
14.24233
14.46163
13.34591
10.68171
10.16686
11.517
12.45633
12.26951
12.48858
12.84528
13.43155
14.25527
15.19988
15.46483
14.94796
14.66646
14.17097
13.71885
14.00603
13.91631
12.4342
10.76524
10.60448
13.04135
12.40709
12.44234
11.42062
10.68241
11.19722
11.99234
12.44165
11.99186
11.95666
12.74142
12.63931
13.28949
16.68904
21.00519
23.51997
22.64511
16.05842
14.95345
14.70735
14.46171
13.2589
12.56662
11.99772
12.22164
12.36915
13.16298
13.93027
13.18312
13.5887
16.29276
19.79631
22.27744
23.13871
19.34266
19.85727
18.50037
17.21754
16.0112
14.95504
13.86256
13.06987
12.99578
14.2111
15.78592
15.68674
14.78415
15.88738
18.62457
21.6931
23.23947
20.06469
22.54448
23.63882
22.70702
21.10982
19.13328
16.91187
14.75696
14.1587
15.74211
17.88745
18.25352
16.78875
16.59119
18.84605
21.70043
23.28196
19.02154
22.57493
25.54139
25.64016
24.64308
22.14573
19.53486
16.64619
15.19344
17.16662
19.60343
20.58314
19.00772
17.7839
19.39048
22.00433
24.00739
18.4387
21.2854
23.73437
23.91997
23.54474
21.74042
19.47787
17.95205
17.5428
19.86772
21.96922
22.38513
20.91418
19.73341
20.40529
22.24858
24.20921
16.95605
19.40277
21.10673
20.81724
20.65283
19.56662
18.22245
18.66782
20.20276
22.4504
23.5738
23.51597
22.87812
21.65917
21.61853
22.68157
24.20916
15.43625
17.84082
18.69205
17.84055
17.49323
17.64053
17.85432
19.23597
21.36325
22.38772
22.90865
24.19353
24.43079
22.83483
21.9489
22.86817
23.98362
14.8859
16.52119
16.90739
16.19067
15.84207
16.57163
17.81582
19.44565
20.67983
20.78102
21.96455
25.08576
26.58961
25.0296
22.65917
23.14142
24.48301
16.83899
17.53013
17.56684
17.08494
16.56228
16.75655
17.37776
19.20616
20.82553
21.194
22.31756
25.70464
28.61033
27.4159
23.49198
23.67998
25.73986
20.30222
21.73062
21.69901
20.86734
20.122
19.39981
18.42278
18.72022
20.81877
22.52922
23.28623
25.79167
28.87309
27.8283
23.86664
23.6972
25.90692
24.52117
25.51803
25.89008
25.60699
24.61642
23.25761
20.68254
18.88472
20.37747
23.08858
24.6527
26.05479
27.68606
26.23454
23.77936
23.97173
25.22412
24.9102
25.72208
26.90268
28.00932
27.70773
25.50937
21.87473
19.53355
20.45353
23.04354
25.26976
26.23377
26.03689
24.45862
23.33033
23.98884
25.00696
23.48859
23.77528
25.62498
27.98027
28.27346
25.67276
21.5571
19.2329
19.89067
22.19362
25.00012
26.15679
24.75041
22.89095
22.59033
23.67155
24.75705
22.04328
22.26304
24.06823
26.78016
27.36176
24.69689
20.82056
18.20615
17.49921
19.20063
22.57924
24.92118
23.99297
21.53235
21.75364
23.16137
23.68259
20.25442
20.57853
22.4863
24.77616
25.84826
23.53366
20.22913
17.99718
15.7037
15.27427
18.22953
21.90723
22.93686
20.79174
20.6966
22.48062
22.4343
19.49682
18.91691
20.71409
22.89577
24.13967
22.09692
19.76653
18.84387
16.41421
13.71892
14.56093
18.27436
20.53643
19.507
18.5568
20.24567
20.77088
19.20328
18.52807
20.08717
21.93897
23.3121
21.0107
19.04327
19.38945
18.19957
15.14872
13.27959
15.13542
17.81011
17.90661
16.78185
18.05318
19.70137
18.38711
18.46371
19.50095
21.10816
22.3143
20.60638
18.12921
18.68974
18.87453
16.73045
13.94441
13.69108
15.52728
16.39354
15.85531
16.69088
20.37716
17.10511
17.38499
17.9826
19.31261
20.96205
20.14111
17.4425
17.27109
17.997
17.34641
15.42647
14.10261
14.03709
14.37891
14.27515
15.37772
19.87837
15.80805
15.75521
16.07161
17.34164
19.11502
19.42105
16.8541
15.78842
16.43003
16.82351
16.361
15.4082
14.13031
12.87682
12.1741
13.67406
17.34733
14.62759
14.66158
14.92965
15.83982
17.23553
18.56479
17.39987
15.21147
15.47243
16.04226
16.41832
16.61946
16.26151
14.38816
11.59534
12.25308
14.06108
13.88665
14.04039
14.16485
14.95781
15.94836
17.33864
18.15095
17.04705
16.33713
16.43504
16.49633
16.698
17.13378
15.97672
13.00204
12.512
14.08039
13.70851
13.57135
13.8779
14.33722
15.01394
15.89608
16.83462
17.09099
16.71506
16.68054
16.34156
15.9768
16.44839
16.39743
14.70971
12.91895
12.85365
14.67708
13.93259
13.44832
11.94212
10.77102
11.21008
11.99326
12.44166
11.99055
11.9581
12.74582
12.64375
13.29886
16.70086
21.02168
23.53558
22.66224
17.66227
16.72903
16.35444
15.76596
14.05674
12.95288
12.11309
12.25059
12.39809
13.17177
13.94326
13.19867
13.60319
16.31181
19.81259
22.29219
23.15471
20.93775
21.70158
20.61732
19.41322
17.99082
16.52841
14.62503
13.16519
13.03903
14.24633
15.81708
15.72093
14.81558
15.91948
18.65601
21.72667
23.26271
21.58521
24.36496
25.87732
25.31953
24.08037
21.91736
18.38126
14.95644
14.16479
15.74372
17.89538
18.30221
16.84072
16.62654
18.90244
21.77527
23.32579
20.53973
24.34029
27.67075
28.14245
27.66277
25.24635
21.25561
16.92829
15.22227
17.19811
19.65548
20.61955
19.02336
17.81309
19.45722
22.09744
24.065
20.02049
23.00485
25.66967
26.09949
26.14137
24.35331
20.95507
18.24386
17.56056
19.92336
22.03514
22.42939
20.93654
19.76292
20.47898
22.32246
24.24489
18.64891
21.14827
22.93819
22.7607
22.79753
21.68607
19.59821
19.09981
20.29614
22.56921
23.6321
23.53952
22.90779
21.68264
21.64856
22.74091
24.26544
17.31829
19.62584
20.43499
19.59829
19.34063
19.53377
19.35394
19.90417
21.46754
22.39679
22.92566
24.24506
24.53675
22.92947
21.9701
22.9169
24.1078
16.93243
18.36289
18.61387
17.89898
17.61654
18.37173
19.37048
20.35262
20.96062
20.85942
22.1484
25.38898
27.13751
25.61207
22.91358
23.35734
24.87098
18.96357
19.48223
19.36163
18.78609
18.24922
18.42599
18.86776
20.28626
21.59348
21.82813
23.06487
26.66323
29.95444
28.85865
24.37235
24.38721
26.7319
22.331
23.65875
23.5032
22.5328
21.75782
21.1096
20.07656
20.03259
21.96746
23.81089
24.76773
27.53775
30.97293
29.89676
25.46273
25.14801
27.5951
26.48614
27.37382
27.57421
27.24289
26.41588
25.23324
22.60699
20.42438
21.71035
24.69577
26.61327
28.29914
30.05572
28.41104
25.72114
25.92344
27.30087
26.78069
27.43429
28.50638
29.73913
29.71653
27.79111
24.11178
21.36111
22.02559
24.78535
27.38333
28.61078
28.37541
26.55571
25.34505
26.109
27.25395
25.15625
25.37247
27.28162
29.84879
30.37462
28.09174
24.06063
21.37587
21.65129
23.98995
27.1578
28.57843
27.06244
24.94037
24.61936
25.87597
27.09758
23.57631
23.85603
25.82642
28.77446
29.5493
27.16713
23.41069
20.65785
19.48373
20.8867
24.59248
27.30095
26.40786
23.66848
23.86887
25.4606
26.00511
21.83012
22.22677
24.33111
26.8439
28.11242
26.05354
22.75619
20.58735
18.08328
17.06588
19.94789
24.08196
25.37333
23.06802
22.8548
24.79559
24.69353
21.1462
20.61262
22.60123
24.98262
26.49469
24.62494
22.18711
21.39838
19.02957
15.98089
16.31214
20.23537
22.87454
21.80188
20.66309
22.44796
23.03051
20.8408
20.27735
21.99296
24.02733
25.55059
23.4193
21.45267
21.84658
20.84365
17.77233
15.4928
17.06351
19.99266
20.12433
18.75723
20.05392
21.94595
19.97978
20.20472
21.37799
23.06958
24.3448
22.8396
20.49772
21.06042
21.46383
19.44793
16.57578
16.03648
17.80894
18.6743
17.94588
18.67545
22.69445
18.59121
19.00713
19.69583
21.13725
22.86237
22.12426
19.60077
19.62958
20.50241
20.01825
18.2456
16.94172
16.75406
16.99443
16.7591
17.76183
22.614
17.14238
17.22921
17.67826
19.09072
20.92524
21.22628
18.68992
17.76613
18.57331
19.13896
18.87765
18.1376
16.98228
15.69828
14.79701
16.28477
20.19187
15.88227
16.05378
16.47089
17.50197
18.96267
20.27046
19.05507
16.907
17.31687
18.06886
18.6264
19.06573
19.0044
17.34657
14.43732
15.03427
16.90256
15.09353
15.39784
15.6809
16.54797
17.5815
18.97358
19.71102
18.562
17.98035
18.30042
18.52096
18.89326
19.59109
18.61931
15.62973
15.16097
16.85898
14.88321
14.90157
15.33263
15.88308
16.59918
17.48616
18.36615
18.53856
18.21053
18.37634
18.23142
17.97523
18.61004
18.70958
17.02971
15.211
15.22994
15.71112
14.79425
14.20128
12.79516
11.86493
12.43336
13.08961
13.28056
12.34946
11.98214
12.76687
12.66354
13.31605
16.71906
21.04041
23.54797
22.67364
18.76563
17.66317
17.20115
16.66909
15.2714
14.74008
14.25278
13.97741
13.23857
13.2515
13.95942
13.22957
13.63044
16.33969
19.83089
22.30629
23.16679
22.15384
22.77037
21.64087
20.48988
19.29963
18.49121
17.20413
15.37158
14.03868
14.39603
15.85442
15.75677
14.85159
15.95396
18.68792
21.75784
23.28251
22.9243
25.6325
27.12861
26.57639
25.48396
23.82404
20.71416
16.86069
14.93257
15.86308
17.90788
18.34643
16.88453
16.65146
18.9567
21.84186
23.36327
22.03892
25.80161
29.09856
29.52123
29.1263
27.01953
23.22434
18.50902
15.91809
17.36441
19.70283
20.6676
19.04522
17.83016
19.50912
22.17163
24.10255
21.62223
24.61127
27.22768
27.60406
27.70367
26.06066
22.66165
19.58281
18.266
20.16174
22.08912
22.48406
20.95948
19.79016
20.54027
22.37617
24.2674
20.27709
22.81084
24.58496
24.39114
24.43292
23.35357
21.22858
20.48971
21.21115
22.90588
23.67995
23.56586
22.92272
21.69963
21.66945
22.77815
24.29295
19.00273
21.33724
22.10393
21.25081
21.00789
21.21633
21.06686
21.4412
22.4768
22.73427
22.96116
24.27392
24.554
22.93796
21.97397
22.92824
24.13035
18.65937
20.0902
20.27483
19.54505
19.28284
19.99327
20.9461
21.76086
21.99602
21.43405
22.46556
25.67728
27.38431
25.80047
22.99372
23.3897
24.9176
20.64134
21.06749
20.86324
20.24346
19.69097
19.87343
20.30781
21.5628
22.73318
22.86813
24.01797
27.66417
30.96136
29.73613
24.89041
24.59768
26.96588
23.77428
25.14712
24.90437
23.82255
23.04984
22.52228
21.55683
21.38481
23.20526
25.17497
26.32452
29.28738
32.89735
31.77713
26.91743
26.03907
28.45782
27.83356
28.8123
28.87081
28.50972
27.86124
26.88888
24.32288
21.9547
23.03913
26.17128
28.45074
30.45738
32.39012
30.69368
27.81197
27.78995
29.12412
28.03693
28.70034
29.74325
31.13823
31.35997
29.67728
26.09098
23.13943
23.58122
26.36913
29.26995
30.80856
30.67099
28.7829
27.58816
28.45335
29.76991
26.22161
26.45488
28.49058
31.29659
32.07313
30.05743
26.16704
23.35471
23.44394
25.67323
29.03395
30.71815
29.26297
27.05808
26.81015
28.3043
29.74021
24.55829
24.88067
27.00822
30.19414
31.21134
29.12675
25.50625
22.69866
21.49398
22.65422
26.34294
29.32857
28.59218
25.80265
26.04929
27.86352
28.49596
22.85218
23.24627
25.48934
28.21839
29.73633
28.00274
24.77471
22.56261
20.17421
19.02957
21.633
25.96234
27.53259
25.2415
25.00275
27.10483
27.01184
22.22581
21.67588
23.77817
26.34713
28.09896
26.48741
24.09034
23.25377
21.06002
18.11176
18.23899
22.04136
24.962
23.94143
22.70997
24.57558
25.27104
22.00592
21.46748
23.24896
25.39066
26.98656
25.02212
23.22771
23.643
22.8151
19.94277
17.68971
19.09113
22.11225
22.29424
20.74083
21.98665
24.12065
21.23886
21.49505
22.65224
24.30989
25.57327
24.15375
21.98696
22.71691
23.31362
21.54302
18.87508
18.40284
20.19512
21.09312
20.26051
20.74839
24.99521
19.81722
20.27835
20.92518
22.34245
24.04003
23.27935
20.79653
20.99987
22.06265
21.7665
20.22985
19.16355
19.17182
19.52925
19.31637
20.24877
25.39111
18.29685
18.48895
18.97516
20.38185
22.15349
22.37396
19.79414
18.94236
19.88647
20.60996
20.54056
20.04792
19.23366
18.20727
17.34163
18.97595
23.15521
17.01766
17.34794
17.85657
18.86202
20.26162
21.47397
20.1534
17.95844
18.47162
19.41269
20.12802
20.75396
21.00555
19.65087
16.9756
17.81425
19.86786
16.22554
16.70338
17.11727
17.96211
18.92281
20.23935
20.84916
19.57925
19.02761
19.51827
19.8938
20.39145
21.31305
20.53402
17.62977
17.29647
19.2117
15.95628
16.1403
16.68397
17.30238
17.98144
18.7872
19.54913
19.57025
19.1783
19.42718
19.43986
19.33918
20.11043
20.28623
18.63863
16.90583
17.17609
16.97756
15.92105
15.14686
13.76948
12.90593
13.40499
14.16489
14.82397
14.34955
13.84801
13.84571
12.97301
13.36349
16.7562
21.07919
23.57902
22.69837
20.09781
18.7803
18.12043
17.60796
16.31967
15.8001
15.40503
15.4343
15.07239
15.00976
14.84341
13.46411
13.68067
16.37892
19.85532
22.34096
23.19685
23.46319
23.9481
22.69324
21.52109
20.3755
19.64972
18.45028
16.70937
15.48675
15.71094
16.55201
15.99387
14.90321
15.99006
18.72122
21.79739
23.31918
24.17182
26.91565
28.35627
27.74289
26.64605
25.06825
22.0344
18.14787
16.08887
16.79821
18.47706
18.62402
16.95408
16.66814
18.98162
21.88141
23.40732
23.25039
27.11636
30.41033
30.80329
30.38159
28.34294
24.60446
19.8032
16.99483
18.19488
20.23923
20.92979
19.13174
17.85467
19.54435
22.21743
24.13338
22.75342
25.87365
28.52239
28.94495
29.04838
27.40736
24.03073
20.87165
19.37946
21.029
22.66282
22.76826
21.08964
19.8332
20.58962
22.42097
24.29076
21.34368
23.99508
25.88232
25.77423
25.82219
24.68477
22.54787
21.78999
22.43226
23.90453
24.289
23.80738
23.035
21.74067
21.68464
22.80882
24.32175
20.04899
22.49136
23.43307
22.66244
22.41612
22.55699
22.35183
22.7179
23.71333
23.74565
23.54821
24.58488
24.73441
23.05539
22.00777
22.93547
24.15339
19.70696
21.31032
21.63299
20.96261
20.71344
21.32736
22.15211
22.88952
23.04263
22.33687
23.23862
26.36349
28.01723
26.35928
23.27197
23.44654
24.93971
21.62588
22.24236
22.12678
21.61211
21.07616
21.24123
21.63005
22.70033
23.72967
23.85348
25.04416
28.79473
32.24477
31.01982
25.76559
24.89858
27.03066
24.60689
26.13071
26.08022
25.05785
24.324
23.92812
23.05921
22.7428
24.34634
26.29751
27.58762
30.78861
34.64944
33.59784
28.46759
26.99239
28.91561
28.66234
29.7497
29.86058
29.51506
29.07046
28.35207
25.98721
23.57289
24.39301
27.46057
29.91164
32.19073
34.32802
32.65047
29.71247
29.51214
30.54808
28.87518
29.51184
30.5518
32.06672
32.5248
31.13461
27.79902
24.9183
25.18093
27.88615
30.91201
32.66729
32.62864
30.68972
29.56624
30.58678
32.07155
26.96757
27.14412
29.24704
32.16895
33.14183
31.42925
27.82222
25.11724
25.18653
27.35525
30.78348
32.63811
31.24304
28.98348
28.81271
30.59546
32.36438
25.27019
25.57385
27.74268
31.02038
32.18946
30.37839
27.05459
24.34161
23.22833
24.4236
28.07478
31.22449
30.63862
27.85578
28.15369
30.22924
31.08648
23.63117
23.9728
26.22726
29.03984
30.67343
29.1676
26.21178
24.07652
21.81538
20.81673
23.39493
27.77733
29.5917
27.3887
27.1681
29.46124
29.49586
23.06589
22.44715
24.5689
27.20847
29.03264
27.51305
25.35466
24.63096
22.59772
19.89051
20.1272
23.90064
26.99798
26.10821
24.85284
26.80272
27.65924
22.94269
22.37433
24.13787
26.27075
27.80529
25.83296
24.18712
24.79305
24.16368
21.60124
19.6338
21.1945
24.30747
24.58332
22.98012
24.12006
26.3957
22.27279
22.49652
23.566
25.11165
26.30044
24.84674
22.69524
23.56174
24.37843
22.88688
20.51524
20.31119
22.33174
23.42225
22.73888
23.06541
27.36561
20.85693
21.29471
21.83249
23.17663
24.82503
24.00556
21.45876
21.71782
22.94159
22.82738
21.50443
20.67272
20.96706
21.64671
21.70887
22.7827
28.1926
19.29774
19.53802
19.99908
21.34918
23.0319
23.16163
20.49294
19.60905
20.62398
21.48016
21.57532
21.27487
20.78009
20.12719
19.53744
21.54813
26.08133
18.00741
18.4626
18.99059
19.92088
21.23184
22.33769
20.90377
18.59545
19.10076
20.16717
21.03849
21.78078
22.25735
21.20771
18.842
20.02036
22.31942
17.18027
17.8381
18.31618
19.09368
19.95244
21.1816
21.66526
20.24193
19.61503
20.14824
20.65312
21.29409
22.40633
21.82175
19.02755
18.82587
20.99621
16.8207
17.1976
17.83425
18.46863
19.05837
19.76936
20.42282
20.2964
19.78729
20.00215
20.07825
20.15213
21.12839
21.3924
19.80517
18.15255
18.61488
17.83167
16.56969
15.77068
14.61359
14.17404
14.92044
15.5357
15.94114
15.52201
15.10012
14.88895
13.76872
13.86989
17.05095
21.24645
23.67407
22.73463
21.01695
19.46441
18.61694
18.19975
17.31773
17.19495
16.9677
16.86408
16.38415
16.28211
15.9339
14.22878
14.15396
16.59765
20.00426
22.49186
23.24706
24.34632
24.69051
23.19281
21.9957
21.16313
20.87446
20.00055
18.29639
16.93845
17.01541
17.6849
16.78271
15.34659
16.17829
18.86144
21.96609
23.38103
24.93331
27.66995
28.92287
28.20788
27.27161
26.07441
23.43015
19.72793
17.59721
18.12554
19.63309
19.48171
17.44225
16.86683
19.08864
21.99878
23.46645
23.90692
27.82494
31.01053
31.30121
30.92269
29.12065
25.77526
21.27415
18.53192
19.59223
21.43982
21.86422
19.72748
18.13205
19.64824
22.29922
24.17776
23.32207
26.533
29.12805
29.46971
29.58719
28.032
24.95679
22.15122
20.83276
22.44803
23.88928
23.78639
21.85526
20.29282
20.77439
22.49678
24.32751
21.90641
24.60544
26.46214
26.33859
26.41249
25.29027
23.30344
22.87421
23.79623
25.32292
25.53532
24.82098
23.85634
22.33788
21.96256
22.88841
24.35457
20.66222
23.07276
24.01723
23.3259
23.13224
23.2598
23.09484
23.67356
24.93965
25.12025
24.78116
25.52883
25.54895
23.77884
22.51233
23.12331
24.21271
20.44081
21.98012
22.33624
21.75877
21.54361
22.10868
22.92686
23.82151
24.1963
23.57892
24.41953
27.43252
29.05217
27.39656
24.21141
24.01966
25.22655
22.39994
22.96827
22.89145
22.43738
21.86173
21.95159
22.39237
23.59862
24.76796
24.98663
26.24814
30.04709
33.56051
32.36126
27.06078
25.97591
27.8092
25.27953
26.78273
26.77727
25.76512
24.94616
24.54926
23.75639
23.59037
25.32646
27.35392
28.80904
32.17448
36.15722
35.10704
29.93092
28.43451
30.22557
29.34002
30.43242
30.5324
30.05938
29.63428
28.97499
26.67076
24.38329
25.34093
28.45134
31.1014
33.60975
35.89951
34.18543
31.2287
31.1311
32.18961
29.64595
30.23411
31.16422
32.6349
33.10592
31.77847
28.49068
25.69386
26.04737
28.80872
32.02897
34.03551
34.17859
32.19949
31.10321
32.27844
33.89156
27.70266
27.81492
29.89203
32.78381
33.72311
32.06069
28.50706
25.87378
25.9866
28.2288
31.80051
33.90136
32.71809
30.50034
30.38254
32.35232
34.27604
25.94151
26.27281
28.44561
31.69892
32.82014
31.00171
27.72402
25.09052
23.99648
25.28932
29.03935
32.36128
32.02603
29.38862
29.76815
32.03215
32.98671
24.35365
24.71849
26.98105
29.78198
31.39119
29.83652
26.86761
24.78824
22.55511
21.69859
24.40894
28.89394
30.92521
28.90497
28.77263
31.22332
31.367
23.86067
23.27295
25.41906
28.06855
29.83785
28.2102
25.94671
25.22568
23.23743
20.66633
21.11451
25.10249
28.38441
27.6564
26.47548
28.50723
29.49747
23.80237
23.32287
25.10128
27.1832
28.61441
26.51553
24.7339
25.27995
24.68184
22.23272
20.45087
22.27966
25.63976
26.13868
24.72093
25.85707
28.17323
23.13528
23.49157
24.55187
25.99297
27.11001
25.60193
23.32706
24.08847
24.90217
23.46692
21.18579
21.11958
23.33493
24.70862
24.38235
24.85934
29.19564
21.63284
22.2171
22.78073
24.10733
25.70617
24.839
22.18975
22.33129
23.50463
23.38579
22.10518
21.36554
21.81017
22.78445
23.16726
24.46774
30.20382
19.98276
20.38801
20.95823
22.35076
23.98608
24.04159
21.29766
20.2983
21.19639
22.00801
22.14846
21.93613
21.56842
21.13035
20.75313
23.16675
28.10127
18.66461
19.29196
19.95675
20.94709
22.24471
23.27723
21.76727
19.34848
19.717
20.69898
21.58807
22.41033
22.99389
22.13591
19.99357
21.43468
23.99479
17.82903
18.66769
19.29581
20.1341
20.99908
22.19201
22.58861
21.05321
20.30507
20.73513
21.17171
21.85662
23.1403
22.76441
20.10554
19.96149
22.25231
17.43948
17.98228
18.76765
19.50475
20.12567
20.82438
21.41814
21.18535
20.56731
20.6926
20.68232
20.74538
21.87751
22.31056
20.8005
19.17642
19.68279
18.35122
17.20227
16.32845
15.1141
14.71898
15.55161
16.21045
16.47769
16.1139
16.06542
16.20736
15.06988
14.83325
17.63887
21.74878
24.16825
23.23211
21.44701
20.05387
19.14339
18.62236
17.70478
17.67498
17.68305
17.60916
17.04028
17.08276
17.08845
15.50623
15.22668
17.28885
20.41351
22.8485
23.65956
24.65554
25.20687
23.72713
22.41957
21.48778
21.23958
20.59954
19.09409
17.71865
17.74736
18.62357
17.94481
16.46751
17.0069
19.36288
22.31958
23.71038
25.15878
28.08908
29.43779
28.66708
27.61321
26.38007
23.87501
20.42182
18.43326
18.87312
20.41165
20.44418
18.52622
17.78434
19.67443
22.38677
23.74892
24.11845
28.17739
31.47054
31.78267
31.31172
29.39545
26.09841
21.8275
19.34705
20.4416
22.21209
22.72218
20.74697
19.1131
20.33943
22.71763
24.44148
23.54092
26.84845
29.55112
29.95618
30.01547
28.30961
25.19599
22.55831
21.51623
23.34037
24.79524
24.72391
22.90138
21.39184
21.67243
23.03741
24.61163
22.19482
24.92277
26.85933
26.8118
26.85614
25.62679
23.54914
23.19125
24.36267
26.1487
26.51526
25.91056
24.9743
23.50853
23.02563
23.55726
24.69149
21.09056
23.44427
24.41708
23.8022
23.65621
23.7396
23.42484
23.9384
25.36156
25.85547
25.80811
26.64585
26.5779
24.87121
23.67162
24.02984
24.7583
21.04812
22.54558
22.8547
22.34587
22.25441
22.77528
23.34161
24.06197
24.50427
24.19802
25.36456
28.392
29.96315
28.45702
25.49939
25.25449
26.22428
22.98002
23.62829
23.5563
23.24456
22.71972
22.59093
22.79507
23.84851
25.0308
25.4551
26.98635
30.93583
34.51464
33.48508
28.41328
27.40914
29.22893
25.6141
27.3326
27.5129
26.58148
25.60088
25.06601
24.17208
23.88807
25.59456
27.72048
29.42826
33.0419
37.16869
36.25667
31.2651
29.93047
31.8179
29.63511
30.8705
31.11155
30.62488
30.19341
29.5521
27.14163
24.71687
25.61903
28.77801
31.6267
34.40356
36.92289
35.31893
32.50817
32.61753
33.82674
30.00981
30.71103
31.63888
33.11583
33.67338
32.39084
29.00566
26.07023
26.33558
29.09333
32.45623
34.74074
35.16166
33.29469
32.3233
33.74872
35.58964
28.0017
28.19383
30.30792
33.25946
34.24685
32.6602
29.05777
26.30856
26.31459
28.51123
32.17355
34.51747
33.61914
31.56456
31.57662
33.81288
36.03317
26.18354
26.61079
28.85919
32.15789
33.31605
31.58644
28.30346
25.57408
24.35452
25.59264
29.3977
32.88931
32.83028
30.43884
30.98534
33.4825
34.73751
24.6451
25.0726
27.40066
30.24894
31.91552
30.45117
27.48535
25.29349
22.9181
21.99814
24.7465
29.36963
31.68777
29.98042
30.01873
32.64304
33.04969
24.21112
23.69839
25.91546
28.62611
30.45622
28.88871
26.60896
25.75211
23.6245
20.9684
21.41092
25.51211
29.04385
28.63819
27.71929
29.90178
31.05302
24.20602
23.84853
25.69794
27.82277
29.27693
27.20219
25.41129
25.87974
25.17018
22.6281
20.79334
22.65413
26.15274
26.86431
25.83676
27.21804
29.58244
23.53924
24.03139
25.15714
26.60614
27.74247
26.29211
24.04874
24.78142
25.51263
23.96622
21.60643
21.53065
23.81897
25.3159
25.26326
26.08277
30.50377
21.99284
22.67755
23.31995
24.71803
26.35762
25.55008
22.9462
23.08545
24.20246
23.97165
22.59146
21.83363
22.33806
23.45002
24.00953
25.48702
31.46569
20.32548
20.81749
21.48944
22.98454
24.67047
24.76839
22.08558
21.11234
21.97595
22.68962
22.73419
22.4846
22.15442
21.82946
21.56176
24.16037
29.33462
19.03879
19.7652
20.52531
21.59271
22.95273
24.02806
22.58265
20.20917
20.56687
21.49397
22.29687
23.03271
23.61146
22.8795
20.89176
22.49973
25.1837
18.22879
19.18752
19.90771
20.79178
21.70754
22.97286
23.43124
21.95467
21.22553
21.6419
22.00823
22.59347
23.86647
23.65568
21.18769
21.15269
23.3522
17.82536
18.50046
19.35881
20.15264
20.81934
21.60307
22.28503
22.11795
21.53429
21.65624
21.60114
21.62874
22.7894
23.3151
21.90319
20.263
20.5723
18.39627
17.2892
16.52663
15.52002
15.29045
16.08788
16.63878
16.77407
16.32839
16.3371
16.69765
15.81302
15.67348
18.44711
22.48998
24.90542
24.04214
21.48296
20.1196
19.27592
18.90133
18.13979
18.09773
18.09005
17.98955
17.34129
17.32742
17.45338
16.14126
16.10298
18.17006
21.13887
23.5423
24.48985
24.69178
25.26359
23.82922
22.61537
21.82257
21.62044
20.96308
19.46609
18.06494
18.01114
18.91128
18.44803
17.3168
18.04916
20.29959
23.16177
24.60763
25.20506
28.15225
29.52497
28.82096
27.8888
26.7453
24.22915
20.74803
18.75017
19.13334
20.64671
20.81915
19.2417
18.85875
20.78643
23.37951
24.71251
24.18937
28.25767
31.55133
31.90773
31.56517
29.73736
26.45258
22.14567
19.64471
20.71132
22.45379
23.01843
21.31557
20.08973
21.51863
23.81874
25.46114
23.66869
26.95598
29.6389
30.06757
30.25948
28.61852
25.52914
22.88972
21.80695
23.60992
25.0576
25.01832
23.42149
22.29594
22.92741
24.30626
25.75395
22.41671
25.09479
26.98411
26.93978
27.08001
25.92904
23.87785
23.53796
24.68894
26.46656
26.83034
26.23037
25.46033
24.30139
24.20999
24.90376
25.95099
21.4155
23.75397
24.65844
24.00822
23.91205
24.09766
23.80645
24.29969
25.70628
26.22745
26.22622
27.04975
27.05458
25.49603
24.62627
25.23271
26.01978
21.37566
22.99019
23.29268
22.70859
22.62308
23.25806
23.83048
24.48566
24.86598
24.59067
25.86269
28.85215
30.36854
28.88089
26.25396
26.32732
27.47865
23.14828
23.98016
24.03341
23.74457
23.23729
23.0821
23.26083
24.26827
25.3982
25.8418
27.46565
31.40862
34.91348
33.8619
29.05067
28.419
30.52494
25.68172
27.51286
27.92738
27.05693
25.91895
25.32997
24.48559
24.24291
25.95633
28.12137
29.92884
33.58057
37.65741
36.67811
31.80608
30.80606
33.05744
29.73838
31.06509
31.38479
30.90822
30.44399
29.81403
27.42366
25.0246
25.96464
29.17917
32.11868
35.00901
37.53756
35.82761
32.97494
33.31313
34.91499
30.11209
30.92163
31.89538
33.37622
33.95744
32.65456
29.27942
26.36312
26.6651
29.44288
32.87741
35.35233
35.88533
33.9118
32.79211
34.318
36.55708
28.06063
28.31234
30.50671
33.52147
34.49562
32.91545
29.33883
26.6151
26.66344
28.85654
32.53501
35.04287
34.37214
32.32619
32.15298
34.33773
36.9386
26.25117
26.73412
29.0504
32.39941
33.56971
31.85363
28.59288
25.91415
24.72918
25.97429
29.76487
33.33135
33.51777
31.31882
31.77394
34.11238
35.58561
24.75656
25.24219
27.63552
30.53885
32.23228
30.7823
27.8234
25.66368
23.3035
22.39635
25.14906
29.80673
32.30204
30.863
30.98053
33.46313
33.85333
24.38387
23.94605
26.24739
29.02448
30.87914
29.29383
27.00329
26.14613
24.02659
21.38079
21.82987
25.97316
29.61256
29.43426
28.71141
30.8777
31.88853
24.4299
24.1795
26.11437
28.29082
29.73144
27.6289
25.82602
26.29063
25.59542
23.06651
21.24588
23.12349
26.71039
27.60962
26.78855
28.30899
30.50116
23.76579
24.36692
25.57072
27.06344
28.21025
26.7523
24.49224
25.21383
25.9654
24.43905
22.09939
22.02407
24.37595
26.03866
26.21882
27.23219
31.47241
22.18965
22.95295
23.69643
25.19579
26.87749
26.06627
23.43803
23.55931
24.69111
24.47981
23.11497
22.38041
22.92969
24.16928
24.9499
26.61748
32.59267
20.5197
21.07674
21.86276
23.4854
25.21922
25.32059
22.62788
21.63876
22.49677
23.22274
23.30252
23.09585
22.79936
22.56211
22.50689
25.33502
30.63362
19.25548
20.05309
20.90752
22.09293
23.51656
24.6034
23.15515
20.78184
21.13359
22.0742
22.9148
23.69287
24.29902
23.65501
21.87046
23.73964
26.6331
18.45561
19.51243
20.31128
21.29252
22.27072
23.56162
24.0225
22.55014
21.83233
22.26941
22.65789
23.27228
24.59469
24.50445
22.27336
22.45367
24.71301
18.03845
18.84199
19.77565
20.65446
21.38366
22.19372
22.88959
22.73464
22.17145
22.31938
22.27793
22.32075
23.54462
24.17697
22.92252
21.39869
21.68922
18.39904
17.29458
16.54525
15.55408
15.45309
16.39464
17.01204
17.09123
16.53049
16.46787
16.87992
16.17814
16.34332
19.33952
23.38716
25.8287
25.18213
21.48443
20.12544
19.28725
18.92555
18.21288
18.23566
18.31069
18.29432
17.63794
17.52231
17.5904
16.37154
16.6539
18.97256
21.96507
24.41957
25.61891
24.69388
25.26987
23.84292
22.63829
21.86926
21.71035
21.07871
19.64148
18.33992
18.26187
19.06921
18.60487
17.66396
18.69597
21.15224
24.13979
25.70945
25.21447
28.16313
29.53875
28.84474
27.93288
26.82361
24.32707
20.83721
18.90707
19.32949
20.7806
20.93005
19.43363
19.25657
21.47761
24.29554
25.73663
24.22543
28.28716
31.57165
31.93113
31.61559
29.811
26.53878
22.23384
19.74816
20.82731
22.54128
23.08371
21.41368
20.35278
22.1272
24.67495
26.39623
23.76315
27.03882
29.69599
30.11328
30.32807
28.70804
25.62613
22.99638
21.90235
23.68333
25.11414
25.07008
23.51088
22.60684
23.6277
25.19147
26.64481
22.57344
25.2737
27.13922
27.06319
27.21268
26.10205
24.05725
23.69754
24.81036
26.55266
26.90234
26.29534
25.58046
24.71281
24.92667
25.75825
26.84748
21.57412
24.00732
24.93188
24.26196
24.19885
24.44905
24.11282
24.50983
25.84772
26.33263
26.34523
27.17938
27.2578
25.91917
25.16169
25.92914
26.84787
21.44096
23.15808
23.54986
23.06429
23.07012
23.7297
24.20626
24.73827
25.03463
24.71979
26.03518
29.05844
30.56141
29.05811
26.56907
26.91361
28.23537
23.15537
24.01306
24.14976
24.07925
23.67321
23.44641
23.55436
24.50388
25.59178
25.99171
27.61187
31.55261
35.0165
33.96566
29.25491
28.91822
31.28053
25.6924
27.52309
27.98298
27.27643
26.13305
25.51963
24.68007
24.43637
26.14826
28.28502
30.08677
33.73075
37.79659
36.81179
31.93905
31.16154
33.77325
29.74392
31.08548
31.42601
30.99879
30.5565
29.97319
27.60122
25.18907
26.12824
29.34748
32.28247
35.16249
37.68775
35.98946
33.10486
33.53604
35.51941
30.11514
30.93223
31.91876
33.41438
34.02866
32.78179
29.46204
26.55687
26.8461
29.60966
33.02247
35.5004
36.05573
34.09046
32.93378
34.47962
37.04943
28.06359
28.32026
30.52222
33.55313
34.55084
33.0249
29.52938
26.85656
26.91455
29.08422
32.71769
35.19613
34.54295
32.52077
32.32602
34.4866
37.32109
26.26118
26.74976
29.08142
32.45361
33.65662
31.98516
28.79215
26.18594
25.04281
26.28508
30.03125
33.51637
33.70432
31.55659
32.02241
34.3152
35.85992
24.79403
25.28489
27.70234
30.64993
32.38062
30.95829
28.0441
25.95156
23.62777
22.72372
25.46257
30.07608
32.52483
31.15388
31.34747
33.74295
34.11226
24.47095
24.04474
26.37118
29.18924
31.07452
29.50279
27.24124
26.43633
24.33735
21.68168
22.1308
26.28043
29.88534
29.75478
29.17113
31.27138
32.21342
24.55533
24.3308
26.27494
28.47455
29.93015
27.8476
26.07351
26.57525
25.9
23.3623
21.53092
23.42097
27.00301
27.94349
27.28509
28.85693
30.90995
23.89724
24.5309
25.72541
27.2459
28.4182
26.99781
24.76066
25.51086
26.29175
24.75734
22.38829
22.30095
24.66092
26.35725
26.69387
27.84475
31.95355
22.31139
23.10142
23.8464
25.40551
27.12681
26.35056
23.74341
23.88572
25.04384
24.82471
23.41535
22.6537
23.21841
24.48297
25.39404
27.25602
33.29675
20.64663
21.23586
22.03282
23.72842
25.51447
25.6412
22.97757
21.99843
22.86566
23.5856
23.63247
23.39544
23.10237
22.89655
22.98154
26.05353
31.55918
19.38606
20.24236
21.11149
22.35557
23.8548
24.96762
23.5428
21.17472
21.51328
22.44642
23.2708
24.02788
24.62192
24.00566
22.35844
24.47074
27.58973
18.57048
19.71659
20.55493
21.57497
22.62435
23.96148
24.43727
22.96658
22.22893
22.65096
23.02413
23.62422
24.93719
24.86445
22.7326
23.09257
25.54816
18.13622
19.03113
20.03428
20.95858
21.74308
22.60528
23.32086
23.17033
22.59103
22.71355
22.64731
22.6703
23.89938
24.54905
23.30565
21.91208
22.48478
18.39905
17.29477
16.54527
15.55615
15.45953
16.42802
17.11843
17.27171
16.71041
16.59352
16.95094
16.19443
16.42233
19.50739
23.59715
26.08136
25.79067
21.48419
20.12526
19.28742
18.92604
18.21788
18.24325
18.33616
18.40285
17.83215
17.70424
17.69816
16.39421
16.69787
19.10263
22.16759
24.68145
26.23436
24.69459
25.27021
23.843
22.63845
21.87135
21.71966
21.09485
19.67441
18.45446
18.43308
19.19315
18.65252
17.67727
18.78472
21.35879
24.44697
26.3872
25.21996
28.16602
29.53985
28.84496
27.93567
26.83133
24.34282
20.84751
18.93985
19.41224
20.86252
20.97982
19.45275
19.30527
21.60974
24.56414
26.502
24.24412
28.29977
31.58187
31.94101
31.63405
29.83366
26.5585
22.25277
19.77447
20.86776
22.58091
23.1163
21.43733
20.39909
22.23557
25.0072
27.34508
23.80913
27.0776
29.7354
30.16434
30.39579
28.77363
25.68166
23.04405
21.9342
23.70284
25.1348
25.09597
23.53717
22.66143
23.80161
25.72734
27.71279
22.64577
25.35151
27.2261
27.177
27.36049
26.26438
24.19917
23.80547
24.87883
26.58774
26.92723
26.32421
25.59958
24.7876
25.21213
26.43522
27.83034
21.64405
24.09706
25.02689
24.39706
24.39483
24.69772
24.3395
24.68294
25.96961
26.4006
26.39624
27.23387
27.30056
26.12059
25.64659
26.53567
27.56483
21.46329
23.17761
23.57257
23.14002
23.23211
23.95219
24.4406
24.95983
25.2061
24.81833
26.10145
29.13236
30.70541
29.44732
26.9958
27.30341
28.78914
23.15562
24.01307
24.14977
24.10074
23.75073
23.55882
23.70233
24.67437
25.74603
26.08836
27.65053
31.61856
35.09356
34.04874
29.51269
29.33499
31.80998
25.696
27.52413
27.98318
27.28018
26.15227
25.55229
24.72185
24.50278
26.24326
28.35745
30.13059
33.76292
37.84999
36.89954
32.09348
31.46788
34.27545
29.74924
31.08575
31.42587
31.00012
30.56203
29.98094
27.61302
25.2175
26.18162
29.4101
32.32412
35.20044
37.74105
36.05733
33.18136
33.68814
35.87513
30.12371
30.93275
31.91859
33.41534
34.03309
32.78867
29.47169
26.59212
26.917
29.69219
33.07368
35.53292
36.09218
34.14608
32.98601
34.5732
37.28553
28.07483
28.32317
30.52311
33.5557
34.56033
33.03802
29.54317
26.89668
27.01328
29.223
32.81886
35.24789
34.57476
32.56487
32.36502
34.54316
37.444
26.28799
26.76811
29.09174
32.46999
33.6837
32.01773
28.81761
26.22507
25.14942
26.46934
30.21298
33.62421
33.75154
31.59437
32.07072
34.36046
35.89437
24.84936
25.34296
27.74137
30.69255
32.42476
31.00382
28.08194
25.99415
23.72124
22.89771
25.68329
30.25655
32.61844
31.20163
31.40613
33.79662
34.13203
24.55295
24.16337
26.45713
29.25
31.11869
29.54968
27.28718
26.48502
24.41179
21.81183
22.32906
26.4924
30.03668
29.83413
29.22461
31.33874
32.25766
24.6329
24.48361
26.39251
28.53429
29.96545
27.89267
26.1276
26.63375
25.97636
23.47991
21.70758
23.63345
27.18578
28.06363
27.35258
28.92196
30.9699
23.94676
24.65554
25.83602
27.30833
28.46249
27.05319
24.83136
25.58993
26.38899
24.88841
22.56627
22.51061
24.86083
26.50744
26.77559
27.88732
32.01167
22.34259
23.17762
23.93633
25.4827
27.18739
26.42087
23.83384
23.99191
25.16731
24.97376
23.59929
22.87172
23.43867
24.66498
25.50268
27.31313
33.38095
20.67404
21.3001
22.12454
23.8274
25.59047
25.72515
23.08284
22.12745
23.00461
23.74767
23.83208
23.63692
23.35861
23.12716
23.15625
26.16838
31.66087
19.40736
20.31277
21.21842
22.47592
23.95297
25.06561
23.65444
21.31308
21.65552
22.60446
23.46939
24.27484
24.89681
24.27862
22.59379
24.64167
27.72658
18.58324
19.77217
20.65548
21.70936
22.74262
24.08358
24.55715
23.10624
22.3732
22.79642
23.19501
23.84097
25.19629
25.14445
22.99177
23.30323
25.74459
18.14523
19.05836
20.10063
21.08324
21.87836
22.76407
23.46652
23.32009
22.75044
22.86266
22.80451
22.86196
24.13718
24.80999
23.55687
22.13933
22.72133
18.40007
17.29549
16.5457
15.55609
15.45948
16.42823
17.13568
17.31222
16.75923
16.63298
16.97445
16.20439
16.42335
19.51768
23.61331
26.09678
25.81166
21.48511
20.12693
19.28893
18.92652
18.21809
18.24325
18.34032
18.41872
17.86633
17.74475
17.72643
16.40834
16.70061
19.10962
22.17936
24.70404
26.25362
24.69674
25.27371
23.84633
22.63956
21.87144
21.72062
21.09816
19.67732
18.46737
18.46243
19.22008
18.6697
17.68631
18.7909
21.37159
24.48318
26.40495
25.2292
28.17368
29.54482
28.84649
27.94061
26.84162
24.35052
20.84971
18.94243
19.42478
20.87809
20.99357
19.46765
19.31791
21.62907
24.61135
26.51659
24.26626
28.31474
31.59157
31.9495
31.66063
29.86544
26.5831
22.26623
19.78181
20.87466
22.58936
23.12667
21.45368
20.42271
22.29422
25.07992
27.39446
23.8507
27.11009
29.76385
30.19864
30.45756
28.84138
25.7371
23.08167
21.9542
23.71001
25.13766
25.10238
23.54879
22.68881
23.9426
25.88494
27.87712
22.70924
25.41405
27.28519
27.24116
27.44602
26.35982
24.28163
23.86583
24.91496
26.60685
26.93627
26.3358
25.60145
24.82021
25.38788
26.71577
28.22201
21.70294
24.17373
25.09404
24.45472
24.45415
24.76261
24.40236
24.73708
26.01042
26.42651
26.40987
27.24916
27.30437
26.17713
25.87552
26.89705
28.1964
21.47635
23.19383
23.5872
23.15099
23.24428
23.96873
24.46423
24.99124
25.23562
24.83759
26.11136
29.14477
30.71984
29.50198
27.14121
27.63239
29.40708
23.15648
24.01309
24.14977
24.10074
23.751
23.56026
23.7075
24.68617
25.75874
26.09835
27.65582
31.62816
35.11032
34.06544
29.52581
29.41892
32.15221
25.7026
27.52541
27.9832
27.28021
26.15248
25.55322
24.72418
24.50536
26.24641
28.36306
30.13567
33.77453
37.87547
36.93998
32.13009
31.4961
34.38173
29.75769
31.08746
31.42574
31.00017
30.56196
29.9824
27.61641
25.21898
26.18166
29.41258
32.32722
35.20975
37.76939
36.09383
33.21003
33.72079
35.94535
30.13542
30.93558
31.91874
33.4165
34.03416
32.79257
29.4766
26.59575
26.91789
29.69646
33.07734
35.53842
36.1141
34.18448
33.01622
34.60799
37.36116
28.09096
28.3299
30.52719
33.56436
34.56884
33.0499
29.55202
26.90128
27.0155
29.2321
32.83032
35.25697
34.58936
32.59895
32.39859
34.56972
37.49595
26.32011
26.78972
29.11039
32.49788
33.70808
32.03748
28.82786
26.23054
25.15176
26.48112
30.23748
33.64681
33.76823
31.6268
32.11614
34.39115
35.928
24.90163
25.38874
27.78668
30.74902
32.46704
31.02622
28.09302
26.0009
23.72334
22.90221
25.70742
30.29521
32.64846
31.23793
31.45733
33.84364
34.16826
24.61696
24.23282
26.53083
29.33452
31.16784
29.56921
27.299
26.49318
24.41618
21.81337
22.34054
26.53034
30.08127
29.88067
29.27902
31.39609
32.30392
24.68027
24.5578
26.48061
28.63581
30.0138
27.91471
26.14369
26.6464
25.98643
23.49021
21.7198
23.66387
27.23504
28.12217
27.41349
28.97623
31.01673
23.96168
24.70801
25.90903
27.40851
28.52863
27.08869
24.85561
25.61182
26.4091
24.90916
22.58938
22.54134
24.91213
26.57527
26.83578
27.93798
32.063
22.34757
23.20289
23.98533
25.56823
27.26829
26.47528
23.86735
24.02137
25.19558
25.00285
23.63614
22.9203
23.51024
24.75498
25.57656
27.38289
33.46069
20.67865
21.32178
22.16779
23.89869
25.68345
25.7984
23.13389
22.15999
23.03516
23.78143
23.88321
23.71033
23.46328
23.25578
23.27661
26.27619
31.76929
19.40884
20.33261
21.26798
22.54214
24.03586
25.15735
23.73348
21.35417
21.6902
22.63974
23.51942
24.35236
25.01077
24.43211
22.76306
24.7814
27.85143
18.58568
19.78223
20.68747
21.76163
22.80441
24.17274
24.66714
23.17339
22.41766
22.83827
23.23657
23.89572
25.28115
25.27249
23.1652
23.47922
25.9067
18.14877
19.0607
20.10579
21.10863
21.91886
22.83181
23.58417
23.42475
22.81581
22.91856
22.85426
22.90887
24.1982
24.9013
23.68499
22.30393
22.89118
18.40015
17.29569
16.54595
15.55614
15.45949
16.42833
17.14422
17.33101
16.77715
16.64546
16.97902
16.20548
16.42371
19.51778
23.61363
26.0966
25.81578
21.4855
20.12746
19.28934
18.92661
18.21809
18.24325
18.34114
18.42425
17.87811
17.75655
17.73174
16.40928
16.70059
19.10993
22.18378
24.70942
26.26159
24.70102
25.27635
23.84723
22.63966
21.87147
21.72094
21.09867
19.67769
18.47003
18.46934
19.22402
18.67062
17.68635
18.79211
21.38762
24.50238
26.41898
25.24376
28.18186
29.54795
28.84748
27.9433
26.84601
24.35548
20.85286
18.94291
19.42631
20.87909
20.9942
19.46771
19.32201
21.65053
24.64397
26.53245
24.29442
28.33185
31.60135
31.95573
31.67353
29.88157
26.59833
22.27474
19.78441
20.87597
22.59018
23.12728
21.45376
20.43019
22.3222
25.12639
27.42357
23.89467
27.1405
29.78611
30.21755
30.48724
28.87338
25.76256
23.09272
21.95652
23.71022
25.13766
25.10261
23.54901
22.69363
23.98575
25.95423
28.00999
22.77414
25.45892
27.31712
27.27095
27.48352
26.39729
24.30323
23.87146
24.91578
26.60701
26.9363
26.33593
25.60188
24.82063
25.42264
26.77696
28.49226
21.76261
24.2106
25.11301
24.47473
24.47407
24.7753
24.40456
24.7372
26.01043
26.42652
26.40989
27.24916
27.30463
26.17719
25.892
26.9178
28.41589
21.47862
23.19383
23.58747
23.15261
23.24463
23.96873
24.4643
24.9913
25.23562
24.83759
26.11128
29.14473
30.71984
29.50209
27.14198
27.63948
29.44868
23.15657
24.01342
24.14999
24.10081
23.75113
23.56041
23.70752
24.6862
25.75882
26.09834
27.65579
31.62812
35.11037
34.06595
29.5264
29.42556
32.16897
25.70268
27.52559
27.98332
27.28024
26.15252
25.55324
24.72422
24.50563
26.24673
28.36312
30.13564
33.77451
37.8756
36.94101
32.13133
31.49605
34.39708
29.75799
31.08788
31.42585
31.00026
30.56202
29.98276
27.61709
25.22016
26.18214
29.41262
32.32721
35.20974
37.76948
36.09513
33.21161
33.72309
35.95444
30.13717
30.93652
31.91876
33.41716
34.03547
32.79675
29.48056
26.59775
26.91828
29.69652
33.07734
35.5384
36.11407
34.18577
33.01836
34.60988
37.37128
28.10203
28.33467
30.52908
33.56739
34.57611
33.06444
29.56158
26.90367
27.01626
29.23252
32.83145
35.25732
34.58932
32.59983
32.4015
34.57148
37.50346
26.35291
26.80957
29.12416
32.50853
33.72906
32.06575
28.84314
26.23396
25.15284
26.48196
30.24121
33.64996
33.76873
31.62735
32.1195
34.39471
35.93411
24.96432
25.43794
27.82522
30.77279
32.50198
31.06466
28.11409
26.00603
23.72433
22.90264
25.70931
30.30239
32.65106
31.2382
31.4605
33.85006
34.17452
24.69988
24.30866
26.59163
29.37037
31.20717
29.60963
27.32518
26.50285
24.41869
21.81395
22.34123
26.53427
30.08709
29.88238
29.28239
31.40504
32.31165
24.74081
24.62712
26.54402
28.6766
30.05692
27.95661
26.17718
26.6644
25.99524
23.49399
21.72215
23.66772
27.24474
28.12875
27.41868
28.98779
31.02704
23.9846
24.74403
25.95524
27.45503
28.58633
27.14065
24.90094
25.64351
26.42664
24.91813
22.59556
22.55055
24.93051
26.59519
26.84881
27.95337
32.07955
22.36026
23.21899
24.0168
25.61846
27.33867
26.53938
23.92551
24.06843
25.22245
25.01651
23.64461
22.9347
23.5415
24.79871
25.61304
27.41186
33.49183
20.6968
21.34511
22.20132
23.94506
25.75292
25.86939
23.20676
22.22228
23.07187
23.79972
23.89298
23.72407
23.49605
23.31742
23.35303
26.33894
31.8245
19.43016
20.36063
21.30488
22.58525
24.09078
25.23006
23.81265
21.4308
21.74199
22.66743
23.5317
24.36041
25.02889
24.48293
22.85539
24.87719
27.93347
18.60622
19.80252
20.7077
21.78966
22.83621
24.22835
24.74461
23.26502
22.4908
22.88464
23.25984
23.90686
25.2898
25.29683
23.22996
23.58638
26.01464
18.16325
19.06659
20.10641
21.11576
21.93317
22.86407
23.64765
23.51337
22.9089
22.9948
22.90309
22.93971
24.21586
24.92002
23.72345
22.38163
22.9902
18.40015
17.29571
16.54598
15.5562
15.45953
16.42834
17.14469
17.33643
16.78478
16.64996
16.97988
16.20556
16.42373
19.51776
23.61353
26.0964
25.81585
21.48645
20.12818
19.28945
18.92661
18.21812
18.24325
18.34117
18.42516
17.88269
17.76276
17.73345
16.40932
16.70058
19.1099
22.1838
24.70927
26.26197
24.70782
25.27995
23.84808
22.63973
21.87154
21.72115
21.09896
19.67783
18.47034
18.47261
19.22518
18.67066
17.68632
18.79208
21.3876
24.50242
26.42006
25.26197
28.19148
29.55126
28.84871
27.94524
26.84818
24.35702
20.85357
18.943
19.42694
20.87921
20.99419
19.46765
19.32203
21.65059
24.64461
26.53507
24.32841
28.35011
31.61017
31.96102
31.68077
29.88835
26.60298
22.27673
19.7848
20.87605
22.59019
23.12728
21.45376
20.43023
22.32236
25.12792
27.42789
23.94825
27.17212
29.80347
30.22822
30.49991
28.88433
25.77001
23.09549
21.9568
23.71022
25.13766
25.10261
23.54901
22.69366
23.9859
25.95588
28.01798
22.84798
25.49999
27.33665
27.2816
27.49459
26.40645
24.30852
23.8724
24.91578
26.60701
26.9363
26.33593
25.60188
24.82066
25.42289
26.77826
28.50004
21.82113
24.23555
25.11605
24.47818
24.47901
24.77794
24.40512
24.73723
26.01043
26.42652
26.40989
27.24916
27.30463
26.1772
25.89215
26.91831
28.42033
21.47907
23.19383
23.58753
23.15265
23.24463
23.96873
24.46432
24.9913
25.23562
24.83759
26.11124
29.14471
30.7198
29.5021
27.14206
27.63956
29.45197
23.15696
24.01353
24.15022
24.10093
23.75117
23.56047
23.70754
24.6862
25.75882
26.09832
27.65579
31.6281
35.11033
34.06588
29.52639
29.42554
32.1725
25.70268
27.52575
27.98353
27.28029
26.15252
25.55324
24.7243
24.50573
26.24676
28.36312
30.13563
33.7745
37.87558
36.94095
32.13129
31.49602
34.3988
29.75806
31.08816
31.426
31.00026
30.56204
29.98284
27.61824
25.2208
26.18222
29.41263
32.3272
35.20973
37.76947
36.0951
33.21157
33.72305
35.95465
30.13765
30.93745
31.91888
33.41719
34.03548
32.79741
29.48529
26.59993
26.91849
29.69656
33.07736
35.53839
36.11406
34.18574
33.01833
34.60985
37.37134
28.11296
28.34085
30.5323
33.57021
34.57753
33.06865
29.57117
26.90783
27.0166
29.23273
32.83247
35.25757
34.58931
32.5998
32.40148
34.57151
37.50348
26.38989
26.83523
29.14358
32.52269
33.73597
32.07698
28.85672
26.23979
25.15326
26.48249
30.24493
33.65263
33.76914
31.62735
32.1195
34.39474
35.93418
25.03696
25.49899
27.87435
30.80194
32.5152
31.08255
28.13174
26.01424
23.7252
22.90272
25.71115
30.30951
32.65358
31.23847
31.46052
33.85008
34.17468
24.79448
24.39776
26.65935
29.40404
31.22151
29.63186
27.34661
26.51474
24.42205
21.81443
22.34134
26.53786
30.09198
29.88461
29.28304
31.40522
32.31173
24.81815
24.70522
26.60325
28.70807
30.078
27.98427
26.20473
26.68406
26.00538
23.49788
21.72332
23.66797
27.24921
28.13567
27.42283
28.98915
31.0271
24.02843
24.79226
25.9978
27.49402
28.62369
27.17834
24.93914
25.6755
26.44667
24.92869
22.59999
22.552
24.93413
26.60831
26.86177
27.96077
32.08163
22.3888
23.25398
24.05605
25.66324
27.38684
26.58747
23.97425
24.11071
25.25095
25.03327
23.65286
22.93833
23.54513
24.81543
25.64118
27.4369
33.50572
20.72897
21.38799
22.24483
23.9798
25.79509
25.92248
23.26397
22.2745
23.10662
23.81962
23.9038
23.73015
23.49955
23.32935
23.39318
26.38954
31.86428
19.45937
20.40182
21.3406
22.60074
24.10987
25.27637
23.87318
21.49508
21.7887
22.69289
23.54432
24.3683
25.0343
24.48641
22.87704
24.92911
27.98602
18.62518
19.82176
20.71811
21.7912
22.83884
24.25402
24.79683
23.33657
22.55347
22.92287
23.27914
23.9198
25.30101
25.30384
23.23396
23.61913
26.06395
18.17299
19.06853
20.10647
21.11607
21.93427
22.87397
23.6774
23.57793
22.98335
23.04857
22.93882
22.96666
24.23834
24.93757
23.73616
22.39938
23.02385
