 1
 1
 1
 1
 1
 1
 1
 1
 1
 1
 1
 1
 1
 1
 0
 0
 0
 1
 1
 1
 1
 1
 1
 1
 1
 1
 1
 1
 1
 1
 1
 0
 0
 0
 1
 1
 1
 1
 1
 1
 1
 1
 1
 1
 1
 1
 1
 1
 1
 0
 0
 1
 1
 1
 1
 1
 1
 1
 1
 1
 1
 1
 1
 1
 1
 1
 1
 0
 1
 1
 1
 1
 1
 1
 1
 1
 1
 1
 1
 1
 1
 1
 1
 1
 1
 1
 1
 1
 1
 1
 1
 1
 1
 1
 1
 1
 1
 1
 1
 1
 1
 1
 1
 1
 1
 1
 1
 1
 1
 1
 1
 1
 1
 1
 1
 1
 1
 1
 1
 1
 1
 1
 1
 1
 1
 1
 1
 1
 1
 1
 1
 1
 1
 1
 1
 1
 1
 1
 1
 1
 1
 1
 1
 1
 1
 1
 1
 1
 1
 1
 1
 1
 1
 1
 1
 1
 1
 1
 1
 1
 1
 1
 1
 1
 1
 1
 1
 1
 1
 1
 0
 1
 1
 1
 1
 1
 1
 1
 1
 1
 1
 1
 1
 1
 1
 1
 1
 1
 1
 1
 1
 1
 1
 1
 1
 1
 1
 1
 1
 1
 1
 1
 1
 1
 1
 1
 1
 1
 1
 1
 1
 1
 1
 1
 1
 1
 1
 1
 1
 1
 1
 1
 1
 1
 1
 1
 1
 1
 1
 1
 1
 1
 1
 1
 1
 1
 1
 1
 1
 1
 1
 1
 1
 1
 1
 1
 1
 1
 1
 1
 1
 1
 1
 1
 1
 1
 1
 1
 1
 1
 1
 1
 1
 1
 1
 1
 1
 1
 1
 1
 1
 1
 1
 1
 1
 1
 1
 1
 1
 1
 1
 1
 1
 1
 1
 1
 1
 1
 1
 1
 1
 1
 1
 1
 1
 1
 1
 1
 1
 1
 1
 1
 1
 1
 1
 1
 1
 1
 1
 1
 1
 1
 1
 1
 1
 1
 1
 1
 1
 1
 1
 1
 1
 1
 1
 1
 1
 1
 1
 1
 1
 1
 1
 1
 1
 1
 1
 1
 1
 1
 1
 1
 1
 1
 1
 1
 1
 1
 1
 1
 1
 1
 1
 1
 1
 1
 1
 1
 1
 1
 1
 1
 1
 1
 1
 1
 1
 1
 1
 1
 1
 1
 1
 1
 1
 1
 1
 1
 1
 1
 1
 1
 1
 1
 1
 1
 1
 1
 1
 1
 1
 1
 1
 1
 1
 1
 1
 1
 1
 1
 1
 1
 1
 1
 1
 1
 1
 1
0.9866696
0.9800989
0.9867511
0.6740909
0.6297323
0.8852823
0.8983421
0.9270207
0.9272365
0.9160492
0.8648596
0.4969683
0.4316211
0.4687892
0.5081497
0.4343067
0.3258646
0.8009346
0.7787705
1.041968
1.036556
0.7041479
0.9016952
0.6150295
0.6327746
0.635716
0.9080852
0.8707001
0.5158252
0.4643221
0.4865506
0.7078587
0.4333849
0.3706821
0.8462555
0.878419
0.8435904
1.068288
1.033065
0.9759061
0.653418
0.6424101
0.6470568
0.6681467
0.6702523
0.6062497
0.5197566
0.5110481
0.5369107
0.4935321
0.4073012
1.072015
0.8588573
0.8662041
1.045071
1.012306
0.9998872
0.9677514
0.9500242
0.9555448
0.9890369
1.006441
0.6974229
0.6036168
0.7828512
0.772775
0.7330874
0.4246443
0.7582951
0.7917588
1.066503
1.003024
0.973642
0.9827223
0.9911748
0.9864408
0.7230348
0.7607165
0.7692164
1.002534
0.9251805
0.8285585
0.777094
0.7274088
0.651685
0.9854717
0.7478644
0.98897
0.9538913
0.6874194
0.9714924
0.9981062
1.027782
1.04537
1.058996
1.038164
1.003952
0.9406492
0.8599366
0.5529264
0.4986842
0.6735646
0.9111678
0.6711753
0.9289021
0.9082668
0.9366349
0.9665931
0.9962936
1.041729
1.062551
1.039287
0.9987459
0.9650821
0.9047009
0.8302328
0.7892702
0.502385
0.4545887
0.86585
0.8740542
0.8686273
0.8656237
0.899358
0.9458916
0.9820722
1.008249
1.014457
0.9995377
0.9939473
0.9815249
0.9160756
0.8244041
0.781803
0.7684805
0.473912
0.8626686
0.8599288
0.8576015
0.8619738
0.8883545
0.9340716
0.978812
1.011858
1.031319
1.022948
0.7545764
0.7859617
0.7599057
0.6481042
0.561353
0.5656722
0.5505601
0.8720029
0.873377
0.8755234
0.8910429
0.9271687
0.9655718
0.7381244
1.054831
1.102879
0.8288448
0.7878036
0.8167831
0.8507321
0.7509313
0.6178091
0.617583
0.6398824
0.01066434
0.6394968
0.663654
0.7060304
1.01501
1.045891
0.7866752
0.7879708
0.830664
0.8777745
0.8479753
0.824488
0.8507313
0.782886
0.6717479
0.6569658
0.6802498
0.6813149
0.7324561
0.7898556
1.103871
0.8674943
0.8742638
0.8493807
0.8022262
0.8028473
0.8633906
0.879755
0.8351784
0.8083206
0.7584516
0.7049431
0.7054948
0.7035922
0.7185966
0.7912622
0.8810059
0.9521547
0.947243
0.8984657
0.8587353
0.834904
0.8270196
0.8517882
0.875342
0.8375165
0.7875897
0.7468073
0.7203969
0.7340618
0.7319899
0.7386927
0.8094286
0.8976389
0.971709
1.196761
0.8539736
0.8103424
0.809015
0.8170176
0.8277559
0.8619372
0.8565096
0.803836
0.7598092
0.7408137
0.7487611
0.7389086
0.7389275
0.802641
0.8753184
0.9290438
1.13337
0.7965469
0.7659436
0.7598193
0.7538448
0.7537075
0.7969626
0.8585457
0.8459321
0.782876
0.7590847
0.7593651
0.7278742
0.7052295
0.7637576
0.821704
0.857018
1.061293
0.7484521
0.7433209
0.748314
0.7293603
0.7029985
0.7228683
0.7949926
0.8438959
0.7955167
0.7595667
0.7631537
0.730047
0.6386003
0.690379
0.7488697
1.033002
0.7349679
0.7076011
0.7283784
0.7616568
0.7647016
0.7312909
0.7043228
0.7433317
0.8026736
0.796685
0.7585553
0.7630827
0.7482365
0.8755229
0.6486943
0.9761899
0.9916745
0.9662789
0.6908714
0.7206239
0.7712839
0.7961648
0.7911592
0.7488214
0.7326429
0.7794581
0.8021839
0.7734145
0.7687656
0.7694885
0.8959193
0.9221496
0.9647081
0.9790426
0.7064139
0.6938105
0.7195314
0.7728254
0.8030354
0.8070205
0.7922013
0.7674195
0.7761997
0.7954648
0.7941188
0.8077211
0.8479422
0.926233
0.9430456
0.9702569
0.7251485
0.7341431
0.7218431
0.7315595
0.7713276
0.800449
0.8188039
0.834419
0.8356804
0.8093979
0.7937466
0.7939575
0.8081294
0.8799273
0.9238514
0.955387
0.9823669
0.7460139
0.7668891
0.7663602
0.759693
0.7840434
0.8118942
0.8405471
0.8702888
0.8816718
0.849216
0.8107472
0.7931515
0.7880088
0.8141628
0.9027586
0.9513695
0.98498
1.017782
0.7800848
0.8002788
0.7940947
0.8071777
0.8492329
0.8835344
0.9078204
0.9239494
0.8985415
0.8394406
0.8017101
0.772916
0.7566184
0.8790541
0.9289915
0.6992303
1.000228
1.030314
0.8056721
0.8221201
0.8293217
0.8754495
0.932472
0.9611127
0.977043
0.9643966
0.8957024
0.8227467
0.771137
0.745391
0.8587539
0.6301441
0.6708905
0.7009863
1.000996
1.045525
0.8328303
0.8583953
0.8911718
0.9509025
1.003457
1.027394
1.009779
0.9545375
0.892003
0.8164177
0.7612205
2.298934
2.15794
2.072006
1.567515
1.275501
1.406563
1.445013
1.555835
1.645786
1.744975
1.78977
1.377783
1.175093
1.153112
1.209803
1.103206
0.8997763
2.177999
2.044684
2.21083
2.113105
1.560548
1.521129
1.174038
1.256249
1.360842
1.774843
1.868201
1.524266
1.417981
1.367995
1.502592
1.122681
1.020487
2.072566
2.119058
1.977162
2.084564
1.982273
1.836747
1.434216
1.409975
1.489308
1.638899
1.787418
1.779156
1.631958
1.505032
1.441827
1.298434
1.104807
2.057457
1.903049
1.893851
1.897871
1.826542
1.868293
1.859918
1.848075
1.904703
2.054528
2.204146
1.951826
1.784839
1.806282
1.700457
1.584561
1.124109
1.646906
1.671085
1.925977
1.726054
1.629124
1.742484
1.900611
1.973292
1.754875
1.891004
1.984633
2.243838
2.106253
1.877684
1.716868
1.558539
1.340923
1.843515
1.573988
1.744129
1.629973
1.362664
1.747843
1.945245
2.126627
2.222982
2.290344
2.280549
2.228358
2.121888
1.958417
1.537115
1.317784
1.321319
1.576297
1.366662
1.611308
1.567516
1.695334
1.861335
2.023589
2.216151
2.333877
2.32263
2.264705
2.210313
2.10912
1.938955
1.766258
1.296966
1.057976
1.297863
1.405821
1.4664
1.516384
1.703432
1.930397
2.080755
2.198536
2.300749
2.341118
2.356579
2.349218
2.247262
2.008747
1.759167
1.552529
1.065152
1.26048
1.399195
1.557406
1.688503
1.838074
2.050845
2.245547
2.390239
2.506853
2.50071
2.166151
2.193858
2.15788
1.911027
1.552621
1.337045
1.187163
1.76036
1.904973
2.06248
2.216691
2.302758
2.392103
2.242912
2.623796
2.735382
2.40061
2.15852
2.1009
2.151009
1.964207
1.550353
1.30535
1.282405
1.280023
2.111883
2.275239
2.413462
2.745106
2.734911
2.382281
2.274973
2.293071
2.324568
2.137251
1.939415
1.937109
1.819688
1.496549
1.257661
1.240576
1.938336
2.182156
2.401659
2.800062
2.581961
2.533072
2.345599
2.074061
1.952315
2.025613
2.01445
1.825552
1.699254
1.594595
1.417956
1.298848
1.201544
1.802315
2.024333
2.283402
2.453249
2.425232
2.26069
2.061382
1.875953
1.748899
1.751752
1.809377
1.727034
1.571226
1.445918
1.32999
1.3024
1.230338
1.748547
1.921393
2.126257
2.272696
2.422222
1.895614
1.684054
1.590286
1.539019
1.509321
1.580688
1.610734
1.506678
1.376067
1.276301
1.253509
1.207278
1.762599
1.870321
1.986089
2.055082
2.165772
1.649828
1.436096
1.311306
1.235546
1.197545
1.282612
1.445359
1.457971
1.323577
1.238355
1.218398
1.140699
1.568991
1.684351
1.732355
1.731447
1.86312
1.448671
1.312351
1.210783
1.086303
0.9669312
1.008789
1.201829
1.343848
1.266267
1.182964
1.194037
1.141382
1.333056
1.379733
1.420266
1.655786
1.328495
1.25384
1.219469
1.256028
1.237325
1.082386
0.9322072
1.025338
1.196123
1.217393
1.131685
1.133597
1.150401
1.645844
1.240456
1.581425
1.590265
1.54067
1.174491
1.16009
1.278718
1.357859
1.334336
1.152912
1.009066
1.13253
1.253021
1.22162
1.176628
1.208739
1.660741
1.569932
1.613788
1.634653
1.334088
1.196034
1.123603
1.213506
1.271537
1.28222
1.259045
1.152618
1.10638
1.210673
1.265862
1.268974
1.447294
1.543015
1.539455
1.537182
1.312586
1.325479
1.269273
1.149302
1.104755
1.118467
1.14667
1.203454
1.24078
1.128789
1.08101
1.126779
1.157299
1.399038
1.424452
1.431912
1.43039
1.226267
1.288134
1.341029
1.285874
1.115491
1.085511
1.106013
1.156248
1.232765
1.205519
1.076604
1.017024
1.015402
1.087997
1.355367
1.394483
1.414458
1.457386
1.263526
1.370356
1.411417
1.245671
1.171619
1.179002
1.187932
1.265892
1.31437
1.214638
1.045377
0.9676952
0.9256586
1.318458
1.371194
1.146642
1.446716
1.48447
1.325122
1.442411
1.366608
1.213133
1.242133
1.273812
1.308898
1.351056
1.309409
1.161217
1.023633
0.9719169
1.285487
1.056888
1.101905
1.130323
1.422184
1.485684
1.352598
1.408596
1.288076
1.248641
1.316286
1.345327
1.303772
1.256012
1.217461
1.12154
0.9988572
3.824178
3.702543
3.669493
3.093379
2.611726
2.662163
2.72142
2.85266
2.94174
3.075021
3.128764
2.550812
2.220958
2.31071
2.536122
2.417522
2.105878
3.856517
3.766239
3.990678
3.899684
3.149814
2.871089
2.422278
2.49253
2.611519
3.087072
3.225547
2.794273
2.652716
2.693691
2.8965
2.496597
2.401585
3.624015
3.808998
3.698592
3.795341
3.633127
3.358302
2.81653
2.698414
2.76958
3.002375
3.265268
3.256887
3.031603
2.888239
2.863852
2.758717
2.563956
3.36175
3.365702
3.421196
3.348368
3.272031
3.324172
3.267019
3.178786
3.229096
3.480858
3.768606
3.549116
3.269225
3.164477
3.073382
3.009848
2.532202
2.917655
2.999496
3.286908
2.99763
2.862401
3.052888
3.280419
3.327561
3.083426
3.305501
3.501899
3.789353
3.543882
3.179511
2.989944
2.844697
2.643877
3.186292
2.937896
3.077559
2.904364
2.638606
3.068367
3.332829
3.536356
3.617089
3.723472
3.739341
3.658035
3.465201
3.224427
2.754096
2.477798
2.479902
2.77167
2.645279
2.902529
2.857884
3.075883
3.27381
3.428446
3.651122
3.793505
3.769244
3.672719
3.565372
3.393381
3.151227
2.91595
2.359212
2.082689
2.215691
2.492207
2.650378
2.74209
3.03468
3.306941
3.437121
3.572146
3.728784
3.765364
3.7471
3.727401
3.571704
3.211867
2.847626
2.547805
2.010061
2.152914
2.498632
2.793376
2.957086
3.148827
3.455608
3.731715
3.939612
4.089744
3.992664
3.570842
3.617449
3.560478
3.172006
2.618368
2.301746
2.141407
3.22973
3.484486
3.729562
3.926106
3.998246
4.129171
4.042475
4.447239
4.544374
4.046188
3.579344
3.475877
3.537488
3.225601
2.556675
2.190568
2.230704
3.106716
4.105369
4.402143
4.597769
4.874814
4.769787
4.296887
4.055336
4.000277
3.92558
3.509269
3.159722
3.147135
2.931983
2.385023
2.016979
2.068619
3.785368
4.2089
4.604576
5.036093
4.746167
4.535828
4.099018
3.559179
3.305561
3.341593
3.214378
2.860922
2.666807
2.482665
2.175046
1.984452
1.894681
3.571476
3.90016
4.312562
4.52632
4.369874
3.968154
3.497212
3.087342
2.830765
2.795196
2.823432
2.636756
2.374367
2.165378
1.978535
1.945858
1.873563
3.511199
3.701044
3.989611
4.177014
4.156086
3.315737
2.841888
2.617736
2.487632
2.405638
2.480716
2.4793
2.261404
2.011846
1.846222
1.83573
1.806888
3.526875
3.612606
3.740054
3.829223
3.794346
2.963683
2.476781
2.215958
2.053566
1.956061
2.055625
2.260576
2.222188
1.937244
1.77673
1.756747
1.661844
3.074981
3.237255
3.282939
3.278283
3.336434
2.70936
2.348566
2.107115
1.84047
1.586191
1.629722
1.917476
2.111074
1.925962
1.735865
1.735822
1.646732
2.549967
2.580299
2.642628
2.899102
2.59422
2.420713
2.246436
2.235319
2.135206
1.793639
1.49902
1.667155
1.938452
1.917785
1.695902
1.665819
1.698337
2.86167
2.261508
2.645485
2.735437
2.738879
2.286378
2.1497
2.282202
2.379721
2.269651
1.889329
1.642072
1.836355
1.982142
1.873708
1.797154
1.895606
2.824515
2.665178
2.753104
2.835253
2.558017
2.276049
2.023534
2.090406
2.184181
2.194239
2.077069
1.819162
1.7362
1.904279
1.968539
1.979068
2.367881
2.52896
2.5828
2.579821
2.377263
2.419126
2.29638
1.920626
1.755426
1.768218
1.832643
1.910655
1.900023
1.687091
1.634089
1.690984
1.741675
2.228135
2.270595
2.291774
2.229089
2.023871
2.127351
2.261475
2.045192
1.604869
1.541459
1.592921
1.714134
1.84535
1.770667
1.561414
1.45854
1.453487
1.596689
2.042918
2.111413
2.090362
2.09057
1.910907
2.114292
2.162996
1.747704
1.592748
1.615179
1.688339
1.858844
1.945071
1.787129
1.497286
1.350882
1.268571
1.891103
1.975861
1.776047
2.064777
2.063709
1.913247
2.075763
1.898695
1.613312
1.691551
1.779575
1.873676
1.978694
1.957151
1.719516
1.466637
1.38198
1.840946
1.61934
1.690504
1.734278
1.991854
2.015909
1.913377
1.963392
1.695181
1.651818
1.793365
1.852779
1.833205
1.852293
1.860445
1.684364
1.431055
5.532456
5.486519
5.586401
4.964457
4.38043
4.495643
4.661859
4.872807
4.992176
5.160121
5.194623
4.367647
3.826842
3.979668
4.355761
4.276358
3.84139
5.979722
5.950456
6.290134
6.233634
5.329315
4.926208
4.415275
4.456244
4.57705
5.11625
5.312347
4.78012
4.57494
4.677621
4.886889
4.441818
4.317604
5.826354
6.224784
6.21781
6.320129
6.088721
5.713181
5.010388
4.681548
4.634047
4.913133
5.286488
5.290308
5.021125
4.896501
4.906182
4.835501
4.617601
5.262487
5.567489
5.783629
5.615938
5.448138
5.507389
5.411774
5.158126
5.070109
5.365182
5.784935
5.616449
5.254563
5.069264
5.039327
5.049996
4.534009
4.589509
4.876317
5.278608
4.850483
4.567884
4.801148
5.143679
5.180184
4.862369
5.13856
5.441576
5.783748
5.474299
5.006256
4.822924
4.713928
4.490502
4.855657
4.709999
4.839035
4.543516
4.159749
4.582092
4.957276
5.243721
5.347518
5.503079
5.558983
5.482961
5.26161
4.987926
4.485916
4.1768
4.147443
4.326831
4.329494
4.569677
4.447119
4.638331
4.809642
4.990729
5.307553
5.526384
5.513994
5.394809
5.245411
5.041614
4.779746
4.504346
3.904361
3.593823
3.520581
4.019214
4.235613
4.27565
4.575643
4.836115
4.94498
5.134754
5.39144
5.465175
5.447507
5.427738
5.229729
4.775644
4.328556
3.990948
3.428776
3.35275
3.945249
4.303313
4.397243
4.566495
4.927821
5.273877
5.587069
5.827197
5.722842
5.338859
5.482599
5.421831
4.867642
4.116559
3.755274
3.597449
4.952844
5.253851
5.494361
5.647204
5.653242
5.829321
5.841618
6.347637
6.517172
5.963886
5.424949
5.414325
5.545352
5.068264
4.081757
3.627656
3.729908
5.349943
6.408299
6.726062
6.887961
7.04289
6.816011
6.252088
5.966748
5.95609
5.879674
5.343272
4.975002
5.042499
4.708906
3.847491
3.313361
3.444328
6.125953
6.641474
7.093208
7.464815
7.05705
6.634749
5.934518
5.185591
4.91108
5.009408
4.846182
4.417112
4.226851
3.95696
3.452258
3.12202
3.051879
5.700274
6.072471
6.541131
6.72649
6.413894
5.734741
4.960494
4.352634
4.039699
4.051316
4.124107
3.903561
3.585697
3.296456
3.00941
2.921993
2.864377
5.429685
5.58151
5.91251
6.097598
5.848999
4.656146
3.906833
3.575876
3.400364
3.31921
3.468209
3.515516
3.231843
2.869766
2.637209
2.629825
2.648685
5.370687
5.36387
5.484528
5.578669
5.310102
4.080904
3.321642
2.958446
2.732404
2.600643
2.753253
3.063854
3.030808
2.609733
2.388264
2.399116
2.350146
4.684164
4.82842
4.856642
4.85063
4.736603
3.774723
3.185414
2.807868
2.390299
2.030886
2.108081
2.511608
2.800217
2.529778
2.263144
2.331324
2.287874
3.938734
3.891343
3.963795
4.230976
3.879755
3.482779
3.151594
3.08796
2.840137
2.267779
1.879447
2.158584
2.537994
2.493618
2.187387
2.240108
2.375152
4.409104
3.529616
3.915771
4.045969
4.048999
3.406368
3.113729
3.267406
3.3259
3.032301
2.42443
2.145132
2.436592
2.631705
2.514508
2.516576
2.750025
4.377139
4.064575
4.168267
4.298282
4.006422
3.448716
2.97296
3.022195
3.137096
3.066919
2.777212
2.384974
2.339788
2.612017
2.726775
2.840962
3.554052
3.857039
3.881944
3.861958
3.697131
3.781323
3.44389
2.743291
2.497186
2.51109
2.567235
2.582789
2.477493
2.209576
2.187657
2.274346
2.420135
3.295507
3.43927
3.398874
3.231772
3.011891
3.173643
3.295739
2.738904
2.133832
2.053535
2.111681
2.23648
2.34832
2.207902
1.932867
1.802624
1.858846
2.222044
3.079255
3.110258
2.979881
2.884763
2.700567
3.001059
2.888926
2.166739
2.016719
2.03393
2.127351
2.334432
2.409548
2.159525
1.749916
1.596834
1.573135
2.848149
2.90647
2.645073
2.845502
2.768821
2.678475
2.924151
2.504739
2.074627
2.180661
2.270603
2.37838
2.516673
2.48465
2.142206
1.76938
1.695732
2.79194
2.535841
2.557738
2.54678
2.724483
2.739434
2.785192
2.882811
2.366095
2.227565
2.332091
2.348692
2.34523
2.460539
2.495654
2.168724
1.801745
7.560316
7.6031
7.805018
7.04623
6.325475
6.460304
6.730578
7.038583
7.189283
7.357854
7.296208
6.159553
5.485432
5.899623
6.700251
6.903344
6.383993
8.451906
8.445017
8.854815
8.760912
7.677744
7.101269
6.523582
6.626384
6.864437
7.565267
7.829429
7.125567
6.779607
6.934372
7.19554
6.822295
6.728776
8.512827
9.106292
9.120066
9.132248
8.839175
8.344622
7.398677
6.880692
6.854918
7.317112
7.894738
7.941289
7.589281
7.432352
7.446063
7.399906
7.141426
7.718469
8.394651
8.726244
8.361888
8.151855
8.309696
8.113014
7.591905
7.401739
7.832577
8.43822
8.32548
7.862997
7.614467
7.678656
7.759614
7.181253
6.74869
7.338724
7.863559
7.235661
6.859829
7.283962
7.772297
7.719102
7.311358
7.721881
8.178379
8.534847
8.100092
7.513288
7.383519
7.339767
7.104589
6.932419
6.918425
7.02358
6.525485
6.013237
6.549444
7.141634
7.553979
7.738535
8.068696
8.26762
8.214459
7.928295
7.584304
7.062546
6.729698
6.660382
6.241992
6.334136
6.497818
6.170763
6.255134
6.463377
6.823165
7.387109
7.804132
7.926476
7.901503
7.790497
7.607794
7.344379
7.037
6.399169
6.033158
5.164655
5.794014
5.982377
5.857813
6.100183
6.413727
6.663629
7.083787
7.556029
7.730615
7.767089
7.816452
7.660978
7.177587
6.681263
6.338871
5.746583
4.776103
5.457497
5.816461
5.824479
6.008913
6.526142
7.081508
7.631821
8.03406
7.954029
7.661489
7.951885
7.927874
7.250472
6.325586
5.955423
5.801915
6.867889
7.064847
7.303217
7.450735
7.436675
7.718272
7.927507
8.661907
8.994847
8.439478
7.867394
7.975571
8.170416
7.517252
6.193286
5.664345
5.831054
7.952603
9.058069
9.445566
9.588398
9.588642
9.222422
8.60156
8.375941
8.53142
8.502851
7.857089
7.470499
7.578142
7.070044
5.848138
5.146043
5.353237
8.785827
9.438721
10.02086
10.38243
9.882437
9.238769
8.288074
7.385174
7.178471
7.405504
7.225185
6.704231
6.448164
6.008668
5.256063
4.775038
4.719151
7.944173
8.395844
8.993935
9.245787
8.858201
7.95339
6.902725
6.122954
5.825777
5.966588
6.130365
5.871998
5.426416
4.987159
4.560973
4.385623
4.326282
7.406028
7.516359
7.943855
8.192315
7.762581
6.276876
5.291502
4.891061
4.732165
4.73693
5.030558
5.144025
4.736626
4.212787
3.902396
3.871642
3.899195
7.377591
7.26893
7.400645
7.525243
7.006173
5.368587
4.348615
3.9184
3.677383
3.582565
3.862241
4.312939
4.243132
3.635854
3.365044
3.396355
3.341407
6.52741
6.641841
6.675923
6.678661
6.372163
5.023474
4.173764
3.650861
3.088087
2.665514
2.841734
3.409077
3.771112
3.332874
2.986917
3.1402
3.082546
5.577139
5.406415
5.523666
5.794381
5.355321
4.698524
4.213872
4.072451
3.640638
2.81899
2.377547
2.830407
3.325047
3.169882
2.69455
2.830774
3.010599
6.008811
4.893284
5.310249
5.486299
5.475513
4.60873
4.183364
4.380527
4.383617
3.867319
3.019564
2.750233
3.165426
3.324316
3.073707
3.130936
3.47336
5.840593
5.417167
5.551067
5.778021
5.498435
4.66475
3.981812
4.075766
4.238409
4.081131
3.584647
3.046439
3.06134
3.400924
3.487103
3.689752
4.668557
5.188427
5.174748
5.14732
5.065369
5.183975
4.601284
3.615489
3.349156
3.419528
3.480961
3.417043
3.182312
2.841475
2.856248
2.977854
3.199298
4.376162
4.702518
4.564746
4.302824
4.102137
4.323072
4.343401
3.45278
2.763709
2.705366
2.803328
2.938549
3.018634
2.779761
2.432835
2.289929
2.392001
2.912642
4.19269
4.149492
3.910924
3.761084
3.626897
4.000758
3.64374
2.671969
2.587968
2.642653
2.771649
3.010952
3.046365
2.668231
2.101694
1.928342
1.924237
3.814645
3.832106
3.515059
3.660461
3.595836
3.668077
3.995008
3.294516
2.800967
2.956461
3.036678
3.124369
3.269682
3.187515
2.670388
2.120044
2.045103
3.755809
3.45268
3.435393
3.381732
3.529454
3.640507
3.921624
4.086
3.36761
3.128134
3.141481
3.075986
3.094845
3.276353
3.223493
2.680118
2.23052
9.526092
9.715493
10.09095
9.142599
8.249093
8.465409
8.885735
9.278667
9.417427
9.50161
9.309306
8.005367
7.497539
8.535974
10.12604
10.77955
10.13068
10.88163
10.87026
11.41456
11.28398
9.923464
9.199799
8.706775
8.980972
9.373862
10.19824
10.33476
9.263582
8.835041
9.299255
9.975153
10.00243
10.12946
11.31672
12.06322
12.09244
12.04562
11.63039
10.91263
9.703466
9.07946
9.217875
10.00295
10.81386
10.75441
10.13238
9.950438
10.11329
10.28265
10.15921
10.43708
11.5163
11.93692
11.38364
11.18462
11.3724
10.94033
10.03306
9.765162
10.47337
11.42357
11.44936
10.8086
10.42229
10.59665
10.7958
10.18878
9.126592
10.17621
10.90601
10.09561
9.741486
10.43943
11.04934
10.80513
10.21433
10.7325
11.35269
11.77919
11.21936
10.49161
10.4653
10.5486
10.31152
9.071301
9.386774
9.666585
9.06146
8.569067
9.398056
10.31825
10.89106
11.16759
11.65029
11.90072
11.76436
11.34098
10.85512
10.33352
10.01946
9.983785
8.179155
8.524708
8.768219
8.355752
8.50239
8.945637
9.617242
10.50167
11.23127
11.62309
11.72595
11.59859
11.35404
10.97904
10.58657
9.882799
9.495626
6.947611
7.830305
8.066368
7.834238
8.174354
8.717267
9.198728
9.877004
10.63285
11.00046
11.1835
11.45404
11.43154
10.89752
10.35643
10.01727
9.396025
6.175128
7.136338
7.586447
7.548249
7.87907
8.704065
9.527082
10.28095
10.80483
10.77159
10.69578
11.38836
11.63137
10.94297
9.930431
9.670346
9.559376
8.502131
8.833196
9.184022
9.336948
9.400991
9.950762
10.45936
11.46428
11.97858
11.42519
10.89755
11.3477
11.84746
11.16973
9.607225
9.174236
9.496114
10.88707
12.26402
12.75302
12.73774
12.54001
12.14357
11.56312
11.45743
11.83925
11.88165
11.13605
10.83922
11.1383
10.55586
9.026437
8.302381
8.689134
12.2359
13.2816
14.12372
14.39214
13.72066
12.88563
11.76218
10.71104
10.54254
10.8747
10.6544
10.03476
9.731224
9.133442
8.145182
7.597303
7.628643
10.8849
11.59776
12.47596
12.88739
12.46362
11.37717
10.15423
9.262339
8.966078
9.181107
9.374529
8.996708
8.348453
7.72182
7.136178
6.895154
6.873741
9.860927
10.01746
10.64907
11.1017
10.62257
8.900869
7.730784
7.35442
7.290668
7.407478
7.822307
7.918623
7.275012
6.541108
6.138932
6.052517
6.080614
9.770098
9.597528
9.798794
10.03072
9.341494
7.29773
5.99226
5.571511
5.430702
5.466084
5.925875
6.503552
6.331527
5.49438
5.187054
5.211413
5.102272
8.793069
8.875751
8.981204
9.03566
8.534081
6.728886
5.487234
4.793777
4.150136
3.768884
4.138709
4.917397
5.347749
4.735274
4.350899
4.606531
4.477309
7.721485
7.388818
7.635534
7.982867
7.442667
6.38666
5.558169
5.231527
4.557338
3.508515
3.104585
3.79341
4.409309
4.140404
3.533223
3.768928
3.967673
7.941562
6.665854
7.154021
7.401474
7.336914
6.182859
5.518623
5.661325
5.531327
4.736204
3.654284
3.436355
3.960028
4.030357
3.638333
3.772595
4.233276
7.469007
6.970047
7.122293
7.421914
7.114405
6.019495
5.141928
5.265236
5.423259
5.134817
4.381503
3.70349
3.775623
4.124122
4.146394
4.455564
5.703054
6.705236
6.610475
6.534601
6.49644
6.604194
5.778016
4.523665
4.269689
4.381406
4.429893
4.245753
3.861517
3.471339
3.525687
3.674099
3.99265
5.473815
6.214693
5.950355
5.584339
5.374191
5.581802
5.427896
4.20262
3.420483
3.375666
3.501179
3.631103
3.661422
3.33341
2.950152
2.828031
2.998859
3.727467
5.554208
5.431613
5.104145
4.915127
4.801655
5.136756
4.463624
3.194685
3.151916
3.243722
3.396844
3.650864
3.629257
3.130787
2.456289
2.308943
2.377061
4.960934
4.945944
4.598493
4.738125
4.732302
4.936657
5.234599
4.244195
3.640525
3.796943
3.838173
3.867801
3.971916
3.812581
3.152322
2.489938
2.429993
4.809192
4.477589
4.455772
4.421812
4.606301
4.83756
5.278431
5.430153
4.549715
4.187353
4.073702
3.887839
3.87114
4.071649
3.969654
3.265425
2.743729
11.09455
11.56468
12.34998
11.2971
10.07475
10.38931
10.98294
11.36156
11.30418
11.15425
10.88612
9.648078
9.532317
11.29025
13.70174
14.77654
14.03041
12.84074
12.98835
13.96065
13.99245
12.20587
11.23142
10.8699
11.28654
11.6975
12.44948
12.33059
10.88914
10.53968
11.49439
12.76967
13.31446
13.78557
13.6076
14.61787
14.89492
15.0306
14.49796
13.43945
11.93827
11.30207
11.60918
12.61848
13.53122
13.17623
12.17645
12.04366
12.50543
13.05153
13.2771
12.67392
14.25266
14.88644
14.33053
14.23557
14.30854
13.43355
12.16244
11.98453
13.06228
14.40703
14.50106
13.49969
12.85893
13.13865
13.51758
12.99621
11.08529
12.72205
13.71274
12.78358
12.51244
13.40334
13.85293
13.16264
12.44394
13.28349
14.28642
14.90853
14.18542
13.30073
13.39606
13.60489
13.2887
10.75434
11.53344
12.08651
11.3821
10.9246
12.02775
13.13431
13.6435
13.89216
14.52266
14.89276
14.80917
14.29991
13.76828
13.39365
13.20932
13.19853
9.59087
10.28491
10.73118
10.27506
10.45099
11.14012
12.19315
13.44904
14.46808
15.00865
15.0547
14.80285
14.44524
13.97133
13.59551
12.98816
12.74728
8.225943
9.356538
9.680567
9.421426
9.866421
10.67021
11.57176
12.7696
13.91488
14.39472
14.60549
14.95278
14.85776
14.10912
13.45687
13.14292
12.61629
7.365571
8.591361
9.089567
9.064505
9.594126
10.72045
11.88352
12.99187
13.72871
13.77395
13.97708
15.07627
15.49282
14.6494
13.42577
13.16955
13.09413
9.405201
10.04591
10.56103
10.81665
11.11224
12.01018
12.85236
14.15304
14.87143
14.40161
14.09726
15.068
15.9834
15.31877
13.52522
13.11068
13.55868
13.10357
14.58051
14.99662
14.881
14.69198
14.43889
14.04746
14.22285
14.96315
15.20539
14.54318
14.56719
15.27872
14.78747
13.13006
12.41504
12.97692
15.94227
17.29076
18.10334
18.0873
17.19723
16.18469
14.86477
13.72979
13.786
14.42986
14.36385
13.84686
13.68025
13.05227
12.05087
11.57564
11.71635
14.55595
15.67438
16.81565
17.29165
16.74117
15.39929
13.89067
12.73767
12.38294
12.75098
13.11936
12.78837
12.05394
11.27008
10.67711
10.55137
10.62277
12.97217
13.26026
14.19091
14.94985
14.51758
12.60841
11.22038
10.7518
10.66379
10.85411
11.43542
11.59742
10.7716
9.805794
9.361901
9.363831
9.470775
12.6935
12.40276
12.70228
13.15341
12.49945
10.23281
8.707998
8.320231
8.271667
8.432522
9.114339
9.873161
9.609446
8.50812
8.175638
8.253532
8.126135
11.57436
11.48096
11.63063
11.75951
11.19984
9.135983
7.605135
6.857061
6.241295
5.969506
6.615096
7.706396
8.264003
7.489308
7.074247
7.417985
7.19857
10.41887
9.840422
10.17497
10.56305
9.935107
8.542924
7.457298
7.04951
6.255022
5.069004
4.824481
5.894322
6.733921
6.401787
5.691902
6.01331
6.219349
10.2803
8.959249
9.543061
9.854621
9.657412
8.174962
7.311292
7.471215
7.295885
6.25811
4.98766
4.956284
5.708158
5.747928
5.216098
5.433848
6.053258
9.370401
8.972114
9.234669
9.623549
9.251819
7.825345
6.751164
6.954059
7.165685
6.739344
5.674052
4.902507
5.122868
5.495099
5.407676
5.793128
7.406271
8.470468
8.380465
8.318732
8.3781
8.524953
7.412951
5.856329
5.644825
5.823307
5.85639
5.47067
4.872903
4.460585
4.551224
4.690696
5.094391
6.972873
8.093807
7.666027
7.157173
6.981265
7.254143
6.922062
5.266454
4.382139
4.391185
4.557723
4.653558
4.550916
4.080687
3.653899
3.553601
3.809926
4.824233
7.414106
7.151646
6.640573
6.395555
6.353835
6.717727
5.718822
4.001429
3.992097
4.154231
4.335546
4.559259
4.40765
3.731013
2.92878
2.808113
2.963194
6.655886
6.582471
6.154531
6.246549
6.286148
6.65128
6.980556
5.685987
4.850025
4.96601
4.935919
4.860215
4.873894
4.600803
3.755318
2.93898
2.881092
6.371985
6.021576
5.997208
5.980548
6.163393
6.435549
6.980924
7.106848
6.04423
5.492481
5.190711
4.847888
4.788561
5.014316
4.85955
3.974266
3.366255
12.15217
12.76569
13.77782
12.64422
11.40872
11.98289
12.84238
13.23058
12.78553
12.15902
11.86895
10.90862
11.27177
13.75665
16.99829
18.5389
17.80036
14.3561
14.62438
15.96619
16.31465
14.2586
12.89775
12.63208
13.31133
13.6655
14.16257
13.68783
11.92071
11.78384
13.31846
15.30386
16.48306
17.41776
15.44452
16.781
17.40821
17.94013
17.46376
15.96679
13.9838
13.1993
13.66173
14.80751
15.70859
14.93238
13.52836
13.59914
14.52006
15.58662
16.3361
14.40374
16.54056
17.56104
17.17472
17.34291
17.41524
16.08962
14.23024
13.93743
15.30082
16.99021
17.08615
15.58411
14.66434
15.13705
15.78292
15.53409
12.60603
14.84609
16.25152
15.34259
15.19754
16.31947
16.71654
15.56476
14.51217
15.56474
16.96628
17.79949
16.82883
15.64825
15.81256
16.13321
15.83086
12.13055
13.37139
14.27025
13.57129
13.11015
14.41588
15.71758
16.18444
16.33517
17.06058
17.59851
17.66151
17.078
16.41223
16.13259
16.04039
16.00371
10.83443
11.82954
12.49011
12.04385
12.16217
12.9342
14.26541
15.87805
17.22262
17.90382
17.85721
17.56753
17.19669
16.6382
16.31031
15.84301
15.73955
9.273649
10.58019
11.01534
10.74542
11.14711
12.02473
13.24569
14.99562
16.63696
17.24056
17.36648
17.73512
17.57135
16.65226
15.97348
15.78629
15.45665
8.391498
9.730763
10.20794
10.12763
10.63038
11.84159
13.28288
14.83625
15.95076
16.18699
16.63273
18.01403
18.46238
17.36257
15.94855
15.80089
15.86852
9.995965
10.86287
11.43581
11.67675
12.01549
13.04815
14.14295
15.77972
16.80169
16.57436
16.64103
18.15338
19.36353
18.48971
16.33856
16.06086
16.66364
14.19503
15.6305
15.97812
15.78962
15.61371
15.52093
15.41916
15.99151
17.1073
17.54642
17.12224
17.70848
18.92261
18.40404
16.45483
15.80673
16.53896
18.4551
19.81882
20.47204
20.18709
19.07027
17.88969
16.55271
15.70596
16.23153
17.19756
17.30281
17.07523
17.2644
16.69865
15.69069
15.30312
15.52861
17.70513
19.0689
20.31049
20.75386
19.98083
18.19292
16.28695
15.05958
14.97176
15.74026
16.38045
16.15283
15.43525
14.6543
14.23648
14.29704
14.46795
16.04662
16.44729
17.66434
18.72969
18.29774
15.98701
14.09781
13.40798
13.36315
13.84149
14.764
15.02575
13.99893
12.91731
12.64342
12.89473
13.17576
15.73302
15.26431
15.73878
16.55513
16.00389
13.41611
11.48124
10.94348
10.86838
11.20232
12.25252
13.22925
12.78061
11.44557
11.26442
11.54966
11.5439
14.54896
14.13932
14.39442
14.78344
14.33442
11.98078
10.01722
9.123539
8.46667
8.282644
9.286126
10.76684
11.39876
10.41273
10.09114
10.60757
10.36721
13.30398
12.44478
12.82679
13.38024
12.88164
11.21009
9.723207
9.13848
8.159213
6.835739
6.858075
8.452286
9.587461
9.181629
8.397908
8.868585
9.105947
12.74962
11.44137
12.07429
12.48716
12.32849
10.68646
9.581732
9.689077
9.345151
7.928932
6.497507
6.861537
8.056018
8.202821
7.56086
7.872537
8.675075
11.38063
11.15331
11.56705
12.08633
11.76928
10.12708
8.875298
9.191
9.452357
8.748579
7.223074
6.403903
6.969836
7.555345
7.46722
7.974359
10.02792
10.28966
10.25551
10.33165
10.61957
10.90774
9.558649
7.682108
7.579641
7.938628
8.008076
7.326828
6.407565
5.979407
6.195394
6.420957
7.045098
9.52106
10.04067
9.453821
8.913353
8.932738
9.40764
8.987785
6.821063
5.803535
6.003306
6.372427
6.543074
6.294819
5.611938
5.078211
5.009696
5.508796
7.062348
9.469552
9.058214
8.393249
8.16758
8.328111
8.934364
7.726341
5.466863
5.481049
5.789044
6.095373
6.364672
6.108698
5.206854
4.13741
4.109806
4.523573
8.688266
8.565003
8.076441
8.125653
8.239027
8.910946
9.493761
8.050367
6.967796
6.98449
6.839409
6.662894
6.634218
6.259748
5.071225
4.086453
4.130696
8.35785
7.999578
8.006715
8.018278
8.152154
8.429203
9.136795
9.362658
8.243457
7.572525
7.076503
6.576128
6.490996
6.770264
6.484226
5.319561
4.598864
13.15675
13.47383
14.17716
12.87504
11.88438
13.04111
14.39689
14.85402
14.01939
12.79909
12.27878
11.60916
12.57467
15.7103
19.76365
21.92871
21.41871
15.91939
16.12292
17.29749
17.37402
15.08119
13.70496
13.89125
15.09534
15.51437
15.75564
14.80817
12.55109
12.60237
14.6808
17.33635
19.20896
20.77892
17.14952
18.88487
19.78685
20.43763
19.95537
18.23273
15.8581
14.86995
15.50405
16.89453
17.8646
16.5856
14.5115
14.758
16.13737
17.6816
19.06481
15.90125
18.60508
20.16479
20.02371
20.43161
20.72906
19.12502
16.51796
15.80143
17.40207
19.523
19.74551
17.59649
16.14833
16.76823
17.61757
17.71107
14.05435
16.70624
18.5851
17.79686
17.73451
19.21383
19.78934
18.28198
16.6494
17.65889
19.48968
20.67022
19.53021
17.82541
17.8852
18.27213
18.02955
13.72474
15.1739
16.25044
15.53693
15.05365
16.54987
18.15559
18.73613
18.71754
19.38629
20.11181
20.39989
19.8575
18.97059
18.62185
18.58992
18.5161
12.58081
13.61578
14.18864
13.63404
13.6714
14.45579
15.98411
17.9581
19.69148
20.59344
20.49586
20.18029
19.86244
19.22897
18.86763
18.50515
18.49363
10.97138
12.19432
12.40797
11.97267
12.29393
13.14421
14.53188
16.70054
18.84732
19.72118
19.87977
20.31575
20.14445
19.10195
18.37954
18.28981
18.10771
9.903234
11.17476
11.44518
11.16082
11.58646
12.75933
14.26587
16.0682
17.49022
18.0359
18.88103
20.65017
21.22693
19.92057
18.29729
18.24682
18.4289
11.25973
11.95797
12.43403
12.49564
12.72264
13.74158
14.87343
16.65622
17.95108
18.09479
18.67812
20.83794
22.42741
21.34994
18.78707
18.68664
19.44159
15.92674
17.15393
17.31223
16.86146
16.338
16.05783
16.02181
16.86683
18.38404
19.18628
19.1452
20.40927
22.18437
21.53644
19.17674
18.68694
19.63998
20.88869
22.30152
22.90096
22.41712
20.8953
19.11056
17.36556
16.73557
17.86577
19.31054
19.69728
19.85192
20.4789
19.87509
18.709
18.44867
18.83782
20.53102
22.05107
23.44471
23.98761
23.03088
20.56437
17.90746
16.55345
16.90402
18.24512
19.23379
19.1208
18.47431
17.71009
17.40931
17.66411
17.95397
19.1365
19.46214
20.84867
22.21793
21.84912
19.07139
16.40992
15.41154
15.53621
16.51111
17.89687
18.21831
16.95313
15.83314
15.81093
16.39605
16.81945
18.85202
18.20865
18.75059
19.85918
19.45678
16.60267
14.02011
13.14604
13.0289
13.71301
15.32346
16.52961
15.8094
14.25112
14.36065
15.02073
15.14595
17.47749
16.9422
17.28939
17.90686
17.57442
15.02544
12.44267
11.16904
10.41379
10.41828
11.92984
13.84339
14.4902
13.25506
13.15678
14.02028
13.78298
15.92329
15.09421
15.59365
16.31782
15.93466
14.06196
12.07751
11.07269
9.7778
8.44375
8.931055
11.08307
12.47262
11.92988
11.14689
11.94304
12.24496
14.93141
13.79587
14.57401
15.16758
15.09528
13.3764
11.98743
11.82574
11.0463
9.190874
7.853609
8.832107
10.47026
10.6439
9.914368
10.46577
11.49127
13.2915
13.22694
13.81411
14.54259
14.41788
12.66465
11.19576
11.51577
11.61759
10.34694
8.314077
7.723191
8.826279
9.602827
9.476165
10.14833
12.71039
12.16392
12.13684
12.35307
12.93608
13.53643
12.0963
9.822384
9.738939
10.24817
10.17385
8.905371
7.59002
7.304504
7.765513
8.083879
8.966578
12.13649
12.04363
11.32265
10.79029
11.08315
11.96767
11.72605
9.064939
7.585595
7.977216
8.618425
8.764601
8.160779
7.128722
6.450399
6.471381
7.34806
9.582998
11.55016
11.04515
10.30296
10.18163
10.69891
11.78294
10.62882
7.709526
7.400137
7.864486
8.413151
8.781464
8.33555
6.958621
5.496003
5.727269
6.570121
10.8057
10.67268
10.17945
10.23889
10.48033
11.51837
12.53803
11.13619
9.683566
9.42663
9.198391
9.105267
9.180008
8.605451
6.800505
5.645522
5.952745
10.57576
10.24321
10.31038
10.35751
10.43737
10.68147
11.60808
12.18555
11.22173
10.44354
9.707311
9.050999
9.046895
9.480495
9.039966
7.509744
6.585426
14.80183
14.37089
14.35052
12.95476
11.92199
13.21463
14.74228
15.38381
14.48522
13.06787
12.41258
11.72397
13.23538
17.33539
22.21059
25.0279
24.86571
18.56273
18.51837
19.11369
18.77481
15.7557
13.87603
14.256
15.85939
16.5311
16.83564
15.74144
13.13271
13.05926
15.63847
18.89836
21.45041
23.7602
19.61937
21.86366
23.1034
23.75364
23.05042
20.57891
17.20691
15.94163
16.98386
18.77089
19.95113
18.41499
15.63443
15.80552
17.51
19.41044
21.29087
18.0983
21.32682
23.56098
23.68545
24.22558
24.61933
22.59269
19.00636
17.71259
19.55137
22.05088
22.46105
19.89657
17.80902
18.39761
19.33509
19.56017
16.53895
19.44351
21.67424
20.98912
20.84393
22.60632
23.46102
21.57686
19.17058
19.93385
22.06802
23.5613
22.35708
20.10445
19.91891
20.30122
20.04489
16.53781
18.18588
19.18622
18.2805
17.56744
19.01235
20.86467
21.56394
21.393
21.94383
22.78777
23.24276
22.74149
21.59734
21.00698
20.91797
20.78862
15.41516
16.66772
17.04193
16.11259
15.8119
16.28128
17.83415
20.10831
22.23349
23.39098
23.3097
23.00185
22.6685
21.9222
21.40424
20.96477
20.92991
13.49527
14.93986
15.03522
14.1882
14.13882
14.64918
15.95603
18.38439
20.93902
22.06931
22.35791
22.94661
22.79824
21.64333
20.82627
20.68858
20.49483
12.06776
13.55885
13.80556
13.1544
13.15081
14.04032
15.42371
17.27364
18.86265
19.63739
20.90614
23.17039
24.02097
22.59561
20.71707
20.66858
20.86007
13.05546
13.89415
14.47455
14.41162
14.19823
14.80087
15.80009
17.6537
19.1344
19.53026
20.54391
23.38798
25.4917
24.31521
21.29232
21.26038
22.164
17.68188
19.0877
19.3812
19.05936
18.38741
17.6243
17.09258
17.9543
19.88091
21.02117
21.27726
23.08607
25.39868
24.64416
21.8248
21.4049
22.61408
23.01062
24.61362
25.33754
25.00371
23.62257
21.62874
19.18445
18.1298
19.67932
21.65681
22.35823
22.74278
23.63217
22.90566
21.49865
21.28702
21.8811
23.05103
24.68382
26.20227
26.97473
26.22822
23.68334
20.43044
18.52447
19.04205
20.94659
22.34762
22.30394
21.54411
20.64891
20.31475
20.65291
21.07608
21.715
22.13317
23.66948
25.31705
25.19541
22.46254
19.27876
17.74754
17.93151
19.42235
21.36286
21.78744
20.13574
18.76832
18.81566
19.57205
20.06907
21.17031
20.69825
21.46537
22.87525
22.73676
20.06257
17.0089
15.49224
15.35007
16.46968
18.74271
20.29607
19.22969
17.2324
17.45753
18.31539
18.42508
19.59574
19.23839
19.86613
20.78524
20.67194
18.3705
15.58588
13.59505
12.44577
12.77589
14.90784
17.34614
17.98545
16.33134
16.30054
17.39611
17.03169
17.79569
17.20467
18.00137
18.96942
18.76351
17.06238
15.16231
13.72398
11.72055
10.24176
11.33185
14.07929
15.71065
14.93098
14.02336
15.09122
15.41586
16.59306
15.69699
16.72692
17.53133
17.55947
15.97117
14.80561
14.64991
13.36518
10.85056
9.561568
11.18655
13.21564
13.29876
12.4011
13.21348
14.46463
14.89306
14.9325
15.69253
16.6034
16.68858
14.98604
13.58689
14.16949
14.26356
12.44309
9.875219
9.522121
11.08871
11.91144
11.62976
12.43781
15.57414
13.81415
13.81178
14.07228
14.86022
15.77726
14.48902
12.00725
11.94377
12.75303
12.69508
10.99147
9.352024
9.169294
9.768007
10.0745
11.11354
14.97455
13.74666
13.09421
12.59359
13.02749
14.22024
14.31214
11.5899
9.712714
10.11571
11.12095
11.42104
10.6125
9.24605
8.343233
8.362057
9.486485
12.39278
13.26504
12.88985
12.24591
12.20935
12.89832
14.2964
13.38221
10.30233
9.67273
10.11986
10.93687
11.53904
10.99335
9.125953
7.376277
7.873683
9.0686
12.54202
12.50573
12.15837
12.30545
12.57088
13.75161
14.99615
13.77335
12.26017
11.88639
11.65819
11.75
11.97048
11.07139
8.799838
7.725147
8.240909
12.41528
12.09645
12.26083
12.39564
12.46306
12.66675
13.64404
14.41267
13.7042
13.07737
12.31487
11.59263
11.71575
12.14419
11.40733
9.60082
8.582784
17.05203
16.00117
14.36112
12.97129
11.92582
13.21614
14.74388
15.38532
14.4898
13.07979
12.43017
11.74373
13.35944
18.01931
23.87983
27.29347
27.398
21.13208
20.95594
21.46117
20.66121
15.96686
13.90308
14.26048
15.87102
16.5473
16.84892
15.75865
13.25736
13.49492
16.42385
19.9889
23.05706
25.87351
21.7505
24.68957
26.68737
27.15335
25.89383
22.89065
17.98619
16.06319
17.02983
18.95988
20.49187
19.28712
16.59789
17.2761
19.0206
20.98265
23.11374
19.92142
23.75357
26.72035
27.32771
28.04554
28.13356
25.48242
20.89755
18.83352
20.94442
24.0132
24.71435
21.74307
19.76437
20.48139
21.29316
21.50789
18.57025
21.87623
24.58993
24.27238
24.06831
25.75227
26.74907
24.58725
21.66183
22.45557
24.7088
26.19915
24.85785
22.27853
22.0976
22.48237
22.25227
18.75212
20.72293
21.85295
20.94466
20.10125
21.40001
23.40672
24.2442
24.05314
24.71964
25.68944
26.12766
25.60252
24.14738
23.30907
23.1487
23.0774
17.61681
19.15247
19.52412
18.37802
17.88347
18.10539
19.62531
22.23232
24.79286
26.29262
26.30357
25.98772
25.60678
24.6531
23.85943
23.21909
23.15432
15.57912
17.22251
17.30565
16.20329
15.91665
16.21425
17.37181
19.9919
22.92091
24.28236
24.71759
25.57118
25.57437
24.30152
23.2284
22.90301
22.58391
13.9248
15.50947
15.82514
15.07487
14.82615
15.46122
16.61093
18.39336
20.08348
20.99517
22.61847
25.50073
26.8725
25.51322
23.276
23.05502
23.10984
14.74623
15.49818
16.13136
16.15606
15.89212
16.22112
16.8611
18.63118
20.28152
20.84097
22.15524
25.69842
28.55335
27.54755
24.08614
23.89658
24.83252
19.66212
20.94638
21.11572
20.7645
20.14584
19.35756
18.46764
19.04666
21.27156
22.81763
23.39986
25.66001
28.55859
27.88068
24.68607
24.14939
25.49197
25.34883
26.90752
27.51995
27.11098
25.76577
23.78326
21.04863
19.48345
21.16603
23.76767
25.01398
25.73661
26.80304
25.97453
24.37232
24.09135
24.83472
25.39896
27.06321
28.63766
29.54444
28.90699
26.29152
22.6567
20.24141
20.6993
23.17127
25.23438
25.57111
24.7822
23.6792
23.27663
23.62224
24.07386
23.82988
24.33035
26.04323
27.94182
28.02086
25.35266
21.78651
19.71685
19.81218
21.74274
24.37666
25.22546
23.46902
21.84593
21.88606
22.72967
23.19582
23.12512
22.76407
23.76555
25.44201
25.47765
22.94209
19.69064
17.57828
17.17199
18.67061
21.63808
23.75889
22.64451
20.31297
20.5909
21.55318
21.54685
21.37607
21.23586
22.16399
23.36297
23.34193
21.11565
18.38814
16.00895
14.20948
14.60602
17.41823
20.51029
21.38476
19.4455
19.4071
20.62539
20.08786
19.31836
19.05902
20.2423
21.48767
21.3409
19.56819
17.82962
16.36708
13.77281
11.77054
13.32759
16.79732
18.81388
17.91603
16.86207
18.07962
18.39237
17.92767
17.33841
18.73726
19.85094
19.95857
18.28823
17.24258
17.32899
15.8525
12.61967
11.11224
13.36778
15.87984
15.92994
14.81192
15.78095
17.26118
16.26815
16.43484
17.44895
18.66434
19.02973
17.31687
15.79963
16.6254
16.87478
14.66859
11.51943
11.31394
13.35901
14.24107
13.81054
14.69774
18.30475
15.2413
15.33121
15.73448
16.80338
18.08159
17.00179
14.311
14.18371
15.2275
15.19941
13.16473
11.24667
11.19296
11.91493
12.20921
13.38635
17.8524
15.1407
14.63937
14.31118
14.96868
16.42194
16.82239
14.18394
12.12194
12.48094
13.6472
14.03802
13.07912
11.49388
10.43222
10.40565
11.80302
15.36373
14.65704
14.4202
13.98235
14.1183
14.9566
16.54116
15.81394
12.72351
12.01061
12.47186
13.42916
14.19146
13.67201
11.52026
9.488026
10.23245
11.77282
13.99168
14.03125
13.84956
14.14096
14.47807
15.73009
17.06362
15.92015
14.43414
14.0926
13.91046
14.17731
14.65808
13.63771
11.01897
10.04823
10.77853
13.96678
13.66763
13.91668
14.16391
14.29491
14.5082
15.46531
16.23168
15.61683
15.10654
14.36834
13.7292
14.17982
14.73402
13.74678
11.75274
10.75182
19.32222
18.3903
15.92165
13.55663
11.95352
13.22088
14.74451
15.38532
14.49107
13.08363
12.43681
11.75096
13.40531
18.331
24.77418
28.63408
28.94651
23.31558
23.43729
24.26296
23.64692
17.66035
14.39428
14.27302
15.88018
16.55358
16.85648
15.77388
13.27844
13.56073
16.77349
20.86164
24.24417
27.16602
23.83272
27.27398
29.83801
30.63482
29.39172
25.98181
19.47864
16.07683
17.0564
19.00392
20.58245
19.3597
16.69609
17.45351
19.97539
22.33923
24.77087
21.94764
26.25879
29.63794
30.69803
31.73605
31.50041
28.3121
23.12826
18.87332
21.08149
24.33805
25.82384
22.74586
20.64009
22.11149
23.37155
23.60122
20.63902
24.27301
27.22346
27.13535
27.05281
28.53329
29.16302
26.69065
23.65934
24.14976
27.49124
28.82024
27.30604
24.3357
24.21629
24.54369
24.36276
20.75634
22.88871
24.03632
23.12684
22.35397
23.50878
25.27062
26.07443
26.10086
27.37486
28.70465
29.04377
28.37222
26.46883
25.38616
25.15935
25.14845
19.58281
21.13225
21.4007
20.09872
19.58404
19.6885
20.99722
23.70839
26.73601
28.86281
29.15067
28.88244
28.1854
26.80227
25.74714
25.09341
25.13813
17.56599
19.10465
19.05223
17.71984
17.2915
17.56213
18.57508
21.09311
24.23954
25.93007
26.71918
27.85998
27.8913
26.47033
25.07827
24.61868
24.35084
16.03244
17.32204
17.46475
16.59448
16.17772
16.64394
17.5992
19.18778
20.87259
21.96942
24.02016
27.44381
29.29396
28.07989
25.50266
25.06161
25.03724
17.15193
17.54447
17.88049
17.77962
17.40602
17.49307
17.81813
19.40719
21.19064
22.00574
23.64009
27.70882
31.2309
30.48694
26.67515
26.24587
27.18916
22.22704
23.34628
23.22934
22.63066
21.89749
21.05963
19.89738
20.0862
22.39957
24.38069
25.34187
27.94429
31.2907
30.7506
27.33101
26.65854
28.0929
27.90356
29.35583
29.82423
29.31824
27.95768
25.92547
22.9635
20.86334
22.34564
25.38409
27.14686
28.21155
29.4148
28.51791
26.90078
26.6584
27.45539
27.77461
29.31438
30.87552
31.91699
31.44578
28.82215
24.85559
21.94903
22.08998
24.77838
27.33527
28.01527
27.25427
26.01658
25.71354
26.2114
26.73312
26.02209
26.40537
28.17699
30.26543
30.56622
28.07182
24.27516
21.68994
21.49967
23.56698
26.62544
27.76519
25.91828
24.11913
24.29096
25.37727
25.88522
25.14702
24.79347
25.92793
27.8194
28.01471
25.6491
22.36739
19.79191
18.92102
20.54531
23.96445
26.4871
25.3053
22.6435
23.02875
24.19487
24.1151
23.16448
23.1977
24.38194
25.84336
25.94576
23.80168
21.21066
18.6908
16.1862
16.20829
19.52163
23.14535
24.231
21.96994
21.85806
23.21563
22.50164
21.00406
20.9558
22.43227
23.92384
23.95379
22.18314
20.59344
19.40106
16.5303
13.62043
15.02526
19.17432
21.51801
20.47258
19.18438
20.50478
20.75608
19.65822
19.21512
20.80876
22.123
22.4338
20.84796
19.80433
20.1913
18.90551
15.24071
12.97434
15.379
18.33522
18.28459
16.86094
17.87817
19.52584
17.97905
18.28643
19.42939
20.78949
21.40281
19.86377
18.20122
19.0451
19.58393
17.46056
13.82449
13.237
15.56596
16.45949
15.81366
16.67433
20.58044
16.77822
17.0338
17.59461
18.85427
20.34684
19.51615
16.84829
16.51371
17.61161
17.83239
15.84859
13.60907
13.41454
14.156
14.37103
15.58974
20.48366
16.52516
16.15831
16.03214
16.91288
18.50707
19.06219
16.61068
14.57661
14.88454
16.12252
16.74823
15.86151
14.10485
12.81474
12.60514
14.18834
18.22641
15.98374
15.84362
15.57635
15.9067
16.86886
18.50833
17.89032
14.91553
14.26735
14.78483
15.85485
16.82741
16.48271
14.22298
11.78081
12.66288
14.43089
15.35148
15.4356
15.37813
15.81221
16.24724
17.52048
18.83271
17.73879
16.38945
16.16764
16.03709
16.45452
17.25262
16.35443
13.46052
12.46367
13.32092
15.39276
15.10477
15.40713
15.7706
16.00219
16.24966
17.14786
17.84892
17.33947
17.01775
16.32333
15.67993
16.3982
17.27022
16.20309
13.98745
12.91736
20.81506
20.08874
17.9898
16.17913
14.32448
15.00277
15.68656
15.41859
14.49353
13.08665
12.44233
11.76222
13.42651
18.3883
24.88013
28.73857
29.01295
24.92133
25.32033
26.46297
26.26708
20.7707
17.80181
17.21059
17.15175
16.61249
16.86856
15.78946
13.30432
13.598
16.83145
20.92226
24.30515
27.23191
25.50315
29.27139
32.20347
33.27752
32.53784
29.7908
23.39785
18.98808
18.12217
19.03095
20.65649
19.47478
16.80533
17.53502
20.07392
22.47778
25.04633
23.55995
28.24624
32.01893
33.30538
34.65281
34.76613
31.6337
25.98314
20.9744
21.85703
25.03355
27.28694
24.83313
21.59499
22.38838
23.71691
24.27621
22.16233
26.08186
29.30187
29.45021
29.60373
31.17302
31.72694
28.92489
25.60682
25.85781
30.06478
31.77495
29.81952
25.30791
24.98069
25.76996
25.65287
22.24551
24.53417
25.83525
25.06002
24.52654
25.75672
27.31745
27.85296
27.94733
29.81609
31.71619
32.08191
30.96723
28.33643
26.80958
26.72997
26.68579
21.16425
22.75994
23.12113
21.87035
21.47643
21.64921
22.8128
25.29742
28.43196
30.99578
31.81934
31.91619
30.90976
28.91761
27.38099
26.7111
26.84704
19.44248
20.90019
20.84892
19.51622
19.04034
19.32554
20.32043
22.52091
25.3111
27.02306
28.23629
29.77285
30.04735
28.54302
26.71946
26.26103
25.90219
18.18383
19.33814
19.38016
18.54474
18.11686
18.39239
19.09383
20.36895
21.77192
22.81647
25.12591
28.99732
31.44961
30.48399
27.52732
26.82158
26.7282
19.35596
19.6895
19.9468
19.79311
19.38541
19.32408
19.36675
20.6825
22.43387
23.41135
25.241
29.64067
33.73582
33.31263
29.20744
28.41399
29.39592
24.27555
25.36599
25.20846
24.52615
23.74386
22.93277
21.69179
21.58421
23.81397
26.10773
27.39183
30.19884
33.81641
33.43509
29.91312
29.04962
30.5342
29.86569
31.20204
31.58228
31.09771
29.85107
27.89291
24.87098
22.49625
23.75813
27.01509
29.14309
30.42684
31.69736
30.76325
29.20726
29.01248
29.87025
29.62169
30.98258
32.48924
33.67702
33.4502
31.01246
26.95748
23.73581
23.64044
26.37606
29.19321
30.09764
29.35921
28.00968
27.74235
28.45699
29.12637
27.63386
27.94544
29.79457
32.10435
32.66127
30.43064
26.67209
23.789
23.26079
25.31517
28.61451
29.98726
28.08384
26.08271
26.25325
27.5764
28.22295
26.61216
26.32273
27.63905
29.81526
30.25173
28.12386
24.93289
22.28201
20.94152
22.26448
25.98178
28.82235
27.72649
24.79318
25.11813
26.42898
26.30728
24.70485
24.81095
26.21865
27.95695
28.28121
26.40371
23.8747
21.48977
18.73308
17.9665
21.25259
25.37931
26.74018
24.34549
24.03808
25.45793
24.56674
22.72777
22.70121
24.36567
26.05
26.32138
24.79594
23.21383
22.17496
19.49027
16.14011
16.80423
21.17862
23.92403
22.85662
21.31543
22.65493
22.88972
21.45135
21.07198
22.77129
24.20725
24.65727
23.27871
22.24509
22.64347
21.59836
18.08009
15.36871
17.33632
20.5859
20.55575
18.83517
19.79088
21.62335
19.72581
20.12545
21.3315
22.73239
23.42088
22.0522
20.42079
21.17051
21.86246
20.03038
16.50678
15.57887
17.81228
18.75163
17.9268
18.65539
22.79609
18.41125
18.75947
19.35751
20.67694
22.20419
21.44793
18.93797
18.63109
19.71145
20.10304
18.43347
16.34863
16.01455
16.63772
16.80687
18.01682
23.26715
18.02271
17.79713
17.75727
18.69473
20.28016
20.81655
18.43053
16.51588
16.87949
18.19061
19.0242
18.44518
16.83792
15.47202
15.17089
16.90958
21.32364
17.40289
17.43486
17.31294
17.71264
18.68005
20.26457
19.6065
16.67864
16.13597
16.75794
17.93598
19.12101
19.04955
17.00224
14.55189
15.54151
17.45342
16.72121
16.99049
17.1124
17.65185
18.11405
19.33941
20.54255
19.38689
18.14122
18.06114
17.98717
18.4787
19.47659
18.86439
16.09876
15.13983
16.08387
16.72839
16.61119
17.06216
17.58357
17.8935
18.11576
18.90925
19.47857
18.98946
18.8266
18.23425
17.56961
18.33428
19.42422
18.50613
16.28566
15.22646
21.82217
21.06931
19.03475
17.49899
16.02553
17.09141
18.46449
18.72734
16.98882
14.50799
12.62454
11.78013
13.44451
18.41611
24.92255
28.77003
29.03387
25.98272
26.36747
27.6107
27.67196
22.46771
19.90302
19.9348
20.45783
19.73597
18.80899
16.77597
13.47111
13.64029
16.87435
20.95744
24.34076
27.26682
26.64488
30.40018
33.45441
34.72679
34.19653
31.76821
25.70501
21.51256
20.53624
20.9282
21.74288
20.03668
17.01041
17.61714
20.14667
22.54691
25.11502
24.81403
29.49346
33.36769
34.74771
36.24456
36.57502
33.58221
27.90612
22.6919
23.43052
26.29959
28.59109
26.2087
22.21633
22.51903
23.87992
24.41548
23.62517
27.52359
30.75342
30.9054
31.13932
32.84171
33.45836
30.58532
27.05457
27.27688
31.71349
33.2431
31.06859
25.97745
25.19943
26.06717
25.98821
23.85735
26.15397
27.4306
26.59715
26.10247
27.37834
28.87875
29.30938
29.29002
31.14227
33.37402
34.15447
32.91865
29.30833
27.05479
27.08134
27.06685
22.87992
24.54432
24.87949
23.57357
23.12898
23.26553
24.34829
26.71416
29.81382
32.30938
33.22345
33.79258
33.04025
30.70527
28.17377
26.96281
27.25751
21.25801
22.79217
22.7031
21.32647
20.81678
21.03176
21.96854
24.00714
26.50952
27.93118
29.14575
31.0189
31.66611
30.44395
28.14305
26.50614
26.35061
20.01526
21.20253
21.19348
20.33557
19.90699
20.06186
20.53831
21.55214
22.77357
23.75581
26.15333
30.28561
33.12566
32.50278
29.44982
28.38712
27.71123
21.01804
21.28558
21.45082
21.21928
20.74096
20.6345
20.61068
21.77803
23.52303
24.70925
26.79205
31.44223
35.93398
35.92513
31.76895
30.60626
31.8116
25.58004
26.73613
26.49968
25.73945
24.92588
24.12942
22.90336
22.77621
25.03452
27.60503
29.2639
32.36766
36.23508
36.11128
32.72151
31.78603
33.37455
31.01326
32.39392
32.71205
32.28099
31.20758
29.38188
26.31452
23.82957
25.08054
28.50251
30.99791
32.60868
33.98548
33.09209
31.8111
31.85196
32.83165
30.67569
32.00113
33.54763
34.9445
35.01025
32.84434
28.79102
25.35406
25.17198
27.95337
31.01628
32.1996
31.50367
30.10221
30.03017
31.09003
32.05177
28.56881
28.86958
30.8505
33.42773
34.29628
32.37291
28.71328
25.67781
25.00689
26.98564
30.47933
32.08515
30.22556
28.16523
28.43076
30.01125
30.9747
27.54813
27.26284
28.72807
31.16083
31.88073
30.07257
26.99359
24.2847
22.87653
23.9515
27.70426
30.82685
29.92516
26.99259
27.35813
28.82206
28.82449
25.73007
25.82046
27.3669
29.32218
29.88475
28.34068
25.88841
23.44138
20.75308
19.80858
22.84044
27.20952
28.8988
26.60613
26.27338
27.79442
26.91909
23.86644
23.81158
25.58697
27.43115
27.88132
26.59876
25.03092
23.91774
21.36754
18.13733
18.62044
22.85736
25.92944
25.00719
23.40746
24.77986
25.14386
22.72441
22.34548
24.07325
25.53592
25.98282
24.76732
23.81113
24.14507
23.20533
19.93527
17.35548
19.17012
22.50788
22.61693
20.78006
21.63549
23.6933
21.11297
21.51887
22.64532
23.89555
24.49228
23.21207
21.72207
22.52047
23.30886
21.70565
18.48549
17.72353
19.96291
20.92974
20.11278
20.71906
25.04314
19.80194
20.17955
20.69739
21.8954
23.29083
22.46968
20.01761
19.83189
20.99828
21.53046
20.11338
18.35279
18.2582
18.92182
19.19367
20.50802
26.09164
19.38554
19.26857
19.26029
20.14073
21.57637
21.97166
19.52866
17.65683
18.08278
19.48771
20.47065
20.1465
18.8886
17.72643
17.55779
19.61148
24.38054
18.76007
18.9684
18.95578
19.3587
20.23133
21.65777
20.838
17.82444
17.33319
18.06417
19.30704
20.5944
20.76057
19.02462
16.9385
18.27214
20.38873
18.06186
18.52738
18.80874
19.39614
19.82126
20.91955
21.91038
20.56268
19.3169
19.36427
19.36262
19.85858
20.92514
20.49668
17.96151
17.19067
18.311
17.97602
18.05881
18.66626
19.31541
19.6548
19.7916
20.38313
20.70879
20.11079
20.01809
19.55368
18.96502
19.72019
20.84964
20.01589
17.8459
16.92487
22.88942
22.05958
19.96674
18.64027
17.41688
18.46775
19.81001
20.26407
18.72065
16.47866
14.99311
13.79532
14.97867
19.46267
25.45598
28.96761
29.05986
27.16883
27.34549
28.51034
28.7498
23.78385
21.28822
21.31179
21.82388
21.09885
20.19982
18.36884
15.33652
15.28203
18.36936
22.17086
25.39841
27.45837
27.87955
31.49579
34.48537
35.85418
35.44324
33.14519
27.13769
22.81297
21.64288
21.93283
22.80091
21.21226
18.67829
19.4068
21.32055
23.79351
26.13818
26.03543
30.7463
34.59296
35.97665
37.50147
37.92398
35.00994
29.19583
23.68586
24.232
27.13732
29.53016
27.415
23.80235
23.73912
24.76395
25.62681
24.81436
28.83143
32.08363
32.23125
32.44206
34.18204
34.85547
31.88939
28.08945
28.09611
32.48448
33.987
31.98651
27.1631
26.13825
26.60928
26.88913
24.96161
27.40921
28.74188
27.95794
27.46381
28.70585
30.19086
30.55967
30.41805
32.12341
34.19958
34.87069
33.85889
30.57285
27.98137
27.77967
27.43488
23.90603
25.69735
26.1736
24.97677
24.52282
24.56043
25.5834
27.93739
31.03978
33.44518
34.07713
34.42397
33.82124
31.84916
29.27583
27.62356
27.52812
22.26382
23.9152
24.02318
22.73644
22.1963
22.31112
23.1581
25.13486
27.59537
28.87835
29.88111
31.71671
32.45542
31.49712
29.35704
27.27914
26.70302
21.04685
22.39071
22.50808
21.68469
21.21469
21.20745
21.48911
22.38685
23.58179
24.56645
27.04393
31.32152
34.37262
33.95974
31.09476
29.85283
28.67833
21.9825
22.3881
22.56826
22.39259
21.91079
21.75163
21.64527
22.65912
24.35737
25.63811
27.93438
32.83153
37.60668
37.79148
33.8208
32.58702
33.81123
26.40808
27.63788
27.44952
26.73682
26.05545
25.40882
24.23958
23.94878
26.04094
28.67006
30.60673
34.02275
38.10932
38.06361
34.86711
34.10849
35.80254
31.91565
33.25441
33.47562
33.11868
32.31346
30.79003
27.91159
25.29725
26.29514
29.69945
32.429
34.37775
35.90657
34.98336
33.89131
34.25272
35.49021
31.60603
32.73006
34.21474
35.74116
36.08631
34.26627
30.46047
26.98933
26.59065
29.3162
32.55747
34.02057
33.43185
31.99188
32.0783
33.40365
34.68876
29.40795
29.5575
31.55029
34.23911
35.34158
33.74058
30.32457
27.2921
26.52318
28.42627
32.05422
33.92123
32.18737
30.1331
30.53614
32.30821
33.52757
28.45724
28.06647
29.51101
32.01717
32.90791
31.35155
28.4962
25.76477
24.36794
25.40589
29.16107
32.56203
31.91082
29.08677
29.59502
31.20116
31.28547
26.78296
26.76879
28.26777
30.2701
30.92399
29.55797
27.2743
24.75986
22.1171
21.22996
24.23828
28.7664
30.79141
28.71844
28.52992
30.17444
29.36399
25.02335
24.8983
26.64538
28.48798
28.90686
27.666
26.24292
25.10637
22.64297
19.57208
20.1201
24.34701
27.66383
26.99066
25.52926
26.99274
27.55727
23.98696
23.58761
25.25365
26.60506
26.85359
25.56978
24.73321
25.17223
24.35585
21.32495
18.96819
20.90022
24.34371
24.61179
22.86963
23.67015
25.91952
22.44777
22.83961
23.83664
24.88067
25.3031
23.93043
22.42469
23.32215
24.26079
22.85003
19.8481
19.32483
21.79164
22.91659
22.30025
22.88235
27.37195
21.11457
21.51351
21.92096
22.99327
24.27224
23.32607
20.7647
20.59282
21.85971
22.50008
21.20243
19.59426
19.75212
20.66075
21.21401
22.83367
28.86559
20.62079
20.62712
20.62876
21.43836
22.73277
22.97178
20.39134
18.4428
18.90216
20.39512
21.45484
21.20829
20.16733
19.25863
19.37211
21.96987
27.28071
19.93457
20.34385
20.40109
20.75718
21.51398
22.77683
21.77828
18.61428
18.11213
18.94898
20.2608
21.5558
21.8063
20.22834
18.43659
20.23177
22.68929
19.15964
19.8692
20.26881
20.82776
21.17725
22.1411
22.92371
21.36489
20.03455
20.13744
20.23542
20.79405
21.89109
21.47013
19.01247
18.39156
19.75142
18.95029
19.29651
20.05624
20.74814
21.04757
21.08487
21.48424
21.57532
20.82238
20.70917
20.32596
19.87313
20.68779
21.79435
20.97907
18.79443
17.97474
23.58743
22.53878
20.51942
19.44012
18.71379
20.0343
21.2192
21.38893
19.7915
17.55886
15.89664
14.43459
15.51692
20.30824
26.5903
30.23555
30.21318
28.06381
27.85743
28.90082
29.31112
24.80383
22.76236
22.93496
23.22093
22.23095
21.21509
19.23834
15.92297
15.68448
18.85828
22.86146
26.45949
29.24967
28.89565
32.11219
34.85568
36.29613
36.25054
34.42814
28.77055
24.39674
22.92081
22.9725
23.72169
21.88828
19.09186
19.75628
21.83364
24.61566
27.62518
27.04526
31.45611
35.02267
36.39526
38.14075
38.95745
36.46684
30.79923
25.06798
25.34208
28.13528
30.34056
27.94941
24.15903
24.17548
25.49513
26.70638
25.74394
29.61981
32.56312
32.63513
32.96733
34.95563
36.0479
33.37638
29.54558
29.33082
33.5705
34.91329
32.68032
27.65596
26.63785
27.30701
27.58678
25.75697
28.24552
29.30459
28.36609
27.95483
29.31411
31.11165
31.83377
31.80419
33.42721
35.34634
35.88817
34.75916
31.33817
28.65031
28.43109
28.08521
24.61173
26.53199
26.83452
25.4801
25.06773
25.15497
26.31067
28.98449
32.36979
34.78121
35.21127
35.3989
34.73947
32.70733
30.02697
28.31036
28.33751
22.97251
24.73361
24.79442
23.43886
22.89367
22.99608
23.88174
26.0568
28.7595
30.12527
30.96163
32.6152
33.34653
32.43504
30.26186
28.12093
27.59476
21.85126
23.25649
23.45583
22.60213
22.03304
21.92276
22.21282
23.26467
24.67346
25.72295
28.14307
32.36034
35.46614
35.18936
32.38434
31.0762
29.87123
22.8061
23.25516
23.56672
23.32822
22.5977
22.30803
22.30611
23.49891
25.36118
26.74571
29.11922
34.06626
38.94992
39.24685
35.32236
34.09917
35.41378
27.14783
28.38627
28.31204
27.47773
26.59535
25.89868
24.82468
24.73853
26.98401
29.69938
31.81605
35.40182
39.62567
39.59811
36.42918
35.75871
37.55801
32.6951
34.01698
34.20185
33.75925
32.93415
31.37438
28.51498
26.04728
27.17517
30.62563
33.58758
35.7957
37.45475
36.46729
35.48213
36.00416
37.27652
32.44991
33.48692
34.90139
36.45272
36.8025
34.96453
31.11964
27.69681
27.36134
30.14548
33.61509
35.37349
34.91371
33.39693
33.66813
35.24284
36.54717
30.18889
30.32528
32.30474
34.98682
36.09649
34.47638
31.0126
27.9712
27.21749
29.2079
32.99426
35.13469
33.55395
31.49961
32.10382
34.19663
35.44677
29.21404
28.91413
30.35233
32.83815
33.71433
32.09797
29.21243
26.43599
25.01793
26.1641
30.01659
33.5972
33.16042
30.43842
31.13699
33.07716
33.16687
27.59666
27.70124
29.23465
31.20943
31.79892
30.333
28.00415
25.41429
22.75491
21.99798
25.13443
29.75039
31.95647
30.02272
30.00101
31.90675
31.16885
25.9127
25.92757
27.74335
29.55332
29.82959
28.42617
26.9046
25.69029
23.21387
20.27674
21.03129
25.4301
28.89326
28.35292
26.9924
28.57663
29.26587
24.91773
24.70704
26.44587
27.71624
27.75858
26.31941
25.36399
25.7124
24.86694
21.91231
19.71789
21.88548
25.5478
26.00869
24.44712
25.2388
27.49848
23.35157
23.94549
25.01753
25.9707
26.26764
24.81048
23.18777
23.97497
24.86381
23.4291
20.45505
20.019
22.63233
23.9805
23.7254
24.43555
29.00607
21.9337
22.52388
23.0661
24.19157
25.39775
24.32323
21.63804
21.35875
22.54399
23.12048
21.79876
20.20642
20.42692
21.53575
22.36509
24.22802
30.67941
21.35897
21.56626
21.76866
22.72726
23.99449
24.07323
21.33997
19.26949
19.61457
21.03521
22.0731
21.83295
20.83907
20.0257
20.28492
23.29093
29.08213
20.64571
21.25396
21.50246
22.03826
22.8688
24.03053
22.84542
19.50824
18.87002
19.62261
20.89223
22.19386
22.49683
20.97957
19.25996
21.27621
24.02119
19.86466
20.76436
21.33573
22.04345
22.53629
23.5225
24.15156
22.37557
20.88458
20.88271
20.9005
21.45943
22.65408
22.31671
19.85874
19.21435
20.62197
19.63471
20.14958
21.04919
21.88683
22.33247
22.47844
22.83659
22.75103
21.82574
21.60453
21.13283
20.6588
21.53773
22.70238
21.93179
19.66
18.73149
24.22369
23.15951
20.95997
19.89934
19.31978
20.80454
22.02776
22.06842
20.38895
18.31683
16.90202
15.36512
16.20067
20.78538
27.06541
30.78514
30.73933
28.62435
28.50642
29.3671
29.64881
25.1582
23.31704
23.78631
24.07914
22.91701
21.8322
20.08189
16.86475
16.48924
19.44335
23.30208
26.94805
29.77067
29.32043
32.72869
35.38634
36.64357
36.52711
34.79226
29.49813
25.3352
23.75129
23.60197
24.39098
22.74766
19.98693
20.50816
22.41145
25.218
28.22327
27.34295
31.98074
35.58408
36.8205
38.44007
39.22591
36.97395
31.69466
26.02442
26.07324
28.74728
31.06151
28.84652
25.03123
24.85809
26.14564
27.36323
25.99625
30.07384
33.11524
33.13371
33.33004
35.19444
36.36975
34.11816
30.59402
30.26725
34.27692
35.59503
33.53069
28.59994
27.48758
28.04063
28.27259
26.03783
28.66667
29.8505
28.9157
28.37941
29.57248
31.35117
32.3562
32.79261
34.52913
36.2683
36.71359
35.61261
32.36501
29.74661
29.32469
28.7689
24.97607
26.96221
27.39636
26.07739
25.56807
25.52644
26.60238
29.38832
33.19006
35.89835
36.28242
36.39996
35.68521
33.74905
31.16887
29.28577
29.05764
23.47186
25.22501
25.40646
24.12498
23.56053
23.57568
24.28416
26.41197
29.33648
31.1269
32.18965
33.70631
34.23427
33.36347
31.33608
29.1421
28.45969
22.5323
23.89561
24.18701
23.48384
22.98113
22.7153
22.67468
23.54565
25.03592
26.52927
29.35901
33.44466
36.31719
36.11647
33.52464
32.25864
31.0328
23.49062
24.00486
24.44756
24.45793
23.65164
22.97338
22.67093
23.72885
25.65106
27.34783
30.17688
35.23621
39.97232
40.27948
36.53258
35.42678
36.80738
27.58668
29.02892
29.18756
28.4966
27.41951
26.48377
25.21016
25.02063
27.30038
30.15036
32.70275
36.61927
40.82226
40.70905
37.63501
37.14549
39.04187
33.05233
34.50521
34.81782
34.42733
33.72298
32.09683
29.00258
26.36515
27.48444
31.01785
34.33774
36.94593
38.71845
37.60701
36.64619
37.36849
38.79547
32.88128
33.95943
35.3251
37.01208
37.59023
35.77787
31.70362
28.08132
27.65878
30.48317
34.19787
36.39271
36.15321
34.54501
34.80661
36.59014
38.11555
30.50557
30.71751
32.69934
35.49557
36.79797
35.29684
31.65782
28.44626
27.53983
29.54874
33.49316
36.02874
34.72832
32.67943
33.272
35.56477
37.06685
29.501
29.32719
30.79357
33.31428
34.31364
32.88253
29.91067
26.96383
25.37022
26.51948
30.49033
34.35113
34.2432
31.66474
32.39386
34.47948
34.77143
27.96014
28.18673
29.75487
31.71794
32.38104
31.11023
28.76403
25.96574
23.12529
22.32151
25.56343
30.39345
32.96632
31.31181
31.3623
33.31447
32.69431
26.37318
26.52474
28.40044
30.19963
30.4881
29.22168
27.72407
26.30612
23.63538
20.58438
21.37476
25.95191
29.74931
29.55253
28.38673
30.01041
30.69442
25.43147
25.40569
27.21657
28.44498
28.44249
27.08448
26.22112
26.46176
25.42717
22.3177
20.07425
22.32342
26.20632
26.93497
25.68471
26.66288
28.81908
23.8418
24.62983
25.77024
26.6644
26.91944
25.54838
24.04748
24.83069
25.56374
23.95881
20.88064
20.46117
23.21545
24.76334
24.76109
25.68485
30.27632
22.35407
23.09436
23.75084
24.92083
26.09459
25.05054
22.47053
22.26322
23.37339
23.77872
22.29139
20.68136
21.02879
22.37661
23.39545
25.37784
32.01142
21.74715
22.08573
22.44688
23.50258
24.75278
24.80894
22.1659
20.21101
20.56069
21.84801
22.70593
22.38206
21.46183
20.87206
21.34183
24.49593
30.40556
21.07191
21.81479
22.20584
22.83603
23.68231
24.81384
23.67178
20.44977
19.89104
20.60792
21.72262
22.85934
23.14094
21.81031
20.32881
22.541
25.38562
20.3216
21.37516
22.06068
22.83568
23.35965
24.35456
24.99351
23.2996
21.92987
21.98664
21.91291
22.30122
23.4406
23.27485
21.1276
20.76052
22.09899
20.07107
20.75799
21.73674
22.64355
23.13022
23.31382
23.70059
23.66301
22.84164
22.72176
22.24912
21.69754
22.53618
23.80266
23.33093
21.19409
19.97123
24.2361
23.24781
21.17964
20.29474
19.85084
21.32161
22.5146
22.47512
20.69337
18.63378
17.31537
15.89893
16.88263
21.54244
27.76605
31.56488
31.89244
28.63097
28.55536
29.52247
29.94631
25.57067
23.71446
24.20508
24.55633
23.33858
22.17545
20.46633
17.36541
17.16938
20.19634
23.95606
27.66164
30.87459
29.33407
32.75555
35.49926
36.88353
36.87758
35.17042
29.87259
25.76675
24.23563
23.99737
24.751
23.24286
20.7021
21.38412
23.22715
26.00202
29.16454
27.37086
32.00117
35.65767
37.02342
38.76703
39.59328
37.32348
32.0529
26.4511
26.49221
29.09808
31.48903
29.54791
25.99157
25.8193
27.02178
28.25039
26.05458
30.10814
33.15388
33.28988
33.65093
35.55592
36.69616
34.43248
30.96228
30.67368
34.65774
35.96497
34.12373
29.55777
28.54246
28.96811
29.15069
26.17896
28.74275
29.8886
29.0394
28.69334
29.93072
31.66673
32.65676
33.13144
34.91956
36.67727
37.11341
36.11813
33.25708
30.95268
30.42102
29.68504
25.25301
27.13451
27.49057
26.21614
25.87489
25.91738
26.9539
29.70232
33.53335
36.34493
36.76841
36.8189
36.12871
34.47578
32.32883
30.45347
30.0188
23.89672
25.5982
25.67197
24.36845
23.92032
24.0625
24.7381
26.77613
29.6586
31.58535
32.80526
34.22902
34.69411
33.87519
32.20453
30.16567
29.41351
22.95942
24.45338
24.68306
23.91725
23.48728
23.34373
23.26065
23.99979
25.33961
26.90196
30.02842
34.08495
36.77252
36.45358
34.1303
33.16455
32.0202
23.70874
24.47428
25.0111
25.0481
24.25949
23.54973
23.20487
24.15429
25.94419
27.63349
30.78473
36.0093
40.55198
40.66312
37.03089
36.24195
37.85178
27.67969
29.32124
29.68044
29.0055
27.8056
26.8367
25.578
25.36393
27.62126
30.46485
33.23798
37.49105
41.63207
41.2597
38.10529
37.81165
40.03139
33.16497
34.78086
35.16163
34.7169
34.02343
32.46995
29.36589
26.67186
27.79582
31.33639
34.78254
37.81005
39.75393
38.36294
37.1326
37.88698
39.64176
32.99535
34.21064
35.57454
37.25377
37.9337
36.18685
32.0969
28.40081
27.94379
30.74768
34.54689
37.13256
37.3005
35.53029
35.39043
37.05745
38.85902
30.52978
30.8222
32.88315
35.75407
37.10529
35.6927
32.07433
28.81732
27.85806
29.82902
33.80037
36.59455
35.79894
33.90008
34.08612
36.08675
37.80679
29.53243
29.42779
30.98925
33.56376
34.5918
33.26865
30.36349
27.39476
25.73229
26.85014
30.83062
34.80581
35.11169
32.9951
33.54978
35.21849
35.52327
28.05924
28.37117
30.05388
32.07264
32.74407
31.56209
29.29577
26.45888
23.52221
22.65837
25.91917
30.84496
33.69393
32.55134
32.75155
34.34293
33.47491
26.57079
26.84708
28.85573
30.72057
30.97913
29.74846
28.32444
26.85982
24.08643
20.92886
21.70593
26.39947
30.41867
30.63486
29.81868
31.28094
31.5932
25.70675
25.84029
27.76721
29.03233
28.95223
27.60969
26.82465
27.05802
25.93651
22.71668
20.42528
22.73263
26.83326
27.92824
27.07864
28.14215
29.85767
24.11081
25.06042
26.29124
27.22276
27.44391
26.09059
24.66315
25.46926
26.13213
24.43066
21.27269
20.84328
23.77495
25.67875
26.11921
27.26563
31.48534
22.56564
23.4244
24.21509
25.51545
26.69626
25.62782
23.10427
22.94026
24.00192
24.31299
22.71691
21.089
21.56775
23.22936
24.65992
26.96616
33.54826
21.93462
22.36946
22.8918
24.1315
25.4116
25.41232
22.80352
20.91613
21.23919
22.44402
23.2047
22.85462
22.0182
21.66526
22.5484
26.07845
32.17488
21.27079
22.12696
22.65293
23.46336
24.38886
25.46405
24.30701
21.16013
20.62148
21.27326
22.29809
23.38462
23.70861
22.58063
21.46569
24.1284
27.34926
20.51701
21.72055
22.52274
23.44387
24.07845
25.05521
25.64433
23.99346
22.68554
22.70983
22.53288
22.83029
24.01487
24.08112
22.34078
22.39702
23.93605
20.24523
21.09867
22.20351
23.24081
23.84983
24.04835
24.38265
24.34899
23.59339
23.48808
22.91517
22.23605
23.10433
24.57653
24.46678
22.62283
21.43431
24.2403
23.25061
21.18481
20.30246
19.98514
21.63952
22.94621
22.89406
20.97734
18.79966
17.45453
16.2897
17.74834
22.7089
28.97177
32.80379
33.14836
28.63795
28.56156
29.5267
29.95125
25.6089
23.81531
24.38516
24.90573
23.73072
22.44663
20.58182
17.46301
17.71756
21.18563
25.08188
28.92756
32.305
29.34738
32.76832
35.50961
36.89016
36.90341
35.23939
29.93244
25.8904
24.53958
24.32854
24.94214
23.30028
20.84147
22.01324
24.2857
27.30951
30.62204
27.39983
32.02063
35.67194
37.03453
38.79143
39.64941
37.39373
32.09407
26.55828
26.69463
29.2611
31.56502
29.58768
26.17513
26.47568
28.10321
29.57532
26.12795
30.14855
33.17335
33.30717
33.68745
35.60668
36.74451
34.48008
31.00255
30.73436
34.71465
36.01421
34.1927
29.69916
28.93081
29.74403
30.2652
26.35596
28.85769
29.94321
29.08091
28.75633
30.00837
31.73792
32.72308
33.19117
34.95569
36.69891
37.15635
36.24466
33.54438
31.42816
31.09054
30.6441
25.51737
27.38433
27.66669
26.34174
26.01463
26.08842
27.10694
29.82215
33.62205
36.39746
36.81686
36.89551
36.31168
34.86974
32.84585
31.04735
30.85672
24.12904
25.9315
26.00054
24.64354
24.20165
24.39537
25.02366
26.96491
29.77559
31.662
32.942
34.41096
34.91344
34.22123
32.57434
30.60518
30.07204
23.02481
24.63557
24.97229
24.28313
23.91817
23.81538
23.64786
24.25584
25.48895
26.99673
30.21633
34.29965
36.88527
36.54363
34.326
33.53523
32.59005
23.71018
24.4999
25.13652
25.38367
24.71159
23.9498
23.51621
24.38219
26.10425
27.72865
30.88925
36.1336
40.65597
40.74466
37.1381
36.56685
38.44929
27.68162
29.32784
29.74783
29.22748
28.05204
27.07243
25.78371
25.51974
27.7625
30.58131
33.34705
37.64632
41.80869
41.40404
38.20367
38.02339
40.61621
33.16521
34.79062
35.21283
34.79319
34.13159
32.68029
29.59532
26.82864
27.90877
31.44719
34.88255
37.93997
39.93246
38.54156
37.26724
38.00323
40.12445
32.99614
34.21248
35.58575
37.27212
37.99973
36.37153
32.36464
28.6267
28.08927
30.84286
34.6147
37.20543
37.44227
35.71709
35.55985
37.16793
39.20168
30.53287
30.82401
32.88665
35.77053
37.15015
35.83825
32.36319
29.13406
28.11015
30.0105
33.91234
36.65445
35.88407
34.10835
34.3041
36.24913
38.07648
29.55061
29.4463
31.01947
33.62088
34.68681
33.42762
30.66554
27.78462
26.08771
27.1333
31.03609
34.92183
35.19066
33.23297
33.88659
35.45526
35.75788
28.11613
28.43281
30.14911
32.23413
32.9428
31.78128
29.61232
26.88396
23.93145
22.98828
26.19556
31.0574
33.83474
32.77276
33.19779
34.69373
33.74292
26.69597
26.99176
29.04514
30.97732
31.24394
30.0044
28.63765
27.27891
24.51932
21.27676
21.99517
26.66687
30.62206
30.84134
30.28386
31.80885
31.99147
25.88766
26.06142
28.00821
29.30564
29.20749
27.86319
27.12578
27.45535
26.39255
23.10922
20.73236
22.99427
27.07061
28.15677
27.49554
28.82931
30.39865
24.29219
25.28994
26.50885
27.47619
27.71063
26.37595
24.97785
25.86557
26.61356
24.87664
21.60601
21.0875
23.99595
25.90712
26.45355
27.94481
32.193
22.7172
23.60605
24.40487
25.79045
27.02385
25.96328
23.45541
23.35511
24.49842
24.79945
23.08931
21.3451
21.78319
23.46614
24.95889
27.60367
34.52726
22.07864
22.54739
23.09381
24.43381
25.79039
25.80151
23.21011
21.36294
21.74478
22.96107
23.63947
23.16907
22.25875
21.93048
22.92893
26.75626
33.35102
21.41577
22.34974
22.89462
23.77889
24.80139
25.90688
24.75998
21.64006
21.13349
21.79961
22.77598
23.76274
23.9874
22.87007
21.89025
24.77767
28.42496
20.6422
21.96532
22.80837
23.77812
24.49286
25.53658
26.13174
24.5001
23.21948
23.25824
23.0418
23.23988
24.32382
24.37786
22.74614
22.94459
24.75807
20.35314
21.31441
22.50344
23.60203
24.26444
24.53976
24.89623
24.87852
24.15033
24.06164
23.45112
22.66022
23.43517
24.87551
24.78106
23.08192
22.20117
24.24551
23.25628
21.19023
20.30797
19.99072
21.67781
23.08503
23.16658
21.26466
18.97968
17.53256
16.30676
17.79065
22.81332
29.14881
33.15567
33.97645
28.64783
28.57046
29.53301
29.95604
25.61376
23.82633
24.42302
25.07434
24.04764
22.73451
20.73221
17.49703
17.73675
21.26715
25.24113
29.25566
33.17787
29.36864
32.78709
35.5209
36.8956
36.90923
35.25392
29.94887
25.94291
24.73178
24.63071
25.15343
23.37494
20.85458
22.06691
24.46933
27.68809
31.55071
27.44483
32.05468
35.68925
37.04369
38.80224
39.66552
37.42001
32.10821
26.61384
26.8537
29.43142
31.65076
29.61132
26.19928
26.58195
28.44088
30.56354
26.21011
30.21031
33.20879
33.33195
33.71494
35.63601
36.76865
34.51019
31.02324
30.77345
34.76043
36.04634
34.21655
29.74313
29.01677
30.10601
31.4436
26.49481
28.97421
30.03199
29.16539
28.8408
30.08164
31.79504
32.76698
33.23201
34.98034
36.70488
37.15676
36.25535
33.62603
31.603
31.61262
31.97097
25.68322
27.55573
27.83792
26.52231
26.2099
26.27113
27.25008
29.92146
33.68949
36.42223
36.828
36.90565
36.31824
34.96811
33.15781
31.6961
32.08016
24.25642
26.07906
26.15293
24.8345
24.44778
24.67729
25.2736
27.14193
29.89775
31.71108
32.98701
34.48753
34.98874
34.44778
33.05007
31.15913
30.9554
23.06219
24.66336
24.99423
24.35907
24.09026
24.05869
23.91287
24.49438
25.66541
27.07911
30.27398
34.43082
37.07038
36.8471
34.71455
33.89793
33.17049
23.72212
24.50093
25.13654
25.39626
24.77489
24.04163
23.6389
24.52926
26.24088
27.79046
30.90082
36.20676
40.70814
40.79005
37.29669
36.92208
38.93108
27.69662
29.3294
29.74756
29.22789
28.05689
27.07861
25.79588
25.54342
27.80059
30.60985
33.35587
37.6726
41.8875
41.48019
38.26668
38.20217
40.9352
33.17813
34.79262
35.21271
34.79319
34.13192
32.68707
29.61322
26.84908
27.92584
31.46075
34.8881
37.94974
39.97414
38.58914
37.34766
38.05449
40.2588
33.01588
34.21668
35.58698
37.27451
38.00819
36.39022
32.39032
28.66689
28.14346
30.88512
34.62938
37.20653
37.44757
35.73526
35.60904
37.21579
39.29546
30.55886
30.83762
32.89751
35.78795
37.17765
35.86648
32.3922
29.18772
28.20888
30.13471
33.99009
36.67506
35.88534
34.12272
34.325
36.26333
38.11291
29.61614
29.49873
31.06301
33.6742
34.74366
33.47404
30.70346
27.84169
26.20669
27.33068
31.22627
35.02196
35.21443
33.25101
33.92509
35.47745
35.76962
28.23478
28.55672
30.25597
32.33496
33.02015
31.84254
29.66162
26.9421
24.04037
23.17902
26.45186
31.2769
33.93724
32.81121
33.26036
34.74549
33.75927
26.85712
27.20113
29.22542
31.09815
31.31558
30.06856
28.69393
27.33785
24.61264
21.4262
22.22912
26.93819
30.82055
30.93366
30.35221
31.89093
32.03753
26.03652
26.31145
28.22765
29.41463
29.26607
27.92916
27.18998
27.52077
26.48533
23.26386
20.95058
23.25869
27.31824
28.31326
27.5617
28.90035
30.45213
24.38266
25.49421
26.70114
27.57995
27.78557
26.46316
25.06625
25.9559
26.73169
25.05934
21.84308
21.34245
24.23255
26.07983
26.51251
27.9752
32.23047
22.77017
23.7225
24.538
25.91174
27.13118
26.07534
23.57874
23.48484
24.65544
25.01497
23.35821
21.62476
22.03372
23.66318
25.05976
27.65914
34.62292
22.12023
22.63675
23.21341
24.57736
25.9267
25.94004
23.36504
21.53202
21.92902
23.19868
23.94929
23.50781
22.5773
22.20722
23.14335
26.90203
33.50984
21.44902
22.44591
23.03393
23.9364
24.96921
26.07768
24.93488
21.83497
21.33484
22.03937
23.09133
24.1289
24.3507
23.20649
22.17053
24.98281
28.60945
20.66467
22.03695
22.93744
23.93902
24.67615
25.74775
26.32922
24.71222
23.44067
23.50104
23.33362
23.58425
24.68238
24.7057
23.01864
23.18435
24.98563
20.37165
21.35324
22.58678
23.74303
24.44853
24.79259
25.14148
25.11878
24.40207
24.32096
23.74046
22.99501
23.79679
25.19264
25.01671
23.30776
22.4674
24.25212
23.26457
21.20017
20.31736
19.99928
21.6922
23.11654
23.23444
21.37533
19.08963
17.60476
16.33319
17.80079
22.81969
29.15031
33.15542
34.02369
28.65855
28.58002
29.54039
29.96441
25.62389
23.84265
24.44739
25.10706
24.11719
22.8344
20.81349
17.5295
17.74644
21.27158
25.24371
29.25611
33.21922
29.39252
32.80882
35.53493
36.90541
36.92399
35.27769
29.97348
25.96458
24.76216
24.6938
25.21748
23.40818
20.86424
22.07257
24.48168
27.69511
31.57223
27.49103
32.09134
35.71065
37.05832
38.82669
39.6986
37.44781
32.13097
26.63999
26.88772
29.46543
31.66974
29.61909
26.20899
26.60802
28.46491
30.56928
26.29482
30.27198
33.24984
33.36903
33.76904
35.69419
36.81605
34.54421
31.05086
30.8008
34.77485
36.05296
34.2188
29.75808
29.08051
30.15664
31.47607
26.64766
29.0887
30.11801
29.25719
28.95434
30.20182
31.89318
32.83682
33.28075
35.00969
36.71531
37.16256
36.25589
33.64769
31.73992
31.74963
32.11821
25.8693
27.72849
27.98521
26.66372
26.38765
26.45483
27.39791
30.02345
33.75688
36.45304
36.83722
36.91859
36.31958
34.99789
33.37106
31.98738
32.51812
24.41862
26.24657
26.28081
24.94009
24.55673
24.78716
25.37299
27.2171
29.95122
31.7366
32.9988
34.51448
35.00324
34.50084
33.28275
31.47865
31.70903
23.11857
24.71574
25.02485
24.37466
24.0967
24.06503
23.92897
24.51942
25.68894
27.09157
30.28029
34.4556
37.09052
36.88103
34.79098
34.09298
33.77362
23.73519
24.50605
25.13717
25.39626
24.77489
24.04163
23.63982
24.53424
26.24835
27.79482
30.90119
36.21899
40.73056
40.80057
37.30047
36.94826
39.14151
27.71599
29.33665
29.74862
29.22775
28.05689
27.0798
25.80257
25.55172
27.807
30.61322
33.35631
37.67552
41.92543
41.55001
38.31161
38.23148
40.9877
33.19427
34.79946
35.2147
34.79377
34.13351
32.69683
29.62885
26.86308
27.93442
31.46865
34.89165
37.94971
39.99489
38.63168
37.38843
38.1042
40.29182
33.03885
34.22794
35.59438
37.28293
38.02324
36.41497
32.4172
28.68932
28.16164
30.90282
34.64128
37.20846
37.45304
35.76166
35.63973
37.26001
39.33496
30.59077
30.86104
32.91874
35.81899
37.22824
35.90996
32.42551
29.21777
28.23822
30.16647
34.01994
36.68923
35.88671
34.13098
34.3471
36.28399
38.12648
29.7018
29.55757
31.11796
33.75331
34.83375
33.53136
30.73997
27.87616
26.23829
27.36802
31.28351
35.07033
35.23309
33.25999
33.96711
35.50833
35.77149
28.38431
28.67443
30.37203
32.4745
33.13476
31.90975
29.70477
26.98
24.07056
23.20785
26.51381
31.36076
33.99582
32.8315
33.30695
34.79256
33.76416
27.03186
27.38123
29.39792
31.27133
31.42873
30.14165
28.74336
27.37962
24.6476
21.45638
22.27304
27.02447
30.91115
30.98228
30.39202
31.93117
32.04545
26.15686
26.4855
28.41588
29.59225
29.38116
28.00891
27.24864
27.56841
26.52878
23.3043
20.99234
23.32932
27.41176
28.38512
27.59348
28.9118
30.45339
24.4294
25.60175
26.84624
27.74719
27.91787
26.56719
25.14341
26.01605
26.78677
25.10707
21.89367
21.41135
24.32053
26.16273
26.54533
27.98161
32.23947
22.79714
23.78312
24.63669
26.05887
27.30616
26.21489
23.67721
23.55419
24.71853
25.07285
23.42592
21.7184
22.15651
23.79373
25.13453
27.70537
34.68549
22.14257
22.69109
23.30758
24.71352
26.11713
26.1205
23.49471
21.60656
21.99278
23.26411
24.0366
23.63935
22.76283
22.42407
23.31142
27.02047
33.62997
21.4617
22.49278
23.13178
24.05878
25.13315
26.27951
25.10528
21.9282
21.40448
22.10621
23.1785
24.26589
24.54919
23.46814
22.42887
25.15925
28.75628
20.67489
22.06311
22.99949
24.03012
24.78879
25.92821
26.53339
24.84949
23.53091
23.58019
23.41103
23.68784
24.83941
24.92326
23.27732
23.41535
25.17853
20.38586
21.36885
22.61557
23.79436
24.51641
24.92082
25.34434
25.3096
24.52963
24.42599
23.83202
23.0894
23.92531
25.36649
25.2033
23.51878
22.65946
24.2648
23.27385
21.21043
20.3276
20.00971
21.71017
23.15328
23.29274
21.43963
19.14906
17.65207
16.35706
17.81514
22.8314
29.15348
33.15517
34.02339
28.67656
28.59395
29.55076
29.97549
25.63536
23.85981
24.47039
25.14017
24.1617
22.8852
20.8546
17.54945
17.75718
21.28066
25.25137
29.25908
33.21938
29.42685
32.83862
35.55392
36.91822
36.94016
35.30124
29.99862
25.98895
24.79468
24.73539
25.25318
23.42925
20.87142
22.07856
24.50718
27.71368
31.57544
27.55108
32.13844
35.74077
37.07832
38.85191
39.73124
37.48097
32.16101
26.67105
26.92368
29.49536
31.68591
29.62236
26.21284
26.63897
28.50019
30.57835
26.38542
30.34038
33.29915
33.40634
33.81533
35.75076
36.87086
34.58599
31.08007
30.82485
34.78884
36.05791
34.2192
29.76017
29.11337
30.20079
31.49302
26.78854
29.194
30.19582
29.32357
29.03317
30.2946
31.9747
32.89151
33.31383
35.02604
36.71908
37.16288
36.25597
33.64786
31.77366
31.80993
32.21074
26.03397
27.86561
28.08371
26.74335
26.48841
26.56551
27.48076
30.06771
33.77517
36.4566
36.83734
36.91859
36.31958
34.99789
33.38471
32.02846
32.72303
24.55463
26.35147
26.33812
24.98382
24.6125
24.84376
25.40527
27.22738
29.95201
31.73661
32.9988
34.51448
35.00324
34.50084
33.28481
31.47993
31.82173
23.16146
24.73377
25.02983
24.37971
24.10203
24.06694
23.93031
24.51986
25.68933
27.09158
30.28022
34.45557
37.09046
36.881
34.7909
34.09293
33.77753
23.74136
24.50699
25.13722
25.39626
24.77489
24.04163
23.64058
24.53678
26.25113
27.79538
30.90116
36.21896
40.73052
40.8005
37.3004
36.9483
39.14201
27.72868
29.34001
29.74868
29.22774
28.05692
27.08125
25.80975
25.55958
27.8112
30.6148
33.35653
37.6755
41.9254
41.54996
38.31158
38.23142
40.98894
33.21271
34.80687
35.21587
34.79417
34.13618
32.71024
29.65342
26.87906
27.94081
31.47462
34.89444
37.95008
39.99487
38.63163
37.38837
38.10415
40.29175
33.06921
34.24144
35.60067
37.29087
38.03893
36.45156
32.46356
28.71794
28.17923
30.92216
34.65463
37.21346
37.45358
35.76161
35.6398
37.26011
39.33492
30.63546
30.88601
32.94152
35.84821
37.27111
35.97681
32.48979
29.25702
28.26848
30.20061
34.05427
36.71055
35.89301
34.13197
34.34809
36.28497
38.12651
29.79615
29.62264
31.1771
33.81436
34.91244
33.6227
30.81705
27.92488
26.27111
27.4049
31.33153
35.11349
35.25718
33.26838
33.97161
35.51192
35.77195
28.53802
28.80295
30.48592
32.5705
33.23906
32.0166
29.79617
27.03957
24.10746
23.24216
26.56116
31.41401
34.04018
32.8543
33.31497
34.79855
33.76533
27.20647
27.55618
29.55851
31.3929
31.53271
30.24491
28.84387
27.44754
24.69297
21.4954
22.31335
27.07336
30.95889
31.01443
30.40377
31.93946
32.04688
26.27386
26.63528
28.57317
29.72293
29.49099
28.11305
27.36424
27.65241
26.59056
23.35487
21.03777
23.37105
27.4568
28.42535
27.61235
28.91986
30.4548
24.48314
25.67896
26.94886
27.87957
28.04866
26.70295
25.28143
26.12801
26.869
25.17126
21.94679
21.45657
24.36939
26.21566
26.57856
27.99795
32.25256
22.83599
23.82768
24.70529
26.17664
27.47406
26.38559
23.83862
23.69683
24.82329
25.14939
23.48695
21.77098
22.21588
23.87325
25.20235
27.75273
34.73654
22.17915
22.73616
23.38022
24.81922
26.27899
26.30801
23.68411
21.78187
22.11284
23.35256
24.10698
23.69817
22.82503
22.52654
23.44369
27.12601
33.72354
21.48892
22.53143
23.20127
24.16266
25.25499
26.45375
25.30731
22.12992
21.55207
22.21139
23.25675
24.32764
24.59908
23.54544
22.58229
25.32556
28.89415
20.69797
22.08747
23.04084
24.11276
24.87958
26.05511
26.71766
25.06239
23.71729
23.71807
23.51107
23.76489
24.89407
24.96912
23.36814
23.59463
25.36881
20.41102
21.38783
22.63862
23.84331
24.58297
25.00875
25.4834
25.50779
24.74131
24.6087
23.97485
23.20374
24.00803
25.42809
25.25573
23.63575
22.83322
24.28431
23.28956
21.22475
20.34063
20.02198
21.72281
23.17643
23.33651
21.49256
19.19757
17.69175
16.37749
17.82935
22.84304
29.1571
33.15511
34.02317
28.70274
28.61711
29.57057
29.99265
25.64998
23.87402
24.48478
25.16772
24.20377
22.93139
20.89002
17.56367
17.76294
21.2868
25.25467
29.25954
33.21923
29.47468
32.87951
35.58182
36.93846
36.95966
35.32195
30.01666
26.00945
24.82671
24.77439
25.28323
23.43992
20.8726
22.07985
24.50934
27.71443
31.57529
27.633
32.19556
35.78043
37.10729
38.87885
39.75851
37.50618
32.18666
26.7002
26.95633
29.51899
31.692
29.62258
26.21284
26.63897
28.50022
30.57821
26.49551
30.4164
33.35511
33.44672
33.85583
35.79055
36.90499
34.61713
31.10508
30.84491
34.79599
36.05884
34.2192
29.76017
29.11337
30.2008
31.49316
26.94708
29.30014
30.26973
29.3768
29.08298
30.3414
32.01313
32.92493
33.34161
35.04095
36.72176
37.16288
36.25597
33.64786
31.77356
31.80983
32.21087
26.217
27.99086
28.15993
26.78528
26.52269
26.59644
27.50926
30.09457
33.79387
36.46106
36.83735
36.91859
36.31958
34.99789
33.38471
32.02834
32.72283
24.69089
26.42992
26.36483
24.99229
24.61591
24.84769
25.41408
27.23835
29.95622
31.73692
32.9988
34.51448
35.00324
34.50084
33.28481
31.47993
31.82155
23.1895
24.73598
25.02983
24.37971
24.10203
24.06694
23.93144
24.52395
25.69232
27.09201
30.28019
34.45555
37.09042
36.88102
34.79092
34.09291
33.7774
23.74457
24.50716
25.13722
25.39626
24.77489
24.04163
23.64202
24.54427
26.25628
27.79597
30.90116
36.21894
40.73048
40.80044
37.30037
36.94827
39.14194
27.73803
29.34184
29.74871
29.22776
28.05692
27.08146
25.81555
25.5712
27.81688
30.61546
33.35652
37.6755
41.92538
41.54992
38.31155
38.23139
40.98888
33.23203
34.81221
35.21653
34.79433
34.13689
32.71709
29.67286
26.8993
27.94888
31.47679
34.89508
37.95013
39.99485
38.63161
37.38834
38.1041
40.29169
33.10106
34.25308
35.60654
37.29781
38.05109
36.47672
32.5037
28.75321
28.19957
30.93458
34.66243
37.21632
37.45388
35.76158
35.63977
37.26007
39.33487
30.68365
30.9147
32.96853
35.88026
37.31438
36.02576
32.54458
29.30219
28.3018
30.23171
34.08057
36.72599
35.89742
34.13268
34.3487
36.28509
38.12648
29.90522
29.70184
31.24848
33.88561
34.98866
33.69744
30.88497
27.97724
26.30912
27.43986
31.37102
35.15167
35.27555
33.27399
33.97611
35.51338
35.77191
28.71793
28.9547
30.61249
32.67385
33.33168
32.11238
29.87998
27.10102
24.15032
23.27392
26.59784
31.46021
34.0774
32.87172
33.32528
34.8013
33.76529
27.41952
27.75146
29.71626
31.50877
31.61864
30.35239
28.93745
27.51629
24.74206
21.5342
22.34827
27.11421
31.00119
31.04478
30.41815
31.94297
32.04689
26.42941
26.7973
28.71604
29.83398
29.59256
28.2255
27.47232
27.74026
26.65785
23.40846
21.08374
23.41159
27.49833
28.46571
27.63764
28.92816
30.45687
24.56598
25.7789
27.05058
27.9923
28.17351
26.83995
25.41891
26.24674
26.95981
25.24501
22.00582
21.50204
24.4121
26.26735
26.62136
28.02257
32.2689
22.90865
23.91281
24.79746
26.27962
27.6159
26.5461
24.00048
23.84137
24.93832
25.24083
23.56134
21.82992
22.26542
23.93149
25.27405
27.81811
34.79084
22.25551
22.83667
23.48274
24.90566
26.40499
26.47764
23.86568
21.94986
22.24183
23.45193
24.19091
23.77094
22.88606
22.58833
23.54038
27.2332
33.81836
21.54692
22.61676
23.2868
24.23054
25.33984
26.60166
25.49372
22.32017
21.70601
22.32125
23.34473
24.40564
24.66539
23.60399
22.65908
25.44214
29.01481
20.73018
22.1285
23.08168
24.15451
24.93371
26.15944
26.87969
25.26743
23.90273
23.85527
23.61217
23.85271
24.9756
25.03888
23.42396
23.67369
25.48099
20.43446
21.41355
22.66494
23.87217
24.62196
25.0807
25.59495
25.69252
24.94919
24.78105
24.11202
23.31796
24.11341
25.52383
25.33815
23.68734
22.89198
