 1
 1
 1
 1
 1
 1
 1
 1
 1
 1
 1
 1
 1
 1
 0
 0
 0
 1
 1
 1
 1
 1
 1
 1
 1
 1
 1
 1
 1
 1
 1
 0
 0
 0
 1
 1
 1
 1
 1
 1
 1
 1
 1
 1
 1
 1
 1
 1
 1
 0
 0
 1
 1
 1
 1
 1
 1
 1
 1
 1
 1
 1
 1
 1
 1
 1
 1
 0
 1
 1
 1
 1
 1
 1
 1
 1
 1
 1
 1
 1
 1
 1
 1
 1
 1
 1
 1
 1
 1
 1
 1
 1
 1
 1
 1
 1
 1
 1
 1
 1
 1
 1
 1
 1
 1
 1
 1
 1
 1
 1
 1
 1
 1
 1
 1
 1
 1
 1
 1
 1
 1
 1
 1
 1
 1
 1
 1
 1
 1
 1
 1
 1
 1
 1
 1
 1
 1
 1
 1
 1
 1
 1
 1
 1
 1
 1
 1
 1
 1
 1
 1
 1
 1
 1
 1
 1
 1
 1
 1
 1
 1
 1
 1
 1
 1
 1
 1
 1
 1
 1
 0
 1
 1
 1
 1
 1
 1
 1
 1
 1
 1
 1
 1
 1
 1
 1
 1
 1
 1
 1
 1
 1
 1
 1
 1
 1
 1
 1
 1
 1
 1
 1
 1
 1
 1
 1
 1
 1
 1
 1
 1
 1
 1
 1
 1
 1
 1
 1
 1
 1
 1
 1
 1
 1
 1
 1
 1
 1
 1
 1
 1
 1
 1
 1
 1
 1
 1
 1
 1
 1
 1
 1
 1
 1
 1
 1
 1
 1
 1
 1
 1
 1
 1
 1
 1
 1
 1
 1
 1
 1
 1
 1
 1
 1
 1
 1
 1
 1
 1
 1
 1
 1
 1
 1
 1
 1
 1
 1
 1
 1
 1
 1
 1
 1
 1
 1
 1
 1
 1
 1
 1
 1
 1
 1
 1
 1
 1
 1
 1
 1
 1
 1
 1
 1
 1
 1
 1
 1
 1
 1
 1
 1
 1
 1
 1
 1
 1
 1
 1
 1
 1
 1
 1
 1
 1
 1
 1
 1
 1
 1
 1
 1
 1
 1
 1
 1
 1
 1
 1
 1
 1
 1
 1
 1
 1
 1
 1
 1
 1
 1
 1
 1
 1
 1
 1
 1
 1
 1
 1
 1
 1
 1
 1
 1
 1
 1
 1
 1
 1
 1
 1
 1
 1
 1
 1
 1
 1
 1
 1
 1
 1
 1
 1
 1
 1
 1
 1
 1
 1
 1
 1
 1
 1
 1
 1
 1
 1
 1
 1
 1
 1
 1
 1
 1
 1
 1
 1
 1
0.8514618
0.8425317
0.8334027
0.5558341
0.5610023
0.8361152
0.840146
0.8418528
0.8105589
0.7756186
0.7365056
0.4338214
0.3833387
0.3289135
0.2694435
0.2049114
0.1948959
0.5997623
0.5921147
0.8542334
0.8476009
0.5757085
0.8436872
0.5706608
0.5667197
0.5349241
0.7697673
0.7298829
0.4275434
0.3837116
0.3369116
0.4959375
0.232965
0.2238879
0.6149007
0.6076908
0.6003584
0.8621864
0.855399
0.8485209
0.5711945
0.5639445
0.5333614
0.5011944
0.4672732
0.4312593
0.3931682
0.3531115
0.3106583
0.2654416
0.2539836
0.8779873
0.6027696
0.595329
0.8574361
0.8517883
0.8461356
0.8404512
0.8347524
0.8076856
0.7773382
0.743973
0.4460051
0.4122668
0.6211598
0.5716717
0.5166631
0.2847364
0.6051334
0.5977588
0.8596855
0.8524753
0.8480112
0.8436148
0.839258
0.8349288
0.5408701
0.5152025
0.4883709
0.7236126
0.6887712
0.6507722
0.6092788
0.5638779
0.5361487
0.8689373
0.5926417
0.8547711
0.8473899
0.5738021
0.8410026
0.8380113
0.8350897
0.8150869
0.7917422
0.766487
0.739274
0.7099677
0.6782724
0.3946131
0.3660488
0.5762144
0.8641805
0.5874385
0.8497775
0.8422331
0.8400165
0.838274
0.836659
0.8351287
0.8184203
0.7983577
0.7768888
0.7540773
0.7297051
0.7036796
0.6759856
0.3964927
0.3712218
0.8593491
0.8521323
0.8446736
0.8369812
0.8357226
0.835333
0.8351204
0.834963
0.8213264
0.8044749
0.7868024
0.7681898
0.7483541
0.7274805
0.7055961
0.682563
0.398416
0.8626952
0.8591497
0.8559442
0.8530639
0.8511452
0.8491167
0.8468692
0.8443183
0.8327315
0.818522
0.5332989
0.5183893
0.5050122
0.4921207
0.4792889
0.4663885
0.4426695
0.8720978
0.8734535
0.875173
0.8772166
0.873314
0.8678597
0.5927181
0.8558782
0.8453577
0.5625539
0.5497168
0.536627
0.5274895
0.5196271
0.5120119
0.5045742
0.4840808
7.493817e-05
0.6196898
0.6265381
0.6336412
0.8939976
0.8856575
0.6085953
0.5981302
0.5875429
0.5767685
0.565539
0.5542269
0.5488366
0.5456499
0.5428486
0.5402554
0.5227984
0.6220884
0.6335048
0.6450524
0.9185435
0.6502956
0.6376531
0.6242533
0.6101126
0.5995709
0.5904073
0.5809632
0.5712238
0.5690171
0.5702799
0.5718426
0.5736167
0.5590014
0.6303833
0.6464498
0.6624213
0.6781559
0.6717091
0.6560494
0.6394956
0.6221475
0.6113536
0.6037223
0.5959552
0.5876097
0.5883113
0.5936456
0.5991567
0.6048054
0.5928767
0.6379834
0.6573858
0.6761425
0.6940941
0.9436957
0.6702855
0.652866
0.6353912
0.6258599
0.6204518
0.6151147
0.6092052
0.6119473
0.6195624
0.627111
0.6345446
0.6222516
0.622226
0.6423989
0.6618408
0.6802402
0.9374195
0.6700675
0.6608374
0.6519747
0.6469592
0.6441211
0.6414915
0.6387191
0.6419455
0.6490588
0.6561645
0.663097
0.6475711
0.6058414
0.6267681
0.6467902
0.6656942
0.9304339
0.669375
0.6681899
0.6675262
0.6670572
0.666559
0.6662271
0.6660421
0.6700077
0.6766918
0.6833718
0.6898813
0.6717788
0.5888315
0.6103984
0.6310751
0.9133829
0.6619517
0.6682442
0.6750046
0.682161
0.6862383
0.6879506
0.6897382
0.6916274
0.6962235
0.7026107
0.708869
0.7149956
0.6948794
0.8415913
0.5935324
0.8822983
0.9001651
0.9145771
0.6666146
0.6812651
0.6958787
0.7044803
0.7082087
0.7119591
0.7157507
0.7208706
0.7269013
0.7327814
0.7385464
0.7169175
0.8236884
0.8463359
0.8670977
0.8862461
0.641313
0.664445
0.6869448
0.7087091
0.7218012
0.727332
0.7328619
0.7383813
0.7440158
0.7496713
0.755199
0.7606046
0.737931
0.8077089
0.8326347
0.8555698
0.6086637
0.6359085
0.6677927
0.6979697
0.7264211
0.7463504
0.7586585
0.7709053
0.7830414
0.785657
0.7786664
0.770882
0.7623206
0.7334558
0.7945634
0.8221442
0.847402
0.6018562
0.6336156
0.6737255
0.7107856
0.7449984
0.7713265
0.7902631
0.8084501
0.8258524
0.8258163
0.8067562
0.7857666
0.7626783
0.7268691
0.7806781
0.8110872
0.8388147
0.8640456
0.6306534
0.6790401
0.7227309
0.7622576
0.7941207
0.818597
0.8414384
0.8627049
0.8614195
0.8329109
0.8004705
0.7635264
0.7200781
0.76599
0.7994893
0.5590887
0.8571584
0.8930187
0.6836488
0.7338491
0.7782872
0.8149453
0.8440452
0.8705209
0.8945947
0.8930347
0.8572604
0.8150117
0.7649178
0.7131974
0.7504533
0.5175269
0.5495363
0.5798715
0.8890135
0.9435287
0.7441455
0.7932056
0.8339873
0.8669325
0.8962488
0.9222805
0.9211121
0.8799222
0.8293423
0.766864
0.7061632
1.63973
1.58475
1.512116
1.15127
1.072653
1.289567
1.267711
1.258052
1.21507
1.187321
1.157156
0.825883
0.7620924
0.7216842
0.6090906
0.4455435
0.3612113
1.39398
1.334863
1.532366
1.449853
1.08073
1.270958
0.9572194
0.9408615
0.9082673
1.161662
1.145086
0.8355708
0.8099841
0.7680617
0.860883
0.5128907
0.431528
1.394572
1.351767
1.255283
1.4209
1.338939
1.264955
0.9347227
0.9045599
0.8858169
0.8922703
0.9091461
0.8954799
0.8675038
0.8401875
0.7688733
0.6274047
0.4918464
1.608607
1.305707
1.204219
1.353176
1.281515
1.227152
1.17692
1.146027
1.135319
1.159555
1.195254
0.9436817
0.9294059
1.142882
1.080289
0.9329681
0.5525356
1.287264
1.23725
1.401559
1.290941
1.225189
1.18512
1.150695
1.124225
0.8494593
0.883144
0.9240597
1.226332
1.233311
1.211092
1.156107
1.005749
0.8393005
1.489131
1.163517
1.333383
1.245835
0.9267164
1.16153
1.143409
1.14056
1.152236
1.183315
1.217225
1.26591
1.302281
1.305616
0.9964601
0.8466362
0.9226774
1.38364
1.080287
1.272647
1.206991
1.184164
1.164075
1.158379
1.179756
1.208473
1.237212
1.278372
1.338467
1.373467
1.362634
1.301022
0.9105422
0.753693
1.265723
1.263319
1.217694
1.176646
1.174942
1.176017
1.178935
1.209448
1.254437
1.30791
1.389176
1.464736
1.472508
1.422096
1.34693
1.221628
0.7974833
1.19736
1.21788
1.219392
1.210142
1.209608
1.222079
1.249069
1.303053
1.36974
1.441497
1.266203
1.33971
1.330225
1.230452
1.117705
1.015845
0.8539079
1.231511
1.269618
1.297641
1.311732
1.317204
1.347881
1.139328
1.488272
1.565138
1.338216
1.374035
1.41204
1.388399
1.252292
1.101879
1.011482
0.8752975
0.4192311
1.093642
1.134846
1.177722
1.480261
1.522549
1.299109
1.355117
1.424823
1.455956
1.433032
1.403267
1.346279
1.206068
1.072316
0.9723718
0.846624
1.081056
1.159274
1.233421
1.566922
1.360312
1.395098
1.402276
1.410706
1.447177
1.470736
1.431633
1.347086
1.251253
1.132333
1.04259
0.947096
0.8170359
1.094473
1.195005
1.30179
1.388432
1.423777
1.425105
1.416166
1.413745
1.41964
1.419417
1.378391
1.28217
1.173401
1.07639
1.000245
0.9178462
0.7996255
1.105394
1.219135
1.332743
1.408237
1.654256
1.357786
1.347036
1.354178
1.353274
1.337761
1.301556
1.222085
1.115537
1.034923
0.9634838
0.8825272
0.7748364
1.108619
1.212292
1.307452
1.351324
1.564828
1.253975
1.247026
1.247218
1.235817
1.223386
1.210484
1.167632
1.083557
0.9963877
0.9309065
0.8513445
0.7501871
1.07166
1.164478
1.229735
1.238312
1.441265
1.14799
1.152457
1.141419
1.115869
1.094303
1.096465
1.093925
1.03958
0.9486383
0.8854399
0.82626
0.7447034
0.967259
1.056749
1.100778
1.349668
1.045462
1.041813
1.060757
1.056504
1.035991
1.007117
0.9930173
1.000921
0.9761606
0.9087895
0.8515294
0.8145922
0.7598332
1.141491
0.9309122
1.231743
1.219952
1.202517
0.9507673
0.972857
0.9817578
0.9733313
0.9514101
0.9284125
0.9210641
0.9170983
0.8846974
0.8432599
0.8230919
0.7850487
1.039974
1.078644
1.107467
1.116283
0.8586805
0.8712724
0.8924459
0.9120371
0.9097689
0.8930691
0.8794369
0.8717204
0.874501
0.8672216
0.849134
0.8475208
0.8308998
0.9471503
0.9781973
1.007148
0.7634831
0.7852602
0.8060412
0.8298627
0.8547828
0.8604879
0.8575314
0.8611426
0.8681667
0.867893
0.8601292
0.8523946
0.8488771
0.8404702
0.8852407
0.9139533
0.9415277
0.7008113
0.7297681
0.7631273
0.7947142
0.8217245
0.8360652
0.8456625
0.8608814
0.8785493
0.8783841
0.8616644
0.8477199
0.8337765
0.8120273
0.8455716
0.8762318
0.9039741
0.930898
0.6981546
0.7448881
0.7873281
0.8186883
0.840249
0.8561479
0.8753142
0.8981884
0.8993489
0.8733248
0.8454975
0.8196631
0.7863174
0.8195722
0.8529078
0.6126014
0.911876
0.9479399
0.7402227
0.7937812
0.8342175
0.8607814
0.8807033
0.9009265
0.9242046
0.9253366
0.8921362
0.8531668
0.813132
0.7722426
0.799306
0.5664216
0.5980171
0.6288097
0.9379877
0.9947278
0.801683
0.8530176
0.8848321
0.9079027
0.9309632
0.9535386
0.951391
0.9110135
0.862845
0.8054239
0.7492804
3.445559
3.379307
3.308004
2.901984
2.709202
2.851519
2.832421
2.835496
2.774655
2.741789
2.712209
2.31017
2.202345
2.271826
2.273579
2.028693
1.768961
3.235204
3.190464
3.387146
3.299786
2.840949
2.900709
2.523057
2.507576
2.476573
2.750394
2.766463
2.417288
2.39107
2.427634
2.559327
2.132847
1.949864
3.126837
3.160704
3.067649
3.204151
3.098604
2.97606
2.589908
2.51055
2.476592
2.520734
2.619821
2.623781
2.548855
2.502959
2.446233
2.28698
2.04629
3.176249
2.962079
2.890406
2.983953
2.904375
2.880843
2.837366
2.758997
2.718358
2.801663
2.934568
2.721154
2.65023
2.788167
2.720556
2.564913
2.065162
2.814862
2.814752
2.988276
2.834873
2.766306
2.776778
2.783978
2.72957
2.421566
2.503767
2.615498
2.950059
2.908176
2.814831
2.736702
2.542798
2.28563
3.021641
2.741879
2.911638
2.806911
2.515954
2.771871
2.764507
2.748457
2.749677
2.805941
2.861066
2.909523
2.910559
2.867552
2.514144
2.284882
2.287823
2.809145
2.607466
2.839678
2.772092
2.791338
2.784586
2.760365
2.782545
2.830033
2.854837
2.881571
2.937955
2.950078
2.887145
2.763263
2.280785
2.052337
2.568265
2.70951
2.735541
2.693412
2.714862
2.747246
2.757542
2.80275
2.879465
2.932634
3.008945
3.098819
3.087347
2.957054
2.781913
2.565725
2.075279
2.541108
2.661334
2.729918
2.72991
2.742457
2.821194
2.916721
3.02391
3.121194
3.157238
2.946573
3.035094
3.01463
2.817364
2.554817
2.347824
2.139464
2.768241
2.874484
2.961342
3.017777
3.052493
3.140881
2.993414
3.37719
3.466539
3.178654
3.105989
3.107621
3.076748
2.848189
2.518365
2.296434
2.132117
2.098022
2.906278
3.04337
3.143474
3.461957
3.494822
3.23712
3.239088
3.281343
3.277912
3.147045
3.019197
2.928092
2.706376
2.415059
2.179635
2.011425
2.84685
3.054135
3.243863
3.623128
3.413383
3.385079
3.272804
3.143083
3.103788
3.110292
3.020679
2.841087
2.682034
2.483569
2.27541
2.084696
1.884284
2.857332
3.055377
3.263779
3.39426
3.383856
3.263719
3.096158
2.960268
2.890051
2.864911
2.813372
2.662579
2.482268
2.304628
2.135039
1.985729
1.795133
2.862455
3.038724
3.223419
3.327091
3.4828
3.010229
2.82275
2.73113
2.682217
2.638318
2.611125
2.524056
2.353628
2.183887
2.031577
1.888558
1.707731
2.872067
3.009135
3.137722
3.190742
3.308876
2.813381
2.614901
2.506185
2.42996
2.37615
2.386682
2.387933
2.286033
2.108659
1.967742
1.83119
1.635588
2.689507
2.834995
2.919206
2.925485
3.075761
2.661994
2.514362
2.3952
2.276446
2.147552
2.132247
2.213876
2.217591
2.074
1.927925
1.809905
1.629753
2.41149
2.493492
2.573738
2.842473
2.542477
2.490216
2.414695
2.35246
2.282656
2.139692
2.008364
2.050485
2.114642
2.034154
1.888942
1.793873
1.685079
2.506703
2.244348
2.57356
2.60146
2.594212
2.316074
2.267901
2.254217
2.242854
2.172532
2.035858
1.951719
1.989058
1.982702
1.894265
1.830757
1.781865
2.294068
2.331184
2.388195
2.420671
2.163344
2.138575
2.083847
2.065031
2.063358
2.033164
1.966655
1.875459
1.851099
1.875399
1.850838
1.849646
1.942095
2.060837
2.118427
2.164104
1.930504
1.937887
1.935856
1.900255
1.841023
1.821772
1.820669
1.818586
1.797119
1.744474
1.715803
1.703562
1.723255
1.867652
1.873559
1.911307
1.927175
1.683667
1.69426
1.721565
1.727803
1.665764
1.635776
1.64658
1.679403
1.708974
1.682217
1.619643
1.574448
1.566297
1.620683
1.711844
1.749451
1.75263
1.754101
1.509189
1.552017
1.588287
1.566354
1.552927
1.564666
1.600429
1.646134
1.645754
1.58493
1.509125
1.472923
1.470299
1.586173
1.617509
1.363756
1.641346
1.659243
1.44617
1.50328
1.526077
1.52074
1.541309
1.571845
1.604502
1.607266
1.558726
1.495266
1.452813
1.444241
1.506959
1.258729
1.27911
1.298228
1.590492
1.640768
1.470517
1.53651
1.529294
1.533028
1.562207
1.584668
1.574051
1.531631
1.490404
1.440047
1.385246
5.218666
5.193659
5.206804
4.815856
4.5735
4.744567
4.768324
4.784271
4.702849
4.667475
4.631342
4.107763
3.914086
4.068804
4.156088
3.8806
3.49725
5.222402
5.214159
5.480021
5.456018
4.928883
4.92368
4.52209
4.489079
4.435934
4.742728
4.798424
4.400113
4.368971
4.479033
4.623912
4.122474
3.863314
5.16848
5.330588
5.306805
5.4754
5.348725
5.180005
4.730282
4.552528
4.464206
4.540178
4.731391
4.755522
4.642481
4.599488
4.571677
4.404016
4.067758
5.049674
5.027681
5.080982
5.149138
5.023138
5.006593
4.972281
4.822135
4.713793
4.833815
5.053654
4.874402
4.744308
4.82189
4.785773
4.649287
4.031512
4.520483
4.682771
4.961512
4.763199
4.627945
4.649944
4.725718
4.676813
4.334017
4.455787
4.6227
4.976361
4.886497
4.735554
4.662163
4.446901
4.102046
4.645459
4.480585
4.689335
4.543772
4.21966
4.46874
4.504503
4.528183
4.547261
4.637539
4.70793
4.744623
4.707411
4.637618
4.267596
3.976646
3.915254
4.283875
4.225233
4.497677
4.388809
4.411008
4.406241
4.384017
4.447097
4.549465
4.583946
4.59166
4.619103
4.58465
4.479425
4.327284
3.793926
3.521841
3.892408
4.21052
4.298088
4.222813
4.249028
4.3082
4.322908
4.396535
4.530198
4.590988
4.655807
4.755391
4.706675
4.485364
4.242697
3.99003
3.470137
3.918132
4.131726
4.256558
4.242104
4.245499
4.364298
4.505739
4.673182
4.816075
4.818116
4.607511
4.776431
4.767252
4.44388
4.034574
3.785585
3.566918
4.406372
4.535043
4.638418
4.706043
4.718659
4.808787
4.701017
5.137636
5.275148
4.95255
4.820954
4.889011
4.915765
4.566739
4.02649
3.727993
3.58313
3.972956
4.86581
5.015711
5.102408
5.369258
5.336023
5.013672
4.971546
5.047808
5.064837
4.868381
4.727284
4.671598
4.351833
3.880547
3.533355
3.370716
4.821938
5.118555
5.334402
5.666242
5.39181
5.252196
4.975712
4.702992
4.643495
4.702188
4.605628
4.377103
4.192443
3.907089
3.594548
3.328672
3.095585
4.752626
4.9997
5.246201
5.348842
5.226004
4.924469
4.55522
4.285357
4.176544
4.176364
4.150146
3.970466
3.737546
3.485604
3.25414
3.074252
2.863317
4.665418
4.829483
5.041497
5.126248
5.114569
4.384939
3.992049
3.817121
3.736854
3.689433
3.696749
3.621545
3.400385
3.160108
2.960361
2.805736
2.626752
4.640239
4.730865
4.849768
4.87545
4.802278
4.021863
3.611343
3.406263
3.266835
3.188441
3.242692
3.301822
3.189298
2.937701
2.756794
2.616365
2.420925
4.30377
4.424376
4.49326
4.472381
4.482011
3.840563
3.507519
3.264026
3.017528
2.784377
2.791422
2.973129
3.034892
2.842841
2.650606
2.54502
2.364804
3.923177
3.885592
3.976043
4.244802
3.905681
3.698305
3.467442
3.327987
3.147099
2.826446
2.593117
2.71164
2.870486
2.783
2.58296
2.511701
2.442267
4.03336
3.62623
3.947486
3.981018
3.953001
3.544644
3.343117
3.299193
3.245549
3.051045
2.740498
2.601995
2.71018
2.74122
2.629615
2.598044
2.627959
3.73765
3.714091
3.755622
3.778812
3.500201
3.358413
3.116804
3.048636
3.037323
2.95357
2.763376
2.555622
2.525175
2.602552
2.582772
2.632073
2.933483
3.368483
3.394791
3.409873
3.158696
3.141348
3.075419
2.863149
2.679363
2.634741
2.62238
2.572915
2.471449
2.345293
2.304664
2.300925
2.388524
2.787105
3.075499
3.068588
3.017625
2.738488
2.712683
2.714155
2.606076
2.374803
2.296453
2.2985
2.328244
2.33701
2.249444
2.118758
2.025141
2.051762
2.26726
2.824687
2.830508
2.755531
2.685738
2.386061
2.405671
2.383119
2.221588
2.159657
2.155623
2.196126
2.252249
2.232587
2.103565
1.924813
1.864041
1.924687
2.645951
2.648888
2.332874
2.533633
2.479952
2.234327
2.282397
2.239822
2.158488
2.160158
2.180651
2.203062
2.198267
2.126513
2.001344
1.896668
1.912703
2.545334
2.267298
2.240552
2.204117
2.436774
2.454796
2.3072
2.372444
2.268156
2.202934
2.191285
2.175323
2.146975
2.126823
2.100252
1.993509
1.889498
7.205989
7.220871
7.306301
6.852944
6.503654
6.662082
6.733998
6.809217
6.763018
6.784988
6.784042
6.139152
5.879207
6.21631
6.522617
6.325573
5.859086
7.449972
7.50768
7.865233
7.844688
7.204293
7.114996
6.670179
6.64415
6.639601
7.060971
7.202116
6.75302
6.70962
6.888705
7.062222
6.543986
6.251181
7.552317
7.894634
7.962471
8.098588
7.921951
7.736246
7.195714
6.893268
6.799509
7.009146
7.348681
7.405396
7.256886
7.205566
7.203931
7.048764
6.638628
7.379113
7.646112
7.841354
7.802792
7.610648
7.664599
7.639279
7.378438
7.220051
7.455601
7.824854
7.683223
7.481435
7.508515
7.535121
7.446813
6.748559
6.719195
7.147116
7.537644
7.212988
6.981561
7.10477
7.322251
7.282732
6.918185
7.151595
7.439477
7.818122
7.663652
7.457224
7.420563
7.22792
6.83564
6.73525
6.727835
6.95408
6.692721
6.292037
6.603391
6.799523
6.951819
7.054291
7.272196
7.444611
7.509382
7.449908
7.364403
7.002567
6.681748
6.570387
6.169674
6.225382
6.488236
6.273568
6.25774
6.297348
6.391257
6.633299
6.910278
7.071832
7.161148
7.217099
7.187354
7.084943
6.933186
6.372981
6.063684
5.567854
5.970606
6.052035
5.91095
5.939489
6.072422
6.188091
6.422787
6.747306
6.929743
7.056797
7.210678
7.175884
6.915171
6.642355
6.389818
5.860146
5.524656
5.728042
5.869233
5.848093
5.879673
6.097743
6.375583
6.714857
7.006251
7.058304
6.929429
7.241266
7.274691
6.844627
6.297913
6.041457
5.838929
6.308391
6.386227
6.490306
6.575994
6.579704
6.707648
6.713177
7.304998
7.59321
7.315781
7.19333
7.389627
7.506572
7.024399
6.216992
5.845688
5.756596
6.265695
7.258944
7.416222
7.480308
7.671492
7.564589
7.200239
7.179548
7.390059
7.506097
7.286028
7.17853
7.189779
6.747087
5.998406
5.499034
5.373928
7.238015
7.654367
7.919609
8.248781
7.917008
7.665639
7.227287
6.821259
6.793262
6.975266
6.925693
6.681589
6.476065
6.063275
5.563385
5.169664
4.904733
7.00536
7.307099
7.620684
7.772541
7.598435
7.133743
6.568777
6.168397
6.045155
6.125421
6.190267
6.021401
5.719801
5.350215
5.005313
4.749485
4.494773
6.801036
6.917917
7.164205
7.292593
7.165367
6.202739
5.600491
5.357207
5.275456
5.274668
5.387962
5.379975
5.089909
4.728258
4.455766
4.269408
4.05612
6.743687
6.7556
6.850325
6.876707
6.653643
5.584811
4.934478
4.637772
4.461687
4.400649
4.559477
4.735145
4.61841
4.239449
4.001741
3.861725
3.623365
6.214808
6.27909
6.343655
6.314886
6.206771
5.322365
4.763456
4.379555
4.005128
3.692326
3.770201
4.107183
4.25294
3.963522
3.690228
3.613873
3.398903
5.689664
5.504817
5.638863
5.923029
5.529352
5.133323
4.737902
4.508385
4.192221
3.681589
3.379052
3.634357
3.914966
3.785071
3.463079
3.411924
3.361824
5.757141
5.203044
5.519126
5.565406
5.496343
4.9139
4.584211
4.531063
4.428571
4.083219
3.590729
3.43774
3.649152
3.684837
3.482773
3.47881
3.584001
5.334928
5.230912
5.242581
5.272387
4.972468
4.67147
4.265361
4.20642
4.214257
4.072818
3.72811
3.395009
3.387279
3.51154
3.457417
3.565571
4.081599
4.837765
4.812046
4.782475
4.522403
4.49146
4.321411
3.904408
3.667528
3.651051
3.650884
3.538441
3.322783
3.102991
3.06221
3.080369
3.236491
3.881652
4.430774
4.363356
4.243725
3.941996
3.900043
3.863102
3.582172
3.2014
3.125801
3.157784
3.19814
3.172425
2.989778
2.767991
2.629922
2.685985
3.045893
4.046626
3.99836
3.851356
3.73587
3.411651
3.430046
3.319549
2.986942
2.914782
2.93016
2.999822
3.071981
3.014785
2.778939
2.436656
2.33096
2.429
3.770234
3.717564
3.338141
3.481823
3.386717
3.153259
3.217627
3.105726
2.979495
2.985152
2.998725
2.996822
2.978341
2.86142
2.601124
2.381002
2.406821
3.647407
3.312353
3.226456
3.130064
3.311603
3.334441
3.256043
3.355837
3.189857
3.070488
2.996758
2.918139
2.876324
2.880761
2.80955
2.568326
2.401359
9.265344
9.327846
9.443347
8.869431
8.426885
8.647047
8.843501
9.018847
9.009803
9.058993
9.093263
8.419617
8.282354
9.030793
9.80486
9.768178
9.113788
9.768771
9.887789
10.30812
10.23731
9.447815
9.275036
8.853495
8.920502
9.011351
9.534822
9.708916
9.161255
9.164544
9.584522
10.01943
9.654813
9.355134
10.05057
10.57549
10.72339
10.80645
10.55623
10.29662
9.644011
9.268146
9.239922
9.625154
10.12815
10.17871
9.950239
9.936103
10.07597
10.03954
9.600697
9.885276
10.46433
10.80807
10.67511
10.4528
10.54319
10.43948
10.02122
9.855224
10.27483
10.83712
10.74132
10.42244
10.37323
10.50524
10.5041
9.729136
9.119257
9.9018
10.47502
10.05748
9.809743
10.09752
10.41564
10.30424
9.910022
10.28512
10.69758
11.07658
10.80323
10.50436
10.53766
10.40223
9.94948
8.983501
9.272183
9.654797
9.344172
8.981629
9.508538
9.932935
10.18723
10.35943
10.70901
10.93504
10.95746
10.79747
10.63737
10.3002
9.982269
9.827663
8.180573
8.493489
8.883509
8.654106
8.729698
8.988163
9.339402
9.826643
10.30812
10.61165
10.74643
10.77833
10.70031
10.52968
10.35219
9.780031
9.443473
7.346076
7.964077
8.170242
8.036774
8.179947
8.544107
8.906817
9.400896
9.951144
10.24512
10.43271
10.69379
10.70245
10.37876
10.07513
9.84368
9.30429
7.177073
7.529651
7.81168
7.837542
7.964607
8.391161
8.91064
9.478807
9.926701
10.03698
10.05388
10.61917
10.78813
10.30868
9.689537
9.497487
9.317978
8.331272
8.471712
8.651586
8.750204
8.764247
9.019171
9.239226
10.05276
10.51325
10.28987
10.24558
10.6917
10.99612
10.45721
9.488522
9.188684
9.192628
8.945992
10.10266
10.28267
10.25948
10.3574
10.24375
9.929794
10.03059
10.43553
10.65296
10.4348
10.43765
10.57678
10.05324
9.113389
8.619862
8.604951
10.24296
10.92188
11.3199
11.58039
11.16435
10.81155
10.26212
9.806768
9.880001
10.19473
10.16691
9.904389
9.675949
9.132039
8.481258
8.060637
7.845657
9.851337
10.3989
10.93765
11.19854
10.96252
10.32494
9.598541
9.12768
9.039177
9.216764
9.337122
9.109665
8.673314
8.150153
7.682183
7.383851
7.141617
9.426487
9.650789
10.09083
10.37926
10.17469
8.977121
8.165191
7.897954
7.868752
7.949008
8.177619
8.181324
7.728959
7.194694
6.83056
6.600125
6.367661
9.288507
9.298378
9.478487
9.59382
9.244997
7.871737
6.936961
6.564557
6.403378
6.407333
6.715325
7.01788
6.851044
6.291388
5.994068
5.849905
5.554195
8.612974
8.6198
8.743938
8.752015
8.506346
7.329216
6.458182
5.901495
5.415897
5.05843
5.255592
5.785052
6.020652
5.605279
5.256392
5.234127
4.968379
7.96883
7.614003
7.808704
8.137888
7.660056
7.00266
6.342559
5.955747
5.468024
4.755636
4.414363
4.842052
5.250791
5.056907
4.605435
4.600969
4.576033
7.813082
7.143955
7.470816
7.550866
7.422417
6.63651
6.112524
5.982965
5.773505
5.229733
4.536546
4.387393
4.705469
4.726
4.408446
4.44216
4.635662
7.182788
7.006676
6.997635
7.034005
6.697725
6.210388
5.626398
5.543445
5.521409
5.269715
4.725965
4.265635
4.294633
4.454049
4.359457
4.526602
5.251842
6.589759
6.494327
6.397659
6.108285
6.047552
5.719027
5.069768
4.78331
4.764821
4.736478
4.520131
4.170918
3.884043
3.854553
3.898654
4.136104
5.033278
6.087629
5.953506
5.754003
5.416984
5.347739
5.205718
4.664606
4.120168
4.024198
4.062412
4.091099
4.006941
3.721
3.421827
3.270214
3.387939
3.933743
5.539109
5.456404
5.255931
5.10708
4.77198
4.762641
4.474679
3.89279
3.7801
3.805576
3.88506
3.947692
3.823327
3.453483
2.964902
2.853784
3.021231
5.096498
5.0182
4.609457
4.73067
4.636656
4.451392
4.530953
4.308022
4.071959
4.031915
3.997225
3.927469
3.854635
3.653157
3.243936
2.925582
2.981825
4.880438
4.510117
4.394391
4.280417
4.462314
4.537682
4.539932
4.655087
4.414773
4.195374
4.007866
3.830194
3.744897
3.746643
3.622618
3.25396
3.037475
11.15784
11.30607
11.46621
10.74395
10.14618
10.40205
10.71198
10.93864
10.9
10.94149
11.05573
10.45691
10.53948
11.79113
13.124
13.29891
12.49059
11.85826
12.12192
12.68648
12.57707
11.54452
11.2137
10.80879
10.94722
11.07761
11.64108
11.82171
11.20404
11.33195
12.10914
12.96116
12.85507
12.61072
12.25206
13.05872
13.39592
13.4763
13.08393
12.65819
11.86907
11.44151
11.47233
11.98404
12.58337
12.57841
12.27383
12.38546
12.78434
13.01115
12.67766
12.01392
13.00249
13.5958
13.45027
13.18153
13.21938
12.9691
12.39113
12.23468
12.84495
13.5925
13.50137
13.02413
12.9214
13.22226
13.40773
12.67785
11.08845
12.31874
13.16117
12.72893
12.46737
12.82425
13.11576
12.87878
12.48356
13.06814
13.66638
14.05282
13.62378
13.23088
13.37171
13.34576
12.87916
10.76888
11.44175
12.067
11.74811
11.41514
12.08462
12.63402
12.94139
13.21064
13.74269
14.06765
14.06505
13.7864
13.55918
13.27709
12.98984
12.80308
9.753495
10.36073
10.93987
10.73435
10.90017
11.35157
11.9436
12.6923
13.42233
13.87874
14.02733
14.00711
13.86067
13.61448
13.42434
12.87774
12.5438
8.760289
9.595717
9.931149
9.849301
10.14785
10.77514
11.45868
12.31198
13.15208
13.54618
13.75412
14.08269
14.0735
13.62696
13.26614
13.08082
12.5799
8.486361
9.027418
9.450435
9.569036
9.869684
10.5771
11.42548
12.30988
12.96729
13.16949
13.37683
14.21507
14.49799
13.91078
13.1603
13.01511
12.8916
9.778822
10.05629
10.36953
10.54819
10.68148
11.17754
11.70779
12.80993
13.50027
13.43184
13.60306
14.41067
14.98131
14.4048
13.25552
13.00618
13.11863
11.09478
12.38327
12.57736
12.52686
12.61419
12.60029
12.46818
12.79831
13.49394
13.9295
13.87569
14.18052
14.61938
14.11652
13.04573
12.60033
12.71037
13.17739
14.07389
14.50352
14.6533
14.16103
13.73676
13.12612
12.71215
13.01123
13.58026
13.71796
13.62711
13.58296
13.0424
12.36428
12.02123
11.88329
13.07778
13.90804
14.60876
14.89113
14.53523
13.70163
12.81933
12.29991
12.30678
12.67495
12.95054
12.79402
12.37519
11.81435
11.36923
11.16189
10.97883
12.58282
12.99886
13.67058
14.12166
13.82212
12.3836
11.38312
11.10378
11.14759
11.37047
11.76943
11.81555
11.25378
10.61646
10.26405
10.10294
9.911197
12.31942
12.37567
12.71786
13.00736
12.59905
10.97553
9.817276
9.423053
9.316347
9.440813
9.968725
10.42295
10.17968
9.452277
9.157629
9.061289
8.743477
11.46056
11.40667
11.64376
11.75514
11.43183
10.02763
8.929056
8.300683
7.785082
7.45632
7.867257
8.668444
9.005925
8.466475
8.089158
8.135797
7.818081
10.66751
10.17307
10.44757
10.8154
10.2755
9.371081
8.524078
8.091146
7.530177
6.685863
6.389778
7.093254
7.698057
7.464814
6.922954
6.990468
6.997628
10.18638
9.507741
9.893518
10.01117
9.784319
8.775495
8.094348
7.973403
7.742599
7.036952
6.180058
6.120175
6.640422
6.688046
6.270416
6.355339
6.677551
9.285214
9.143273
9.199509
9.285589
8.89574
8.16847
7.401963
7.345155
7.355306
7.00639
6.267296
5.721434
5.850007
6.068143
5.906955
6.111679
7.122302
8.636192
8.524673
8.409944
8.148139
8.079498
7.553155
6.641859
6.325443
6.350645
6.305939
5.973697
5.480072
5.130012
5.109434
5.14912
5.44821
6.666154
8.1609
7.942118
7.634762
7.283348
7.210004
6.947181
6.135856
5.422085
5.321144
5.373515
5.379438
5.202786
4.779561
4.389192
4.212319
4.389611
5.188881
7.530485
7.373126
7.051372
6.840115
6.49881
6.470774
6.021585
5.167522
4.971345
4.998794
5.06996
5.096535
4.867789
4.328341
3.686573
3.575322
3.841291
6.919647
6.793542
6.31437
6.379296
6.26905
6.128964
6.213167
5.855344
5.454656
5.331964
5.212808
5.047488
4.897382
4.584534
4.011041
3.607686
3.709857
6.552138
6.145824
5.993797
5.862403
6.027825
6.115884
6.148102
6.205759
5.846126
5.498724
5.172379
4.874063
4.737754
4.730658
4.550685
4.076326
3.83227
12.62343
12.78539
12.86622
11.97766
11.43345
11.79045
12.20586
12.43524
12.27367
12.23364
12.46706
12.05156
12.40967
14.22004
16.20087
16.70458
15.86052
13.50929
13.8831
14.56216
14.45715
13.27817
12.80812
12.40193
12.56526
12.66429
13.20083
13.36897
12.69281
12.97087
14.19932
15.61993
15.91756
15.84047
14.02013
15.10624
15.70412
15.89615
15.41918
14.79657
13.81359
13.28164
13.33046
13.90417
14.53134
14.39848
13.97779
14.2944
15.11099
15.75204
15.66786
13.71019
15.13198
16.1224
16.13316
15.88829
15.83958
15.38521
14.56625
14.3306
15.04643
15.9115
15.76979
15.08284
14.92137
15.47207
15.96707
15.42644
12.69433
14.3791
15.64103
15.37704
15.16182
15.54566
15.75733
15.30086
14.78671
15.50645
16.26548
16.636
16.01958
15.48462
15.73608
15.89548
15.5099
12.26729
13.30656
14.26521
14.08515
13.81106
14.54647
15.14427
15.42764
15.73347
16.42364
16.8662
16.84144
16.4251
16.08164
15.81957
15.58488
15.41543
11.11261
11.97327
12.7574
12.64648
12.87333
13.39905
14.13583
15.11037
16.10398
16.73592
16.90853
16.85483
16.64981
16.31128
16.07662
15.5516
15.24192
9.964382
10.97645
11.42503
11.39019
11.73477
12.46477
13.3896
14.62678
15.79849
16.30053
16.52686
16.93633
16.92261
16.37383
15.96436
15.8247
15.37895
9.57411
10.23158
10.73678
10.8867
11.22886
12.06147
13.15904
14.38225
15.30041
15.62734
16.03258
17.14777
17.55297
16.86975
16.00008
15.92531
15.87859
10.85069
11.19704
11.58526
11.78763
11.9509
12.5583
13.30633
14.67949
15.64113
15.79471
16.23427
17.44455
18.30237
17.66747
16.31817
16.1694
16.40179
12.4015
13.74618
13.98583
13.95531
14.03998
14.08001
14.0961
14.67472
15.70558
16.42188
16.61408
17.30716
18.10888
17.60808
16.3697
16.00997
16.25535
14.964
15.99072
16.50773
16.67126
16.15475
15.65832
14.992
14.69088
15.32708
16.26073
16.67924
16.87294
17.09732
16.57577
15.8756
15.63968
15.5912
15.3309
16.36753
17.24488
17.61801
17.1845
16.12803
15.04294
14.5028
14.72966
15.4639
16.0637
16.10979
15.79917
15.26568
14.91733
14.85767
14.77775
15.20347
15.75591
16.6503
17.28695
16.88574
15.12681
13.8478
13.52052
13.68858
14.19786
14.93725
15.15536
14.56217
13.91559
13.70342
13.73342
13.68466
15.17851
15.23457
15.7514
16.27231
15.81811
13.87476
12.37164
11.88142
11.81122
12.12881
13.00106
13.69213
13.39697
12.57933
12.43854
12.53577
12.32593
14.35326
14.17518
14.5508
14.85991
14.5566
12.92649
11.49978
10.72697
10.1224
9.816759
10.51989
11.67745
12.12948
11.49354
11.21744
11.44066
11.14977
13.49181
12.84716
13.18242
13.66735
13.20053
12.13637
11.06566
10.54684
9.847743
8.810846
8.585602
9.663016
10.53346
10.29178
9.739047
9.962235
10.03918
12.68593
12.0202
12.44518
12.63695
12.42377
11.31708
10.50807
10.41663
10.14816
9.210115
8.132516
8.215941
9.065291
9.24577
8.814265
9.017931
9.494325
11.49475
11.42549
11.56619
11.71496
11.34668
10.48163
9.56761
9.6001
9.723358
9.286726
8.274972
7.5951
7.894055
8.290375
8.156384
8.478552
9.858754
10.74082
10.64539
10.56792
10.38593
10.36041
9.718974
8.585025
8.276107
8.463341
8.503529
8.057914
7.365245
6.933472
6.96447
7.058714
7.522804
9.231901
10.30032
10.01074
9.655887
9.357006
9.336819
9.068926
8.068481
7.168279
7.127542
7.297629
7.368594
7.136932
6.577456
6.06722
5.855271
6.190274
7.418755
9.692861
9.463233
9.060332
8.830809
8.52643
8.588633
8.146666
7.078989
6.760091
6.819119
6.941294
6.99501
6.70099
6.006935
5.153445
5.07291
5.550042
9.037775
8.867693
8.351326
8.387444
8.272717
8.224502
8.424626
8.064275
7.525461
7.310405
7.112784
6.877263
6.686696
6.304957
5.535409
5.046576
5.248665
8.589642
8.160701
8.000886
7.876591
8.015494
8.089655
8.185519
8.262753
7.860216
7.436646
6.999169
6.604323
6.43393
6.447728
6.223797
5.621921
5.313445
13.97979
13.86202
13.56649
12.41278
11.90942
12.42871
12.96023
13.18885
12.90387
12.83702
13.28936
13.21244
13.99054
16.39074
19.06318
20.00408
19.19672
15.25748
15.55792
16.00355
15.59242
14.17095
13.69336
13.49654
13.74531
13.73569
14.16887
14.35477
13.69305
14.15486
15.85639
17.93151
18.7343
18.9412
15.85422
17.19045
17.87714
17.93345
17.2747
16.52167
15.50279
14.91374
14.91107
15.46671
16.10805
15.79294
15.17348
15.70311
17.02374
18.15006
18.4494
15.41297
17.25408
18.61631
18.68983
18.4654
18.44421
17.86073
16.76037
16.35746
17.08826
17.98815
17.69958
16.68988
16.40342
17.24735
18.10248
17.88697
14.36258
16.42593
18.10051
18.00225
17.8795
18.3981
18.58147
17.85233
17.08943
17.82486
18.67238
18.95751
18.05768
17.26406
17.59774
17.97707
17.80152
13.96246
15.2605
16.46137
16.40418
16.23486
17.06918
17.73034
17.924
18.13082
18.90422
19.46659
19.40771
18.79119
18.22976
17.91912
17.74031
17.64877
12.82967
13.80368
14.64119
14.54484
14.8077
15.3787
16.20265
17.33235
18.52784
19.32785
19.55685
19.48165
19.19483
18.70117
18.35941
17.8297
17.55098
11.63199
12.63914
13.03502
12.92006
13.24594
14.0052
15.04202
16.55602
18.04578
18.69359
18.99056
19.51584
19.52291
18.84961
18.32678
18.19369
17.80061
11.09911
11.66642
12.111
12.18441
12.46926
13.32124
14.52876
15.96943
17.1245
17.62061
18.28736
19.72997
20.31701
19.55874
18.51202
18.46741
18.49174
12.27152
12.50402
12.84135
12.97546
13.03688
13.61837
14.46524
16.02141
17.22765
17.6213
18.36257
20.04134
21.26079
20.61089
19.02829
18.96111
19.31074
13.94209
15.23004
15.4182
15.32456
15.27733
15.2027
15.21249
15.95594
17.30256
18.32023
18.80136
19.96161
21.19456
20.70453
19.27863
19.01945
19.40498
16.80613
17.84848
18.39296
18.55539
17.9577
17.2437
16.33853
16.04129
17.00185
18.32907
19.09051
19.64227
20.19446
19.69779
18.95809
18.84895
18.89645
17.50772
18.59529
19.59361
20.09759
19.62127
18.25731
16.78949
16.11132
16.54562
17.69705
18.70058
19.00632
18.83455
18.34795
18.107
18.2258
18.2389
17.70431
18.26293
19.30611
20.15461
19.74262
17.6802
15.93577
15.38537
15.65039
16.51926
17.71223
18.17641
17.55979
16.90981
16.89208
17.18767
17.26278
17.85997
17.91701
18.56677
19.28925
18.84635
16.68909
14.70135
13.88143
13.76184
14.32963
15.66121
16.70003
16.39409
15.47578
15.55561
15.96315
15.8754
17.08077
16.89153
17.41488
17.88459
17.57366
15.80195
13.97698
12.85339
12.02456
11.77075
12.85411
14.4318
15.06243
14.34776
14.2474
14.77064
14.55041
16.13128
15.55459
16.00173
16.58062
16.15715
14.96378
13.61517
12.86588
11.88701
10.6274
10.55395
12.05603
13.21887
12.99381
12.48752
12.99457
13.21056
15.05707
14.54807
15.08371
15.37689
15.20359
14.02909
13.03894
12.87678
12.44762
11.18198
9.899506
10.2132
11.42655
11.73115
11.30878
11.72885
12.43325
13.6918
13.74604
14.00217
14.25455
13.99343
13.06522
11.983
12.01015
12.14231
11.48693
10.10919
9.340321
9.907562
10.48607
10.36487
10.84332
12.67022
12.87242
12.81287
12.7968
12.73784
12.85965
12.23084
10.90718
10.49265
10.74521
10.77654
10.10348
9.161401
8.697385
8.81391
8.961641
9.621197
11.92618
12.42862
12.09619
11.73315
11.53345
11.66221
11.50225
10.39237
9.253974
9.193921
9.477417
9.588492
9.237949
8.48652
7.798349
7.560456
8.150702
9.928888
11.83974
11.55651
11.11122
10.9079
10.71358
10.93752
10.57736
9.353408
8.878397
8.980125
9.191345
9.278422
8.873985
7.918285
6.81161
6.855588
7.659919
11.23146
11.0153
10.46939
10.49615
10.42363
10.51087
10.86602
10.56192
9.943616
9.643361
9.396701
9.163968
8.998356
8.515186
7.457177
6.896304
7.2899
10.83798
10.39379
10.2216
10.09511
10.23236
10.32124
10.50983
10.67319
10.31802
9.900118
9.394266
8.914433
8.762054
8.840625
8.568821
7.811447
7.420599
15.61088
14.70753
13.89297
12.50313
11.98414
12.54324
13.10652
13.37298
13.05178
12.97329
13.54758
13.80287
15.23917
18.52343
21.97315
23.22713
22.19198
17.95204
17.80568
17.54369
16.55622
14.64874
13.91434
13.73623
14.1118
14.05987
14.44841
14.71973
14.18535
14.95943
17.26477
20.08649
21.49822
21.93715
18.68365
20.19268
20.76628
20.44711
19.3714
18.17643
16.66213
15.70222
15.6658
16.34769
17.07583
16.69082
16.03592
16.85846
18.75348
20.43641
21.12342
17.91123
20.23075
22.03085
22.15038
21.80257
21.59503
20.56759
18.81488
18.03179
18.77913
19.76119
19.37543
18.12177
17.74812
18.88561
20.07511
20.18018
16.78649
19.29553
21.45005
21.58132
21.45233
21.99091
22.08804
20.96575
19.69788
20.18452
21.09819
21.36623
20.15009
19.04548
19.36911
19.86623
19.88825
16.45228
18.13716
19.58186
19.61077
19.42001
20.20452
20.91378
21.03618
21.02286
21.67478
22.29424
22.20846
21.34687
20.47177
19.9804
19.72889
19.68236
15.31998
16.60658
17.5106
17.28122
17.37037
17.79457
18.61975
19.90687
21.29031
22.20446
22.43615
22.30742
21.91645
21.19696
20.6297
19.96886
19.6446
13.9901
15.19457
15.58652
15.2441
15.30814
15.87076
16.85414
18.57613
20.36814
21.1724
21.54125
22.18822
22.22521
21.40189
20.69184
20.45056
20.00369
13.17282
13.83607
14.28057
14.21166
14.2406
14.8643
15.98172
17.51935
18.88111
19.57315
20.53225
22.32868
23.13924
22.32616
21.06488
20.95674
20.95409
14.09435
14.39695
14.77194
14.86744
14.71979
15.03432
15.76125
17.37443
18.78419
19.40846
20.45411
22.60751
24.21777
23.59813
21.78828
21.72173
22.1212
15.75809
17.16631
17.41653
17.36523
17.22424
16.90447
16.64477
17.34822
18.95311
20.25577
21.00041
22.58429
24.22896
23.77619
22.18017
21.96925
22.45363
18.7904
19.98146
20.63234
20.89985
20.39074
19.54682
18.23785
17.6427
18.79143
20.50776
21.603
22.4467
23.2335
22.73069
21.95002
21.94224
22.08989
19.65524
20.90555
22.06611
22.80516
22.51369
21.09757
19.21263
18.10721
18.56451
20.08348
21.48479
22.00581
21.87505
21.3522
21.15977
21.4287
21.55162
19.8897
20.63346
21.9111
23.05557
22.84495
20.83476
18.77687
17.70144
17.85761
19.02479
20.6666
21.34194
20.61675
19.88684
19.96222
20.45024
20.6454
19.94642
20.24543
21.19828
22.23657
21.96547
19.90073
17.74895
16.44629
15.97478
16.71676
18.51987
19.91337
19.51787
18.40533
18.60874
19.21842
19.21189
19.0746
19.12825
19.98613
20.77911
20.61891
18.91843
17.02065
15.60964
14.29421
13.8943
15.38266
17.42247
18.18419
17.27851
17.23236
17.96132
17.77567
17.92741
17.63574
18.43061
19.28981
19.06676
17.89129
16.50429
15.68195
14.38503
12.71809
12.72652
14.69434
16.13401
15.83541
15.25673
15.97938
16.31631
16.71438
16.46346
17.29134
17.84899
17.86439
16.74236
15.71738
15.62562
15.12419
13.51471
11.95617
12.48348
14.04026
14.37027
13.84955
14.46019
15.41472
15.33959
15.5576
16.03559
16.49478
16.43019
15.58508
14.47063
14.57056
14.77924
13.96999
12.26737
11.41145
12.20241
12.86979
12.6898
13.27412
15.5628
14.54353
14.59355
14.68012
14.79089
15.09809
14.61035
13.25916
12.8299
13.19524
13.25928
12.4683
11.36076
10.8595
10.99632
11.13225
11.90518
14.77003
14.09572
13.82525
13.53962
13.46197
13.73895
13.74999
12.72731
11.5328
11.50775
11.91709
12.10842
11.71846
10.81486
9.931379
9.60758
10.35872
12.65763
13.5329
13.27807
12.9002
12.77844
12.69707
13.08238
12.88383
11.72033
11.22118
11.35183
11.65088
11.80507
11.35162
10.13862
8.827856
9.047703
10.15356
13.00161
12.77832
12.28342
12.37293
12.36161
12.58484
13.07605
12.86706
12.29573
12.02603
11.7944
11.62475
11.50815
10.86116
9.580968
9.112205
9.713842
12.71125
12.24629
12.09164
12.0099
12.18696
12.34775
12.62949
12.86489
12.60166
12.29747
11.81721
11.29354
11.18284
11.24452
10.86203
10.02199
9.653438
17.83829
15.74699
14.19897
12.52531
11.99488
12.5743
13.12007
13.37647
13.06873
13.13778
13.76903
13.88467
15.48212
19.55128
24.01284
25.60122
24.24165
20.94481
20.40455
19.48833
17.74536
15.00399
13.98412
13.74336
14.17835
14.18211
14.62908
14.86002
14.2779
15.25891
18.03635
21.49441
23.40341
23.97517
21.44949
23.42787
24.17365
23.48455
21.62341
19.64671
17.17454
15.74265
15.79315
16.55709
17.38894
17.11758
16.61555
17.72054
19.96649
22.13101
23.18902
20.12078
23.18617
25.75432
26.09911
25.45677
24.71844
22.71457
19.91159
18.7788
19.66419
20.80585
20.44553
19.07677
18.89915
20.37337
21.89896
22.27367
18.75724
21.93043
24.8534
25.43689
25.3483
25.751
25.46698
23.6054
21.72597
22.0756
23.01275
23.17534
21.85971
20.70579
21.17902
21.8281
22.015
18.39151
20.58474
22.5089
22.85175
22.82591
23.56936
24.24428
24.14866
23.74663
24.14993
24.82246
24.89755
23.93067
22.81882
22.18331
21.83889
21.84652
17.2703
18.9175
20.06777
19.92571
20.0093
20.36738
21.20365
22.6603
24.18788
25.14593
25.47752
25.44635
24.89081
23.88915
23.05612
22.21462
21.83485
15.91271
17.28359
17.75406
17.36588
17.33353
17.82275
18.81206
20.78987
22.91443
23.86439
24.34999
25.15397
25.13203
24.13284
23.18529
22.79044
22.25537
14.96752
15.65477
16.11856
16.03278
15.97666
16.48771
17.52954
19.17956
20.78846
21.68242
22.93289
25.07391
26.06861
25.2213
23.73829
23.5221
23.45267
15.88645
16.16315
16.54235
16.65081
16.43722
16.59368
17.18805
18.81363
20.42553
21.29258
22.63237
25.23705
27.24251
26.68596
24.64395
24.5188
24.93153
17.70735
19.15051
19.37519
19.30266
19.14322
18.7523
18.29762
18.85438
20.63638
22.23007
23.25101
25.24533
27.3135
26.92901
25.15491
24.91247
25.45311
20.90288
22.18284
22.82764
23.09859
22.66905
21.84139
20.32137
19.38847
20.54828
22.62245
24.09407
25.2723
26.30584
25.819
24.99034
25.00379
25.18957
21.74175
23.15288
24.43175
25.32538
25.16592
23.7758
21.67217
20.1705
20.499
22.3051
24.15843
24.99803
24.93658
24.37532
24.23383
24.58538
24.73968
21.78772
22.77528
24.3152
25.72421
25.65813
23.68484
21.48646
20.01476
19.93892
21.29874
23.42414
24.47347
23.72329
22.87907
23.03228
23.65107
23.87139
21.64185
22.21979
23.53017
24.92273
24.82475
22.79563
20.5543
18.96975
18.11029
18.85788
21.12029
23.00438
22.70026
21.40589
21.67523
22.39921
22.36652
20.57145
20.91791
22.15634
23.33949
23.40621
21.79618
19.82778
18.29594
16.58518
15.83873
17.6473
20.23397
21.30733
20.30514
20.23468
21.0565
20.8117
19.25968
19.23293
20.39836
21.61861
21.71275
20.66009
19.21905
18.41733
16.95158
14.81288
14.70077
17.14771
19.00225
18.75135
18.06246
18.87944
19.2472
17.99168
17.92736
19.04124
19.94773
20.29089
19.33605
18.27972
18.2836
17.79911
15.91603
13.96757
14.63606
16.60668
17.04119
16.39796
17.09611
18.24454
16.64873
16.97327
17.64615
18.37678
18.61636
17.96066
16.84319
17.00897
17.30864
16.42508
14.42283
13.45556
14.48313
15.27242
15.0442
15.69594
18.36964
15.86657
15.97967
16.16563
16.48506
17.05929
16.80176
15.46715
15.03685
15.52752
15.64416
14.80231
13.57674
13.07093
13.23961
13.3624
14.24987
17.6228
15.40061
15.18129
14.97238
15.05795
15.53443
15.78343
14.93911
13.75063
13.76629
14.27552
14.54191
14.1425
13.15314
12.13946
11.7177
12.65347
15.44956
14.88533
14.65475
14.3465
14.33075
14.40087
14.9696
14.96942
13.92819
13.48743
13.66072
14.0217
14.24055
13.81671
12.48807
11.00554
11.38937
12.76051
14.46114
14.23405
13.78839
13.94701
14.03015
14.39591
15.04248
14.97327
14.51023
14.3033
14.07446
13.94944
13.94624
13.27998
11.85286
11.4671
12.2648
14.28862
13.81785
13.68822
13.65683
13.8832
14.13512
14.53017
14.85519
14.70609
14.5156
14.03919
13.48912
13.4819
13.60347
13.14456
12.26268
11.98231
20.47669
17.77605
15.58841
13.2934
12.1746
12.59972
13.13946
13.37513
13.07711
13.25224
13.93325
13.96176
15.71303
20.25493
25.31598
27.28651
25.88088
23.6581
23.28299
22.15738
19.81133
16.32773
14.57884
13.80749
14.21268
14.31407
14.78413
15.01281
14.47368
15.62416
18.59395
22.29219
24.37673
25.3051
23.78882
26.42712
27.58603
26.85349
24.68191
22.16582
18.51551
16.29343
16.21092
16.84146
17.62969
17.44849
17.05869
18.18472
20.55111
23.08459
24.49958
22.06028
25.83067
29.08109
29.90673
29.43361
28.46896
25.43481
21.32469
20.04104
20.22394
21.55888
21.54509
19.93003
19.77686
21.49023
23.27352
23.77131
20.48453
24.20752
27.69928
28.8583
29.14588
29.57178
28.802
25.92471
23.37383
24.12374
25.00443
24.90623
23.31143
22.05456
22.73596
23.46537
23.72234
20.04637
22.54952
24.77602
25.50008
25.86487
26.71014
27.23142
26.63484
25.67366
26.12598
26.97883
27.01756
25.98231
24.56145
23.81754
23.517
23.65039
18.91298
20.6862
21.948
21.95346
22.22536
22.68574
23.52152
24.9097
26.26906
27.22063
27.76225
27.84677
27.28026
25.94506
24.79587
23.9197
23.68876
17.5877
18.91114
19.3386
18.94313
18.95127
19.53207
20.60059
22.65183
24.78559
25.74974
26.50442
27.55123
27.62324
26.45499
25.17888
24.64
24.21355
16.76507
17.28544
17.61889
17.4732
17.36713
17.84337
18.8788
20.6113
22.38768
23.47862
25.05779
27.50732
28.69605
27.8149
26.05975
25.69248
25.62645
17.98257
18.07696
18.25817
18.22426
17.88004
17.89373
18.39326
20.04601
21.9116
23.12804
24.77472
27.69775
30.00267
29.46944
27.16779
26.93975
27.35091
20.0063
21.38469
21.40258
21.11099
20.81297
20.33856
19.74168
20.16098
22.10257
24.05613
25.40111
27.70695
30.09084
29.74378
27.78672
27.47861
28.01818
23.27928
24.51575
25.01488
25.17401
24.72967
23.85824
22.15939
20.93059
22.01797
24.39278
26.23507
27.73421
28.9943
28.52724
27.67007
27.70377
27.87208
24.00147
25.39747
26.661
27.63377
27.58313
26.19033
23.87449
22.01346
22.13079
24.07787
26.28398
27.42938
27.50765
26.94415
26.88225
27.35367
27.51954
23.84782
24.86473
26.52574
28.13373
28.23074
26.33518
23.98874
22.15862
21.77585
23.15417
25.58525
26.94686
26.26705
25.35329
25.61095
26.41799
26.65708
23.50434
24.204
25.72231
27.38048
27.46274
25.5535
23.246
21.4237
20.16734
20.69653
23.21328
25.44986
25.30362
23.8891
24.22554
25.12366
25.05501
22.2837
22.81175
24.31459
25.7713
26.01986
24.56454
22.57392
20.95953
18.96301
17.70229
19.52523
22.52071
23.87545
22.83659
22.73567
23.68414
23.37529
20.97794
21.08513
22.48809
23.93049
24.25269
23.36532
21.89029
21.10569
19.61429
17.06236
16.53785
19.21713
21.40536
21.21249
20.42474
21.33086
21.72892
19.78568
19.78183
21.02327
22.11862
22.67519
21.87855
20.78664
20.84941
20.44384
18.43573
16.05442
16.55382
18.80153
19.31831
18.54646
19.2913
20.61752
18.45359
18.79532
19.51324
20.35538
20.79613
20.28729
19.15275
19.34815
19.75175
18.90293
16.70177
15.46499
16.52736
17.37615
17.06464
17.74313
20.72574
17.56871
17.70618
17.89727
18.30392
19.04509
18.98749
17.71173
17.26031
17.83449
18.03658
17.23752
15.89622
15.25606
15.37623
15.41743
16.36205
20.14965
16.99028
16.82425
16.64243
16.79102
17.3655
17.79274
17.15388
16.06099
16.09746
16.66953
17.00897
16.6251
15.52856
14.38384
13.79393
14.83577
18.01615
16.38841
16.25412
16.00006
16.02426
16.17185
16.85928
17.0281
16.13088
15.78054
15.99887
16.38605
16.66457
16.27691
14.902
13.18988
13.63933
15.19712
15.92695
15.79863
15.45041
15.64802
15.77524
16.22402
16.96539
17.00911
16.6729
16.5415
16.30672
16.20387
16.28996
15.67028
14.12993
13.75941
14.69034
15.77552
15.38849
15.35233
15.38927
15.62743
15.90685
16.35904
16.75226
16.73265
16.68582
16.23354
15.62581
15.64973
15.86218
15.37516
14.42952
14.17787
22.3084
19.93734
17.96251
15.7584
14.44216
14.13783
13.9117
13.645
13.13246
13.25917
13.93953
13.9978
15.90366
20.93595
26.3142
28.30979
26.38342
25.4198
25.48698
24.77181
22.76351
19.52061
17.64243
16.17187
15.33011
14.65083
15.14306
15.15228
14.92253
16.47325
19.6573
23.40352
25.05027
25.60013
25.46334
28.55703
30.22476
29.9656
28.28079
26.11735
22.0927
18.68897
18.15151
18.47157
18.16742
18.23625
18.39661
19.33984
21.41078
23.57236
25.17619
23.59976
27.78858
31.56819
32.84386
32.88216
32.37364
29.26393
24.36726
22.41737
23.01801
24.47895
24.00243
21.56057
20.8073
22.35514
24.26613
25.03148
21.90699
25.95602
29.84189
31.41083
32.12772
32.88753
32.23109
29.01671
25.73158
26.51866
27.56207
27.35767
25.39771
23.89199
24.34662
24.55655
25.19686
21.37526
24.09715
26.59034
27.62884
28.33303
29.36634
29.97626
29.30241
27.95259
28.32358
29.54658
29.46302
28.16864
26.29671
25.35192
24.62159
25.10403
20.17554
22.04373
23.45855
23.69221
24.18661
24.80516
25.71808
27.16051
28.41526
29.22789
29.85321
29.88256
29.07914
27.33988
25.9787
25.19645
25.06395
18.98759
20.25626
20.72308
20.46333
20.6274
21.34896
22.4925
24.48173
26.41671
27.18024
27.99098
29.13751
29.21667
27.90454
26.36833
25.84207
25.53201
18.43495
18.80359
19.05059
18.94714
18.93655
19.44092
20.41504
22.04256
23.7781
24.88969
26.58003
29.2781
30.76259
29.98598
27.91424
27.24947
27.19357
19.8606
19.81926
19.85368
19.71758
19.34379
19.33578
19.778
21.34606
23.30471
24.77119
26.64767
29.86599
32.55029
32.18741
29.64902
29.12211
29.47959
21.84753
23.16239
23.07315
22.65874
22.28714
21.81126
21.19767
21.52473
23.4918
25.74644
27.43737
30.04368
32.73656
32.53538
30.483
30.03369
30.51719
25.05885
26.22608
26.64159
26.78169
26.3824
25.52768
23.77753
22.41333
23.3994
25.96379
28.17341
29.98681
31.46388
31.09412
30.28506
30.34833
30.48109
25.70171
26.99308
28.21624
29.29298
29.40424
28.10655
25.73247
23.67579
23.6165
25.60843
28.09811
29.5344
29.78892
29.27893
29.32941
29.9663
30.17318
25.42719
26.38174
28.08655
29.85696
30.14009
28.4075
26.05219
24.05211
23.43363
24.72391
27.36539
29.00792
28.48813
27.57529
27.93521
28.98268
29.30414
25.05125
25.75888
27.36742
29.19773
29.44804
27.7142
25.42638
23.52914
22.09584
22.30759
24.90603
27.42579
27.52907
26.13406
26.51971
27.62465
27.59175
23.94525
24.47791
26.07856
27.67954
28.05499
26.77262
24.79733
23.16916
21.16385
19.53386
21.09981
24.36385
26.03641
25.10376
24.98952
26.0707
25.76861
22.78037
22.87326
24.34604
25.87657
26.31579
25.55795
24.05754
23.30199
21.91411
19.25646
18.34012
20.95233
23.44183
23.38573
22.55551
23.53334
24.02093
21.60636
21.61649
22.88724
24.03534
24.65266
23.94481
22.83131
22.96123
22.65026
20.72396
18.15903
18.37992
20.73042
21.35872
20.49977
21.24755
22.77493
20.2536
20.58365
21.29399
22.13623
22.64644
22.25551
21.14634
21.37447
21.90073
21.17584
19.00947
17.61419
18.56626
19.41736
19.02738
19.65446
22.90464
19.35174
19.45516
19.59439
20.01724
20.82445
20.89552
19.76366
19.38107
20.01567
20.31519
19.6314
18.33365
17.60357
17.63452
17.61708
18.5453
22.65082
18.75502
18.6136
18.38078
18.51329
19.10484
19.61743
19.10723
18.13884
18.23861
18.8726
19.30644
19.04259
17.98903
16.79401
16.11237
17.20164
20.63093
18.08915
18.08769
17.84653
17.8146
17.94607
18.67424
18.91197
18.08345
17.81053
18.10428
18.55627
18.94777
18.67688
17.38004
15.64874
16.16816
17.83908
17.49234
17.59133
17.38664
17.5516
17.61579
18.06172
18.81737
18.87277
18.59752
18.55201
18.35331
18.28351
18.45045
17.95757
16.47979
16.14647
17.16846
17.19139
17.06709
17.23911
17.36476
17.55889
17.78785
18.22027
18.58334
18.57766
18.60962
18.21466
17.60395
17.63191
17.93664
17.52307
16.57264
16.35864
22.93998
20.6186
18.77282
17.10321
16.42657
16.62701
16.89145
16.66386
15.31867
14.4547
14.563
14.18253
15.96946
21.04201
26.44032
28.36665
26.4113
26.12563
26.23952
25.61831
23.93439
21.3126
20.06849
19.22302
18.58663
17.39659
17.45833
16.34372
15.84377
16.74683
19.89071
23.53507
25.1147
25.63964
26.29103
29.386
31.176
31.13737
29.88803
28.29063
24.79251
21.67017
20.84028
20.86685
20.03369
19.94293
19.08271
19.6871
21.57434
23.75318
25.29459
24.56956
28.72944
32.59127
34.0256
34.351
34.30001
31.57058
26.83885
24.72079
24.99199
26.68435
25.90963
23.13931
21.61985
22.57724
24.65982
25.36898
23.05059
27.03642
30.93566
32.62961
33.56403
34.63193
34.21772
31.14253
27.89086
28.55579
29.56235
29.56355
27.34768
25.59051
25.15008
25.01782
25.78522
22.63052
25.30301
27.7881
28.88432
29.73832
30.96204
31.72558
31.17926
29.98262
30.41936
31.57863
31.45664
29.99998
27.85906
26.65583
25.08896
25.71386
21.56528
23.46028
24.82446
25.05441
25.60551
26.31853
27.33999
28.90141
30.32691
31.10119
31.49728
31.56567
30.6297
28.59309
26.83499
25.83403
25.60214
20.44516
21.78902
22.22169
21.92451
22.10827
22.87115
24.06745
26.05563
27.96583
28.6319
29.3183
30.43961
30.36887
28.86233
27.04269
26.53312
26.19345
19.86551
20.30431
20.51944
20.4012
20.39509
20.86259
21.77097
23.33434
25.08318
26.29331
28.07925
30.87926
32.43285
31.62544
29.18988
28.11852
28.09371
21.2144
21.15817
21.13887
20.99413
20.61588
20.60629
21.04584
22.58642
24.61052
26.27728
28.38428
31.877
34.84527
34.66053
31.9142
30.82014
30.97136
23.05568
24.37132
24.23036
23.80498
23.4644
23.05014
22.486
22.82808
24.83911
27.27521
29.26799
32.22482
35.26409
35.35634
33.38556
32.68079
32.92419
26.21567
27.38738
27.7466
27.90197
27.61031
26.85821
25.15737
23.78053
24.76176
27.43287
29.92162
32.08259
33.87187
33.79469
33.26098
33.44766
33.53482
26.81497
28.11056
29.34314
30.51128
30.7428
29.53858
27.2145
25.13144
25.04783
27.07397
29.74875
31.45668
31.9678
31.70956
32.07071
33.00993
33.39833
26.47837
27.46602
29.2487
31.15398
31.56688
29.92389
27.58183
25.57382
24.95625
26.22818
28.97572
30.82539
30.51671
29.80077
30.41059
31.79886
32.41333
26.10545
26.84358
28.55589
30.5289
30.90465
29.27719
26.97756
25.06756
23.68505
23.83606
26.44544
29.14369
29.46721
28.25257
28.82263
30.21608
30.42593
25.074
25.59169
27.28354
29.01762
29.50417
28.33137
26.32122
24.66073
22.72619
21.09439
22.58028
25.951
27.86185
27.12371
27.14492
28.43315
28.30742
24.01461
24.05512
25.57767
27.19786
27.72348
27.05343
25.50973
24.73379
23.38542
20.8035
19.85914
22.42736
25.09734
25.23005
24.50443
25.59821
26.28794
22.95461
22.90844
24.15553
25.30083
25.93453
25.33127
24.26742
24.39555
24.08292
22.23231
19.71827
19.88598
22.30037
23.07645
22.26006
23.00056
24.74263
21.72157
21.97137
22.58006
23.32445
23.82117
23.52649
22.53726
22.81849
23.37557
22.71243
20.62987
19.27529
20.24249
21.13355
20.79549
21.36026
24.8098
20.88911
20.93332
20.95031
21.26653
22.00588
22.09139
21.04725
20.75741
21.44194
21.79963
21.19442
20.00059
19.37055
19.41589
19.48023
20.48813
24.86991
20.32067
20.1888
19.89262
19.92747
20.39445
20.84281
20.34376
19.4305
19.58299
20.26421
20.76732
20.6246
19.74761
18.63851
18.04045
19.34931
23.04286
19.6602
19.73999
19.51167
19.41185
19.4197
20.0225
20.18661
19.33375
19.08826
19.44003
19.93982
20.40607
20.27595
19.13792
17.61718
18.40551
20.26653
19.04805
19.27316
19.15174
19.29298
19.26641
19.58155
20.19364
20.1388
19.83508
19.83851
19.69243
19.65608
19.89399
19.52489
18.18706
17.99271
19.17232
18.68528
18.73308
19.01034
19.18385
19.34359
19.46887
19.74915
19.94352
19.83352
19.85948
19.51412
18.96105
19.01945
19.37728
19.03774
18.14887
18.06495
23.52087
21.27115
19.72957
18.39165
17.82793
17.79601
17.91497
17.937
17.03695
16.40665
16.5374
15.92047
17.32824
21.9714
27.26505
29.17091
26.8124
26.83224
26.8419
26.44965
25.11977
22.72715
21.35896
20.30248
19.65678
18.72029
19.07304
18.03525
17.59254
18.43828
21.10367
24.3058
26.09724
26.44747
27.1898
30.0612
31.96463
32.23447
31.26541
29.68742
25.99067
22.67882
21.86655
22.12395
21.46709
21.36472
20.37601
21.20889
22.4341
24.67845
26.22178
25.66866
29.5886
33.43689
35.07022
35.66895
35.73127
32.88724
27.90564
25.63029
25.99101
27.93429
27.28436
24.69372
23.27544
23.70443
25.5106
26.21848
24.3249
28.11419
31.92615
33.69266
34.8281
36.06029
35.63453
32.35215
28.85171
29.47049
30.66795
30.83585
28.85889
27.15642
26.3885
25.94064
26.61193
23.98061
26.57078
28.95459
30.0397
30.97398
32.32583
33.15722
32.50198
31.09196
31.37015
32.58288
32.60659
31.38867
29.42856
28.24203
26.19587
26.5225
22.90392
24.82276
26.15577
26.34784
26.85369
27.58763
28.70859
30.29666
31.58558
32.12018
32.39911
32.50504
31.76971
29.96047
28.28476
27.07877
26.47522
21.73657
23.16811
23.66041
23.32534
23.41204
24.10828
25.34117
27.34215
29.12555
29.58932
30.14552
31.28745
31.36631
30.07284
28.31528
27.58968
27.05166
21.0974
21.64075
21.95217
21.82973
21.72414
22.04343
22.86602
24.40323
26.12725
27.28683
29.04515
31.8923
33.63272
33.09391
30.74565
29.34261
29.06506
22.35049
22.36786
22.43774
22.33956
21.90648
21.7893
22.14027
23.64627
25.71219
27.42629
29.57521
33.14412
36.30801
36.44161
33.98026
32.6908
32.47792
24.11634
25.44378
25.38787
25.05956
24.77057
24.37248
23.78032
24.05872
26.06636
28.56854
30.66311
33.73736
36.94542
37.31573
35.74428
35.22937
35.36037
27.31175
28.41184
28.78778
29.06929
28.97528
28.35851
26.68074
25.21798
26.11351
28.81452
31.42354
33.7404
35.67379
35.80156
35.6516
36.26102
36.62055
27.92435
29.1047
30.32322
31.63222
32.09019
31.10227
28.86131
26.7119
26.52032
28.52799
31.31005
33.18239
33.81538
33.69654
34.37981
35.75007
36.62706
27.5513
28.46123
30.24848
32.24952
32.84107
31.43103
29.22922
27.19601
26.51694
27.73806
30.56933
32.59589
32.4054
31.79335
32.65389
34.40652
35.53371
27.20429
27.89774
29.61002
31.63789
32.13003
30.68799
28.54692
26.64186
25.25241
25.37004
28.00799
30.88107
31.37479
30.27919
31.05005
32.73218
33.33482
26.25722
26.71555
28.38947
30.16216
30.7037
29.65923
27.79094
26.14802
24.21345
22.60076
24.11419
27.5903
29.69847
29.12848
29.3302
30.84566
31.00192
25.28343
25.24729
26.73718
28.35015
28.87392
28.28106
26.86701
26.14316
24.80867
22.28027
21.39351
24.00442
26.81901
27.11862
26.55762
27.8086
28.74481
24.29452
24.18554
25.34415
26.40238
26.98837
26.43565
25.48372
25.69373
25.42022
23.6451
21.22706
21.47597
23.98215
24.8794
24.19121
24.97777
26.90358
23.13055
23.29976
23.77036
24.37915
24.82688
24.56035
23.62881
23.97335
24.58301
23.98146
21.9863
20.74154
21.83407
22.83187
22.63885
23.24093
26.85829
22.33295
22.3421
22.20816
22.39098
23.05552
23.13326
22.1139
21.85306
22.55935
22.94135
22.3868
21.27688
20.79259
20.99128
21.23054
22.44835
27.13809
21.73493
21.66478
21.2932
21.20294
21.54473
21.92701
21.41548
20.50066
20.64699
21.32526
21.8469
21.75874
21.02605
20.09218
19.70598
21.35946
25.3762
21.01793
21.23524
21.02315
20.8251
20.69962
21.18638
21.27929
20.38255
20.11265
20.45746
20.94854
21.42567
21.39393
20.41809
19.12504
20.20689
22.27519
20.33733
20.73925
20.71786
20.80377
20.66079
20.85222
21.34485
21.19456
20.83148
20.80431
20.64304
20.60843
20.89079
20.61271
19.41137
19.3486
20.66047
19.89532
20.13428
20.54102
20.74384
20.82982
20.83839
20.98656
21.045
20.83223
20.79138
20.41084
19.87083
19.95691
20.35989
20.11319
19.27659
19.25205
24.12886
21.6836
20.35567
19.48556
19.36599
19.37527
19.10631
18.69942
17.67772
17.05584
17.06435
16.32461
17.68965
22.50583
28.23089
30.59972
28.89462
27.62366
27.27761
26.88831
25.9116
24.03741
22.97739
21.79923
20.73201
19.46931
19.7287
18.60915
18.01474
18.75823
21.50517
25.12676
27.35503
28.55454
28.16421
30.6088
32.32813
32.78569
32.28518
31.16289
27.59921
24.02206
22.82267
22.85988
22.13155
21.88628
20.76532
21.53815
23.06622
25.8242
28.25647
26.77264
30.28643
33.83461
35.48674
36.41613
36.95066
34.4268
29.38259
26.78213
26.85698
28.6892
27.91428
25.20222
23.6754
24.24995
26.56604
27.99865
25.51599
28.97411
32.42691
34.08023
35.37856
36.98433
36.97866
33.84855
30.17839
30.49272
31.50555
31.53596
29.46237
27.72446
26.92328
26.8249
28.08028
25.19722
27.59363
29.60028
30.46498
31.43882
33.00785
34.23302
33.87499
32.4488
32.50138
33.46465
33.33468
32.04943
30.10106
28.88351
26.95158
27.67068
24.10632
25.96399
26.96228
26.87628
27.31723
28.14912
29.53775
31.48047
32.92145
33.29194
33.27465
33.21612
32.42643
30.62807
28.95259
27.75589
27.38743
22.91389
24.3811
24.64193
24.02475
23.95697
24.6536
26.04274
28.32867
30.3114
30.70791
31.04264
32.04551
32.06873
30.78046
29.06187
28.29656
27.82389
22.25476
22.89598
23.09874
22.70355
22.34777
22.58306
23.48753
25.23689
27.21477
28.43431
30.08292
32.80921
34.51458
33.9767
31.69154
30.2851
29.97457
23.43889
23.57665
23.6276
23.2575
22.52951
22.3048
22.73098
24.42657
26.77745
28.67101
30.7795
34.24163
37.3692
37.48672
35.08686
33.89071
33.75772
25.08954
26.5456
26.51829
25.97458
25.41974
24.921
24.37853
24.82544
27.09608
29.83172
32.00531
35.01904
38.16144
38.47443
36.96359
36.60126
36.93216
28.25714
29.44754
29.87769
30.02166
29.76599
29.02837
27.32729
25.95178
27.05686
30.02261
32.83186
35.17527
37.01633
37.02685
36.94392
37.72423
38.31593
28.88823
30.09737
31.36335
32.68695
33.05005
31.92723
29.59338
27.43058
27.36057
29.63139
32.70546
34.70298
35.25521
34.9828
35.7266
37.26713
38.35832
28.46996
29.41175
31.27832
33.34803
33.89933
32.37663
30.04626
27.92893
27.30511
28.74479
31.88438
34.11631
33.90303
33.15796
34.05679
35.97919
37.27342
28.1064
28.85617
30.64091
32.74744
33.25235
31.70861
29.43468
27.42103
26.04017
26.31338
29.2124
32.31168
32.88143
31.70855
32.49336
34.33816
35.06644
27.21367
27.72136
29.44873
31.28523
31.84201
30.71676
28.72793
26.96877
25.02044
23.52795
25.26419
28.9562
31.17879
30.57147
30.77129
32.41423
32.70243
26.3086
26.32911
27.85664
29.49132
29.98733
29.32818
27.80536
26.97217
25.60777
23.16613
22.47591
25.33243
28.30405
28.59423
27.99828
29.3077
30.3762
25.34737
25.34268
26.53189
27.55066
28.06763
27.4652
26.42545
26.53196
26.20453
24.46345
22.16961
22.65399
25.38482
26.36243
25.6754
26.4419
28.42154
24.17652
24.46265
24.96686
25.5199
25.917
25.63142
24.64162
24.88458
25.42004
24.79225
22.83774
21.72366
23.00819
24.18573
24.11284
24.73248
28.44123
23.35158
23.48149
23.39248
23.57477
24.20154
24.25463
23.20022
22.85725
23.47232
23.78925
23.22247
22.16944
21.82188
22.2441
22.64764
24.00582
28.91498
22.70854
22.77376
22.4971
22.44813
22.75027
23.08484
22.54722
21.57328
21.61886
22.21786
22.71002
22.64559
22.0225
21.28943
21.08818
22.96405
27.18652
21.95667
22.3153
22.2329
22.10999
21.97986
22.40272
22.44794
21.50405
21.14898
21.40829
21.84822
22.32241
22.37484
21.56586
20.45284
21.68665
23.85727
21.25306
21.7964
21.92877
22.10576
21.99697
22.14989
22.56693
22.3543
21.93572
21.83122
21.58464
21.51315
21.85601
21.72186
20.69074
20.71526
22.01826
20.79533
21.16518
21.7061
22.03209
22.18519
22.19662
22.28653
22.26626
22.00624
21.91489
21.44326
20.84347
20.95568
21.46487
21.36943
20.6001
20.50963
24.78366
22.2358
20.73705
19.8014
19.72123
19.76466
19.46014
18.96806
18.04522
17.75117
17.88535
16.90065
17.94779
22.65042
28.4201
30.82294
29.17754
28.28163
27.8893
27.30692
26.21203
24.35218
23.38251
22.25494
21.11148
19.75422
20.21545
19.38982
18.75458
19.17709
21.68628
25.28228
27.56178
28.8675
28.7699
31.24973
32.81241
33.10663
32.5664
31.54533
28.13556
24.56248
23.20259
23.18192
22.72675
22.65773
21.35738
21.84301
23.24267
26.0161
28.52501
27.30855
30.91541
34.37535
35.86433
36.69386
37.27938
34.9586
30.07655
27.36879
27.21254
29.08958
28.54754
25.86673
24.11868
24.48533
26.74193
28.21145
26.03555
29.60333
33.01309
34.53041
35.68566
37.25964
37.43239
34.61264
31.03726
31.11421
31.91796
32.03871
30.08689
28.26912
27.26101
27.02892
28.28947
25.72033
28.23839
30.24075
30.99416
31.80654
33.26931
34.57408
34.56579
33.47979
33.49711
34.15623
33.86131
32.64347
30.70283
29.34869
27.23585
27.92056
24.66315
26.62895
27.66706
27.50373
27.78491
28.4683
29.81534
32.00378
33.9299
34.56621
34.34772
33.94873
33.03096
31.23494
29.48846
28.13132
27.7032
23.53303
25.08629
25.43158
24.78627
24.57494
25.08003
26.3175
28.68546
31.12504
32.04135
32.43301
33.04657
32.75918
31.40453
29.64416
28.75451
28.20956
22.92898
23.66205
23.99179
23.63021
23.12526
23.08254
23.76169
25.48826
27.81071
29.66022
31.6487
34.08144
35.4009
34.72607
32.40319
30.86896
30.457
24.06274
24.33317
24.57994
24.28748
23.34041
22.77776
22.99614
24.63264
27.2082
29.70323
32.32865
35.75205
38.52254
38.42814
35.98829
34.66081
34.38734
25.58136
27.19443
27.40944
26.94544
26.19459
25.42561
24.68574
25.03818
27.4081
30.60719
33.38757
36.61304
39.52409
39.58091
38.04363
37.61603
37.77519
28.70978
29.98068
30.59642
30.86825
30.58819
29.65948
27.71579
26.19061
27.28678
30.575
33.97711
36.69255
38.45966
38.22219
38.13181
38.9552
39.41608
29.39283
30.62115
31.97606
33.47231
33.94054
32.68442
30.07581
27.71623
27.55426
30.00755
33.59204
36.07041
36.70057
36.22432
36.95546
38.62456
39.67923
28.9463
29.902
31.83605
34.09177
34.79767
33.22065
30.61946
28.27208
27.5107
29.01632
32.55265
35.31765
35.32724
34.46407
35.30379
37.37114
38.72908
28.58601
29.35616
31.18976
33.43446
34.11702
32.60698
30.0948
27.81862
26.27371
26.54573
29.71677
33.32228
34.25743
33.09993
33.79361
35.70933
36.53522
27.77369
28.2987
30.03514
31.95018
32.67327
31.64927
29.46835
27.41715
25.27962
23.7499
25.65768
29.77652
32.45883
32.03153
32.16396
33.7739
34.12373
26.96383
27.02441
28.54507
30.20224
30.81828
30.27841
28.61749
27.49594
25.91194
23.38648
22.77495
25.95409
29.39045
29.99606
29.46028
30.72025
31.76237
26.042
26.13419
27.32537
28.30876
28.88184
28.40396
27.3142
27.18269
26.60918
24.72972
22.43421
23.12634
26.24833
27.57342
27.09326
27.89078
29.8074
24.8608
25.26745
25.7827
26.27874
26.70451
26.56026
25.60486
25.66879
25.94865
25.13407
23.12286
22.12712
23.71123
25.24647
25.45276
26.15523
29.92157
24.00161
24.25258
24.19961
24.37016
25.00091
25.16516
24.20023
23.75193
24.12868
24.22205
23.55236
22.55543
22.44582
23.23851
23.92732
25.43418
30.47254
23.32233
23.51357
23.31285
23.28098
23.57257
23.97594
23.56552
22.57543
22.41235
22.76335
23.11493
23.05228
22.6016
22.19665
22.30171
24.34964
28.68302
22.55394
23.0409
23.06172
22.97198
22.83484
23.28796
23.45516
22.57254
22.0775
22.09584
22.35349
22.76772
22.91191
22.35935
21.54777
22.99597
25.29946
21.84038
22.51613
22.7674
22.98802
22.87368
23.04128
23.54539
23.44185
22.98417
22.68403
22.21818
22.02595
22.40355
22.49973
21.80867
22.10652
23.49907
21.36501
21.8705
22.51543
22.91421
23.07475
23.09051
23.24269
23.33282
23.12398
22.92164
22.23795
21.47647
21.57169
22.26363
22.5131
21.99761
21.90865
24.96821
22.49894
21.06336
20.15337
20.04742
20.04139
19.69072
19.15929
18.29116
18.31555
18.88536
18.08927
18.95105
23.38855
28.99818
31.36246
29.66993
28.44663
28.1207
27.60625
26.56092
24.69421
23.67567
22.51121
21.33838
19.96885
20.59079
20.18156
19.92129
20.35097
22.55759
25.8676
28.08947
29.41416
28.9295
31.46078
33.09221
33.45326
32.93147
31.86795
28.40638
24.80604
23.43432
23.4448
23.31481
23.72025
22.66883
22.94366
23.96339
26.55828
29.10516
27.48528
31.12531
34.63494
36.20734
37.08919
37.64328
35.25489
30.32785
27.61431
27.43754
29.45747
29.39199
27.18849
25.43366
25.37772
27.30268
28.78526
26.24502
29.83474
33.25748
34.85877
36.10212
37.6657
37.77289
34.8927
31.29533
31.36206
32.1603
32.57966
31.22404
29.70288
28.36301
27.63581
28.80837
25.96323
28.50421
30.50006
31.3178
32.23528
33.71333
34.97843
34.90823
33.77186
33.7807
34.39426
34.17515
33.52378
32.0973
30.63721
27.96984
28.39338
24.94864
26.94148
27.97741
27.85534
28.22477
28.96045
30.2984
32.42678
34.28526
34.89572
34.65253
34.19053
33.61265
32.39879
30.79884
29.00847
28.18583
23.86606
25.46891
25.82708
25.20893
25.064
25.62797
26.85599
29.15154
31.51172
32.42551
32.81716
33.3427
33.09789
32.20873
30.83341
29.7429
28.76959
23.2616
24.08904
24.46309
24.13785
23.68
23.65218
24.29442
25.9489
28.19053
30.07243
32.11835
34.48464
35.66819
35.16785
33.35786
31.95824
31.18338
24.31441
24.69566
25.04003
24.81698
23.86605
23.26699
23.46845
25.07494
27.59506
30.12762
32.89947
36.32116
38.91876
38.71183
36.6544
35.72897
35.2892
25.77756
27.47516
27.80003
27.36417
26.5843
25.81775
25.09237
25.45746
27.80696
31.02876
34.03143
37.4076
40.17636
39.95197
38.482
38.53417
38.77799
28.92339
30.26484
30.90792
31.1868
30.93227
30.03609
28.09479
26.58241
27.67859
30.96652
34.61519
37.69674
39.46338
38.84858
38.47934
39.63391
40.40168
29.61597
30.91731
32.27433
33.77966
34.2907
33.0664
30.4578
28.10094
27.93986
30.35845
34.15067
37.13867
38.02275
37.21368
37.45225
39.11781
40.53584
29.11944
30.14265
32.1101
34.40298
35.14192
33.60154
31.0085
28.65446
27.89696
29.34414
32.99959
36.26374
36.79108
35.86512
36.16153
37.88181
39.44423
28.77176
29.61452
31.49843
33.76624
34.47208
33.00176
30.49953
28.20143
26.65363
26.86614
30.05538
34.05811
35.63113
34.80442
35.14016
36.51308
37.21471
28.02594
28.64104
30.44286
32.37772
33.10605
32.0982
29.90603
27.81455
25.65116
24.07965
25.92241
30.31051
33.62285
33.78785
33.91788
34.9967
34.93582
27.28652
27.4601
29.06817
30.75131
31.33802
30.78149
29.09576
27.93014
26.29577
23.74093
23.02226
26.31422
30.29475
31.6088
31.41544
32.33146
32.80513
26.39811
26.63007
27.91384
28.90943
29.42557
28.93269
27.82803
27.6597
27.02681
25.10631
22.722
23.37401
26.92169
28.98711
29.06487
29.78849
31.10305
25.20886
25.76293
26.36707
26.87719
27.27365
27.12387
26.16054
26.18716
26.41204
25.53704
23.46443
22.35124
24.17142
26.40405
27.31887
28.18242
31.53459
24.3214
24.70184
24.76323
24.99786
25.61978
25.77104
24.80596
24.32642
24.64851
24.66286
23.92957
22.82614
22.77013
24.13848
25.60287
27.53203
32.44468
23.62416
23.9268
23.86006
23.92955
24.22912
24.61916
24.22136
23.21797
22.99135
23.2521
23.52583
23.38689
22.87974
22.85634
23.74364
26.3821
30.84578
22.84969
23.44218
23.59381
23.61917
23.51819
23.96202
24.14371
23.27021
22.72028
22.6423
22.80544
23.15154
23.20822
22.83215
22.64719
24.82936
27.49907
22.12716
22.91361
23.29116
23.62442
23.56163
23.73754
24.25514
24.17651
23.68718
23.28972
22.70943
22.44019
22.74853
22.93006
22.75893
23.76165
25.53617
21.63758
22.26055
23.02093
23.54227
23.76617
23.79755
23.96786
24.09205
23.87968
23.59289
22.78139
21.92726
21.96131
22.68995
23.36546
23.43269
23.64837
25.01493
22.56387
21.14616
20.27986
20.23528
20.24011
19.85526
19.27293
18.41227
18.59778
19.52217
19.1251
20.37755
24.92896
30.40727
32.63625
30.82843
28.49371
28.1855
27.68165
26.66481
24.85314
23.85736
22.67433
21.46493
20.0795
20.77162
20.64999
20.80218
21.70497
24.1264
27.35191
29.5112
30.77478
28.98086
31.53137
33.17641
33.55696
33.08173
32.05079
28.57371
24.93719
23.54699
23.56838
23.6366
24.40663
23.84033
24.48097
25.56399
28.06333
30.52418
27.53884
31.19756
34.72462
36.31977
37.24516
37.83207
35.43444
30.47167
27.73172
27.53699
29.64975
29.85792
28.09699
26.80128
26.93528
28.74815
30.11889
26.30123
29.90701
33.34663
34.97875
36.26999
37.86225
37.96954
35.0645
31.43147
31.46773
32.28894
32.85075
31.84368
30.88125
29.87872
29.00876
30.01052
26.0234
28.58052
30.60002
31.45834
32.42795
33.9324
35.2076
35.1279
33.95136
33.91667
34.50964
34.34577
33.96669
33.13608
32.15349
29.38958
29.53487
25.00743
27.02954
28.10716
28.03876
28.46774
29.24335
30.58882
32.70412
34.52248
35.08408
34.80146
34.35062
33.94972
33.27792
32.22261
30.5006
29.3503
23.91719
25.5705
25.99441
25.45359
25.38781
25.9964
27.20187
29.46079
31.79023
32.67233
33.02502
33.52752
33.36747
32.87203
32.09457
31.26582
30.00384
23.29768
24.18488
24.64118
24.42847
24.06492
24.04568
24.63985
26.26241
28.4888
30.3556
32.36405
34.66755
35.86652
35.55268
34.35666
33.50068
32.57452
24.33629
24.76388
25.18991
25.10058
24.20681
23.583
23.76641
25.37584
27.91147
30.44207
33.15903
36.50174
39.0951
38.92984
37.31848
37.18779
36.87424
25.79385
27.53037
27.92775
27.57885
26.82416
26.06208
25.33764
25.71871
28.11279
31.36057
34.33144
37.62498
40.37096
40.11547
38.83469
39.73738
40.49296
28.93738
30.32197
31.0185
31.34394
31.11808
30.24667
28.30851
26.80169
27.94659
31.29382
34.94901
37.96407
39.68559
39.0286
38.63666
40.43787
42.08502
29.6277
30.96461
32.36531
33.89828
34.43437
33.25258
30.67557
28.32559
28.1893
30.66346
34.49608
37.45821
38.28944
37.45111
37.57645
39.53674
41.96028
29.13159
30.18132
32.19039
34.52128
35.29662
33.79728
31.24757
28.90952
28.16149
29.65329
33.35641
36.6234
37.12445
36.17691
36.37154
38.07367
40.38324
28.79832
29.67171
31.61315
33.94651
34.70515
33.25537
30.7719
28.48893
26.94326
27.18507
30.42704
34.45184
36.04018
35.22342
35.48881
36.70247
37.65974
28.07898
28.73241
30.60712
32.64318
33.43587
32.42966
30.22142
28.12881
25.95756
24.39707
26.29697
30.73488
34.08357
34.31044
34.42924
35.33515
35.17388
27.36897
27.59019
29.27373
31.06319
31.71588
31.15925
29.44317
28.26042
26.61315
24.05464
23.38061
26.73321
30.76431
32.18164
32.06506
32.86198
33.07724
26.4945
26.78186
28.13213
29.21496
29.79245
29.32569
28.2002
28.0037
27.35754
25.42963
23.07077
23.76533
27.36776
29.54806
29.79137
30.52287
31.53299
25.30553
25.91097
26.57407
27.16875
27.64294
27.54461
26.56984
26.56191
26.76742
25.87716
23.80901
22.71668
24.57328
26.9077
28.04466
29.0534
32.1811
24.41646
24.83786
24.96027
25.3003
26.00807
26.21759
25.25746
24.74652
25.03705
25.02204
24.27381
23.1734
23.13553
24.5851
26.27766
28.47994
33.38696
23.72375
24.06691
24.05647
24.23613
24.62803
25.08192
24.71005
23.6848
23.41731
23.63943
23.88532
23.73373
23.22208
23.26429
24.37668
27.38264
32.08622
22.95194
23.59963
23.80201
23.91962
23.92224
24.43849
24.65645
23.77593
23.18229
23.06064
23.18781
23.51183
23.54535
23.20673
23.21288
25.78456
28.81408
22.22187
23.08387
23.52213
23.92455
23.95521
24.22142
24.78355
24.71124
24.18941
23.74886
23.12564
22.82495
23.10231
23.29037
23.26822
24.5825
26.72434
21.72088
22.43036
23.2659
23.85345
24.15394
24.27848
24.51054
24.65077
24.42286
24.09949
23.2472
22.34912
22.3447
23.05705
23.82748
24.15054
24.77382
25.02742
22.57629
21.1597
20.29999
20.2777
20.31114
19.95062
19.37017
18.49017
18.64579
19.56831
19.21541
20.62113
25.36783
30.973
33.2904
31.56713
28.51396
28.20403
27.69643
26.68234
24.88613
23.91101
22.74855
21.55289
20.16483
20.83302
20.69144
20.8527
21.86715
24.49594
27.92124
30.29444
31.76066
29.0148
31.56017
33.19533
33.57423
33.11235
32.1011
28.63848
25.01032
23.62666
23.63749
23.67993
24.44078
23.93158
24.76798
26.15055
28.98587
31.76641
27.58941
31.23543
34.74778
36.338
37.27522
37.88037
35.4946
30.53693
27.80185
27.60333
29.69516
29.88425
28.15192
27.0003
27.43232
29.70818
31.56472
26.3689
29.95269
33.37428
34.99931
36.30067
37.91091
38.03172
35.13435
31.50197
31.52963
32.33305
32.87603
31.88131
31.03378
30.3325
30.02378
31.62779
26.10225
28.62981
30.63044
31.48235
32.46294
33.98914
35.2849
35.21759
34.03653
33.98437
34.55924
34.38021
34.00349
33.28675
32.63931
30.48985
31.28329
25.07733
27.07255
28.13561
28.06317
28.50931
29.32181
30.69882
32.8257
34.63305
35.16835
34.86325
34.39941
33.98746
33.42662
32.70463
31.57157
31.09741
23.9675
25.59918
26.01101
25.47333
25.43728
26.09982
27.34225
29.60755
31.92408
32.77852
33.11036
33.59672
33.41664
33.02789
32.55569
32.2277
31.634
23.32353
24.19403
24.64563
24.44481
24.11878
24.14949
24.7799
26.41749
28.63632
30.4735
32.45907
34.74221
35.92458
35.67011
34.70635
34.31108
34.02765
24.35033
24.76708
25.19229
25.11608
24.25016
23.65558
23.87429
25.50893
28.05092
30.55725
33.24548
36.565
39.14071
38.97564
37.50545
37.82438
38.17622
25.80994
27.53436
27.92969
27.58964
26.84907
26.10275
25.40012
25.80434
28.21898
31.46391
34.41514
37.68651
40.42112
40.15625
38.91305
40.14186
41.58211
28.95751
30.32802
31.02086
31.35115
31.13297
30.27144
28.34799
26.86294
28.03239
31.38975
35.03349
38.03592
39.74338
39.07674
38.67955
40.64441
42.87777
29.65746
30.97676
32.36995
33.90594
34.45214
33.28284
30.72212
28.40191
28.29288
30.77374
34.58656
37.53038
38.35083
37.50797
37.62336
39.63198
42.43674
29.17129
30.20929
32.20272
34.53643
35.33151
33.85112
31.31192
29.00351
28.29566
29.80506
33.48698
36.71475
37.19641
36.24288
36.43144
38.12946
40.58408
28.86014
29.73371
31.64284
33.97872
34.76264
33.34007
30.86141
28.59425
27.09347
27.37158
30.61048
34.5909
36.14045
35.30799
35.56704
36.77457
37.71254
28.15499
28.82755
30.66019
32.6935
33.50883
32.5406
30.3397
28.24614
26.10502
24.58593
26.50812
30.92641
34.23001
34.43135
34.53339
35.43535
35.21304
27.44212
27.69605
29.3419
31.11942
31.78905
31.28285
29.58671
28.3944
26.75709
24.23192
23.5932
26.95361
30.95719
32.34742
32.20152
32.98788
33.14902
26.55266
26.87421
28.19827
29.26793
29.86275
29.45634
28.36776
28.1641
27.51505
25.61253
23.28895
24.00068
27.59828
29.75792
29.97015
30.66511
31.63432
25.35093
25.98414
26.63371
27.22387
27.72387
27.68882
26.76711
26.76331
26.95969
26.08105
24.04162
22.9681
24.82756
27.1541
28.25827
29.20366
32.2988
24.45475
24.89941
25.02083
25.3644
26.10245
26.37319
25.47875
24.9902
25.27022
25.25321
24.5233
23.44391
23.41302
24.86211
26.52585
28.66089
33.53603
23.75865
24.12934
24.1265
24.31077
24.73141
25.24373
24.94205
23.95651
23.6796
23.89242
24.15306
24.0267
23.52967
23.5747
24.67811
27.63287
32.29044
22.98054
23.6635
23.88375
24.00575
24.03583
24.6055
24.88722
24.05795
23.46183
23.32638
23.46292
23.81513
23.87648
23.54948
23.55427
26.09904
29.09314
22.24332
23.13971
23.60978
24.02388
24.07668
24.39731
25.01321
24.99745
24.48543
24.02825
23.40033
23.1247
23.44005
23.65143
23.62964
24.93987
27.06368
21.73901
22.47282
23.34635
23.96181
24.28595
24.46625
24.75102
24.94976
24.74163
24.3984
23.53214
22.65285
22.69098
23.4291
24.20045
24.53236
25.16848
25.04355
22.58865
21.17153
20.31188
20.29018
20.32689
19.97329
19.40245
18.53276
18.69056
19.60669
19.23846
20.6318
25.39263
31.00471
33.34267
31.77676
28.53671
28.22369
27.71329
26.69819
24.90166
23.92877
22.76783
21.57682
20.19762
20.87092
20.72369
20.87261
21.87396
24.51389
27.95475
30.36619
31.98781
29.05199
31.59405
33.22241
33.59618
33.13378
32.12364
28.65821
25.02891
23.65056
23.6674
23.70477
24.45911
23.93764
24.77975
26.18942
29.08271
32.0107
27.64661
31.28493
34.78624
36.36908
37.30318
37.90578
35.51656
30.55567
27.82215
27.62684
29.71523
29.90038
28.16104
27.00728
27.46714
29.80443
31.8252
26.44959
30.01755
33.42434
35.04049
36.33352
37.93853
38.05569
35.15528
31.52051
31.54768
32.34746
32.88907
31.89252
31.04163
30.36693
30.12064
31.93151
26.20296
28.70932
30.69203
31.5295
32.4971
34.01701
35.30957
35.23941
34.05562
34.00136
34.57292
34.39351
34.01534
33.29733
32.68042
30.60131
31.62992
25.17833
27.15646
28.20011
28.10666
28.54006
29.34523
30.71763
32.84248
34.64989
35.18556
34.87956
34.41432
33.99817
33.43665
32.74584
31.68439
31.48712
24.04856
25.66716
26.059
25.50207
25.45352
26.11001
27.3503
29.61617
31.93693
32.79492
33.12852
33.61297
33.42704
33.03927
32.59535
32.34849
32.12723
23.37021
24.22765
24.66642
24.45562
24.12334
24.15159
24.78211
26.42219
28.64622
30.48715
32.47457
34.75605
35.93438
35.67905
34.72976
34.39949
34.41694
24.37833
24.78416
25.20103
25.11962
24.25138
23.65652
23.87587
25.51229
28.05874
30.56884
33.25844
36.57726
39.15141
38.98198
37.50891
37.85502
38.36252
25.83895
27.55459
27.93886
27.5922
26.85032
26.10501
25.40321
25.80716
28.22488
31.47466
34.42797
37.70002
40.43592
40.1701
38.92009
40.1646
41.71523
28.99142
30.35508
31.03386
31.35602
31.13727
30.27788
28.35457
26.86782
28.03852
31.40085
35.04624
38.04865
39.75837
39.09219
38.68767
40.66045
42.96992
29.70455
31.0161
32.39398
33.92016
34.46659
33.29604
30.73335
28.41118
28.30391
30.79184
34.60519
37.54385
38.36329
37.52373
37.63364
39.64244
42.49533
29.22948
30.27437
32.25295
34.57194
35.36335
33.87156
31.32685
29.0176
28.31446
29.83739
33.52496
36.74337
37.21317
36.26065
36.44508
38.13921
40.61337
28.94201
29.84631
31.73854
34.05
34.81468
33.36678
30.8795
28.61347
27.11754
27.41239
30.67073
34.6469
36.17554
35.33492
35.58872
36.7898
37.72527
28.24223
28.96695
30.80261
32.80249
33.57436
32.5719
30.36102
28.27042
26.13206
24.62487
26.57583
31.00726
34.29409
34.47605
34.5661
35.45805
35.22536
27.51616
27.82946
29.49974
31.24103
31.85446
31.31895
29.61248
28.42485
26.79169
24.27377
23.65658
27.0422
31.04387
32.41251
32.2468
33.01828
33.16698
26.60478
26.97775
28.33802
29.3836
29.92726
29.50401
28.39955
28.20312
27.5652
25.67146
23.35953
24.09195
27.69798
29.84371
30.03051
30.70125
31.6545
25.38376
26.06134
26.75201
27.3352
27.7963
27.75517
26.80752
26.81479
27.02957
26.16253
24.13027
23.07008
24.94154
27.26208
28.33533
29.24379
32.32364
24.47818
24.95708
25.1242
25.47391
26.18843
26.45377
25.53014
25.05176
25.3552
25.35564
24.63444
23.56613
23.55049
25.00144
26.6315
28.72381
33.58117
23.77636
24.17522
24.21211
24.41083
24.82096
25.33127
25.0087
24.02285
23.7704
24.00737
24.28275
24.16786
23.68969
23.74745
24.82649
27.73934
32.36555
22.99296
23.69534
23.94566
24.08815
24.11794
24.69993
24.97484
24.13004
23.55747
23.44495
23.59623
23.95668
24.03655
23.73611
23.73708
26.24321
29.19828
22.25392
23.15929
23.6489
24.08527
24.14943
24.4978
25.12255
25.08679
24.59396
24.15771
23.53289
23.25413
23.58518
23.82594
23.81999
25.11051
27.19917
21.74993
22.4865
23.37063
24.00374
24.3454
24.5565
24.87473
25.07084
24.87275
24.55165
23.68378
22.78884
22.83377
23.59682
24.38454
24.71635
25.3299
25.07268
22.61385
21.19221
20.32799
20.30618
20.34861
20.00385
19.43811
18.56795
18.7259
19.63833
19.26036
20.64435
25.39907
31.00789
33.34316
31.78461
28.57683
28.2577
27.73766
26.71754
24.92118
23.95292
22.79521
21.60536
20.22408
20.89579
20.74357
20.88376
21.8799
24.51734
27.95763
30.36797
31.99391
29.10948
31.64099
33.25455
33.62045
33.15909
32.15334
28.68718
25.0537
23.67173
23.68582
23.71765
24.46561
23.94075
24.7816
26.19259
29.08729
32.01714
27.72069
31.34166
34.82685
36.40143
37.33624
37.94126
35.55008
30.58279
27.84212
27.64143
29.72424
29.90432
28.16299
27.00811
27.46956
29.81127
31.83269
26.53817
30.08368
33.47461
35.08243
36.37479
37.98093
38.09525
35.1846
31.53812
31.55756
32.35162
32.89039
31.89342
31.04206
30.36954
30.12908
31.94118
26.30596
28.78646
30.75144
31.57819
32.54375
34.06403
35.35101
35.26688
34.07001
34.00726
34.57436
34.39386
34.01587
33.29748
32.68379
30.60989
31.64332
25.28483
27.2356
28.25913
28.15241
28.58405
29.38794
30.74978
32.86023
34.65739
35.18759
34.87979
34.41443
33.99838
33.43665
32.74883
31.68972
31.5084
24.1366
25.72714
26.09826
25.53184
25.48105
26.13354
27.36422
29.62184
31.93871
32.79535
33.12867
33.61306
33.42722
33.0393
32.59699
32.35115
32.15491
23.41703
24.25274
24.68106
24.46682
24.13267
24.15743
24.78488
26.42387
28.64753
30.48777
32.47472
34.75612
35.93459
35.6792
34.7303
34.40197
34.42181
24.40103
24.79518
25.20704
25.1235
24.25408
23.65868
23.87845
25.51536
28.06141
30.57001
33.25871
36.57746
39.15184
38.98248
37.50949
37.85727
38.3666
25.86183
27.56782
27.94578
27.59534
26.85348
26.11027
25.40942
25.81227
28.2284
31.47661
34.42873
37.70034
40.43663
40.17119
38.92115
40.16641
41.71827
29.02005
30.3737
31.04433
31.36168
31.14768
30.29333
28.36773
26.87602
28.04338
31.4042
35.04802
38.04928
39.75897
39.09344
38.68908
40.66239
42.97231
29.74302
31.04405
32.4124
33.93474
34.49498
33.3278
30.75634
28.42439
28.31203
30.79827
34.60975
37.54593
38.36399
37.52508
37.63563
39.64435
42.49806
29.27691
30.31795
32.28516
34.60469
35.4175
33.92204
31.35878
29.03515
28.32614
29.84801
33.53476
36.74955
37.21547
36.26292
36.44841
38.14183
40.61603
29.00917
29.91449
31.79292
34.11498
34.89813
33.43638
30.92134
28.63531
27.13117
27.42481
30.68508
34.65937
36.18265
35.33973
35.59495
36.79496
37.72845
28.3159
29.04839
30.87815
32.90337
33.68123
32.65811
30.41399
28.29819
26.14799
24.63757
26.59083
31.02448
34.30783
34.48422
34.57486
35.46657
35.22997
27.57976
27.90952
29.58488
31.35974
31.9717
31.41841
29.67908
28.46177
26.81368
24.29045
23.67261
27.06108
31.0628
32.42559
32.25866
33.03065
33.17366
26.64537
27.04152
28.42165
29.5015
30.05224
29.62397
28.4877
28.25562
27.59791
25.69584
23.38136
24.11431
27.72268
29.86574
30.04865
30.71812
31.66395
25.40765
26.10468
26.82232
27.44277
27.93439
27.90189
26.92722
26.8918
27.07745
26.19576
24.15943
23.09976
24.97477
27.29708
28.36463
29.26917
32.34386
24.49601
24.98805
25.18033
25.56602
26.3253
26.60696
25.6785
25.15494
25.4204
25.39993
24.67196
23.60469
23.5936
25.05216
26.68059
28.76922
33.62623
23.79496
24.20394
24.26159
24.48737
24.92979
25.46749
25.16615
24.14772
23.85381
24.06566
24.3293
24.21267
23.73787
23.80721
24.89648
27.80934
32.43492
23.01347
23.72359
23.98909
24.14864
24.19766
24.80767
25.11282
24.26535
23.66357
23.52457
23.65541
24.00604
24.08294
23.7909
23.81054
26.32647
29.28206
22.27603
23.18364
23.67973
24.12806
24.20456
24.5782
25.23343
25.22056
24.72322
24.26764
23.61762
23.31952
23.63828
23.87722
23.88164
25.19447
27.29174
21.7726
22.50636
23.39075
24.03197
24.38261
24.61443
24.96354
25.19242
25.0156
24.69284
23.80716
22.89153
22.9146
23.66686
24.45057
24.79374
25.41953
25.10437
22.63981
21.21091
20.34201
20.31878
20.3628
20.02238
19.46308
18.59585
18.7512
19.65782
19.27153
20.65027
25.40232
31.00887
33.34318
31.78456
28.62032
28.2915
27.76041
26.7354
24.93686
23.96841
22.81108
21.62493
20.2468
20.91756
20.75911
20.89101
21.88277
24.51879
27.95815
30.36791
31.99429
29.17173
31.68726
33.28585
33.64419
33.18027
32.17308
28.70467
25.07119
23.6909
23.70382
23.72922
24.47028
23.9419
24.78204
26.19285
29.08722
32.01776
27.80388
31.40037
34.86876
36.43336
37.36377
37.96593
35.57203
30.60287
27.8597
27.65485
29.73156
29.90657
28.16333
27.00818
27.46956
29.81127
31.83347
26.64179
30.1551
33.52716
35.12199
36.40797
38.01057
38.12209
35.20671
31.55278
31.56556
32.35433
32.8909
31.89354
31.04206
30.36955
30.12908
31.94211
26.42724
28.86944
30.8104
31.61984
32.57786
34.09468
35.37857
35.2876
34.08178
34.01184
34.57527
34.39409
34.01587
33.29748
32.68371
30.60984
31.64369
25.40558
27.31749
28.31142
28.18532
28.61036
29.41217
30.77074
32.87431
34.66396
35.18937
34.88013
34.41451
33.99838
33.43665
32.74883
31.68968
31.50832
24.23106
25.7818
26.12563
25.54722
25.49284
26.14478
27.37381
29.62752
31.94118
32.79628
33.12905
33.61318
33.42722
33.0393
32.59699
32.35115
32.15487
23.46224
24.27011
24.68738
24.46991
24.13498
24.15994
24.7879
26.42709
28.6502
30.489
32.47518
34.75635
35.93456
35.67922
34.73031
34.40199
34.42182
24.42323
24.80274
25.21001
25.12462
24.2551
23.66076
23.88266
25.52098
28.06616
30.57215
33.25951
36.57793
39.15206
38.98244
37.50948
37.85727
38.36658
25.88513
27.57988
27.95123
27.59716
26.85579
26.11576
25.4187
25.82229
28.23569
31.48059
34.43047
37.70123
40.43715
40.17135
38.92118
40.16641
41.71827
29.04954
30.39333
31.05373
31.36591
31.15546
30.30816
28.38774
26.89314
28.05405
31.41098
35.05188
38.05117
39.7598
39.09384
38.68938
40.66251
42.97234
29.7858
31.07369
32.42963
33.94734
34.51567
33.35769
30.79014
28.45065
28.32877
30.81068
34.61848
37.55054
38.36578
37.52605
37.63641
39.64481
42.49823
29.33438
30.36329
32.3196
34.63481
35.45717
33.96996
31.40463
29.0691
28.34971
29.86754
33.55148
36.76052
37.22069
36.26596
36.45102
38.14313
40.61639
29.09202
29.98814
31.85605
34.16955
34.95831
33.50244
30.9791
28.67661
27.15972
27.4484
30.70884
34.6796
36.19513
35.34691
35.60077
36.79794
37.72914
28.40934
29.14273
30.96517
32.97432
33.75346
32.73967
30.48566
28.3496
26.18242
24.66359
26.6169
31.0514
34.32881
34.49647
34.58331
35.47125
35.23093
27.66128
27.99873
29.66922
31.42988
32.04734
31.51194
29.76699
28.52933
26.86039
24.32511
23.70188
27.08988
31.08892
32.44361
32.27003
33.03695
33.17499
26.69797
27.10285
28.48551
29.56611
30.13421
29.7295
28.59605
28.34806
27.66538
25.7457
23.41992
24.14595
27.75184
29.89131
30.06643
30.72754
31.66714
25.44178
26.1456
26.87277
27.50916
28.02482
28.01729
27.05553
27.01222
27.17091
26.26321
24.2092
23.13861
25.00836
27.33059
28.39259
29.28699
32.35529
24.52577
25.02505
25.22984
25.63178
26.41376
26.72024
25.81346
25.29257
25.53331
25.48374
24.7338
23.65393
23.63414
25.09329
26.72321
28.80479
33.65598
23.82775
24.24649
24.3128
24.54443
25.0025
25.56401
25.2907
24.28633
23.97506
24.15863
24.40218
24.2732
23.78706
23.85379
24.94982
27.85917
32.47903
23.0495
23.76816
24.03496
24.19092
24.24729
24.87904
25.21432
24.39311
23.78738
23.62433
23.73743
24.07828
24.14301
23.84233
23.86318
26.37866
29.32878
22.31328
23.22114
23.7112
24.15459
24.23517
24.62554
25.30836
25.33108
24.84373
24.37396
23.71054
23.40779
23.71744
23.9432
23.93777
25.24659
27.33786
21.80897
22.53502
23.41133
24.04953
24.4049
24.64766
25.01572
25.28088
25.12595
24.79983
23.91117
22.99912
23.0194
23.75982
24.52992
24.85402
25.46906
