 1
 1
 1
 1
 1
 1
 1
 1
 1
 1
 1
 1
 1
 1
 0
 0
 0
 1
 1
 1
 1
 1
 1
 1
 1
 1
 1
 1
 1
 1
 1
 0
 0
 0
 1
 1
 1
 1
 1
 1
 1
 1
 1
 1
 1
 1
 1
 1
 1
 0
 0
 1
 1
 1
 1
 1
 1
 1
 1
 1
 1
 1
 1
 1
 1
 1
 1
 0
 1
 1
 1
 1
 1
 1
 1
 1
 1
 1
 1
 1
 1
 1
 1
 1
 1
 1
 1
 1
 1
 1
 1
 1
 1
 1
 1
 1
 1
 1
 1
 1
 1
 1
 1
 1
 1
 1
 1
 1
 1
 1
 1
 1
 1
 1
 1
 1
 1
 1
 1
 1
 1
 1
 1
 1
 1
 1
 1
 1
 1
 1
 1
 1
 1
 1
 1
 1
 1
 1
 1
 1
 1
 1
 1
 1
 1
 1
 1
 1
 1
 1
 1
 1
 1
 1
 1
 1
 1
 1
 1
 1
 1
 1
 1
 1
 1
 1
 1
 1
 1
 1
 0
 1
 1
 1
 1
 1
 1
 1
 1
 1
 1
 1
 1
 1
 1
 1
 1
 1
 1
 1
 1
 1
 1
 1
 1
 1
 1
 1
 1
 1
 1
 1
 1
 1
 1
 1
 1
 1
 1
 1
 1
 1
 1
 1
 1
 1
 1
 1
 1
 1
 1
 1
 1
 1
 1
 1
 1
 1
 1
 1
 1
 1
 1
 1
 1
 1
 1
 1
 1
 1
 1
 1
 1
 1
 1
 1
 1
 1
 1
 1
 1
 1
 1
 1
 1
 1
 1
 1
 1
 1
 1
 1
 1
 1
 1
 1
 1
 1
 1
 1
 1
 1
 1
 1
 1
 1
 1
 1
 1
 1
 1
 1
 1
 1
 1
 1
 1
 1
 1
 1
 1
 1
 1
 1
 1
 1
 1
 1
 1
 1
 1
 1
 1
 1
 1
 1
 1
 1
 1
 1
 1
 1
 1
 1
 1
 1
 1
 1
 1
 1
 1
 1
 1
 1
 1
 1
 1
 1
 1
 1
 1
 1
 1
 1
 1
 1
 1
 1
 1
 1
 1
 1
 1
 1
 1
 1
 1
 1
 1
 1
 1
 1
 1
 1
 1
 1
 1
 1
 1
 1
 1
 1
 1
 1
 1
 1
 1
 1
 1
 1
 1
 1
 1
 1
 1
 1
 1
 1
 1
 1
 1
 1
 1
 1
 1
 1
 1
 1
 1
 1
 1
 1
 1
 1
 1
 1
 1
 1
 1
 1
 1
 1
 1
 1
 1
 1
 1
 1
0.984449
0.9778367
0.9842094
0.6719238
0.6283327
0.8843479
0.8973799
0.9258104
0.9258197
0.9144577
0.863376
0.4962936
0.4314977
0.4686317
0.507515
0.4331336
0.3248443
0.7979986
0.7760423
1.039216
1.033768
0.7020742
0.9006522
0.6144201
0.6319992
0.6346591
0.9066406
0.869096
0.5148067
0.4639002
0.4862809
0.7071811
0.432395
0.3698128
0.8432115
0.8751243
0.840581
1.06559
1.030631
0.9740589
0.6523399
0.641614
0.6459824
0.6665043
0.6680908
0.604371
0.5187489
0.5103593
0.5358679
0.4925032
0.4065894
1.069649
0.8560512
0.8633242
1.042797
1.01028
0.9978895
0.9661118
0.9488217
0.9541803
0.9870536
1.003925
0.6949691
0.6019029
0.7818229
0.771881
0.7322525
0.4240537
0.756538
0.7898433
1.064492
1.001256
0.9720628
0.9809753
0.989252
0.9847464
0.7213365
0.7585088
0.7667412
1.000074
0.9231343
0.8272443
0.7762904
0.7268077
0.651172
0.9842287
0.746543
0.9877422
0.9526275
0.6859693
0.9698342
0.9961863
1.025729
1.04326
1.056795
1.035993
1.001747
0.9387418
0.8586296
0.5521201
0.4981585
0.6731302
0.9106535
0.6704813
0.9281877
0.9074202
0.935351
0.9649815
0.9945548
1.03979
1.06057
1.037527
0.9970605
0.96338
0.9033446
0.8294089
0.7887182
0.5019352
0.4542269
0.8657876
0.8738944
0.8684109
0.8652501
0.8985634
0.9446265
0.9806325
1.006822
1.013061
0.998162
0.992367
0.9798423
0.9147822
0.8237518
0.7814245
0.7681055
0.4735789
0.8626684
0.8599266
0.8575901
0.8618771
0.8879605
0.9332266
0.9776601
1.010603
1.029938
1.021465
0.7528732
0.783964
0.7580961
0.6470692
0.560899
0.5651774
0.550055
0.8720028
0.873377
0.8755218
0.89094
0.9267163
0.9647386
0.7369555
1.053409
1.101157
0.8270303
0.7860567
0.8149023
0.8487979
0.7495928
0.6171914
0.6170204
0.6391786
0.01059723
0.6393539
0.6633391
0.705404
1.014002
1.044593
0.7853053
0.7866614
0.8291345
0.875953
0.8462063
0.8229351
0.8492758
0.7817205
0.6710029
0.6564019
0.6796204
0.6807724
0.7316039
0.788631
1.102356
0.8658642
0.8725649
0.8477914
0.8009276
0.8016068
0.8619001
0.8782278
0.8339498
0.8073925
0.7576469
0.7042475
0.7048969
0.7030791
0.7178147
0.7901021
0.8794252
0.9503518
0.945568
0.8969715
0.857358
0.8335652
0.8257542
0.850538
0.8741313
0.836552
0.7868888
0.7462298
0.7198532
0.7335314
0.7315342
0.7378568
0.808331
0.896276
0.9702404
1.195519
0.8529669
0.8094277
0.8080062
0.8159608
0.826779
0.8610142
0.8556842
0.8031731
0.7593284
0.740387
0.7483448
0.7385203
0.7380315
0.8015931
0.8742265
0.9280424
1.132641
0.7959742
0.7654148
0.7592615
0.753296
0.7532147
0.7964332
0.8579056
0.8452753
0.7824421
0.7587669
0.7590547
0.7275714
0.7045029
0.7629167
0.8209826
0.8565363
1.061009
0.7482184
0.7430485
0.7479483
0.729051
0.7028403
0.7226871
0.7946379
0.8434255
0.7951583
0.7593614
0.7629436
0.7298247
0.6382952
0.6899071
0.748494
1.032766
0.7348009
0.7075161
0.7282274
0.7613297
0.7643214
0.7310598
0.7042696
0.7431893
0.8023987
0.7964475
0.758435
0.7629668
0.7480522
0.8753312
0.6484159
0.9758987
0.9913603
0.9660881
0.6907582
0.7205091
0.7710239
0.7957829
0.7907779
0.7486429
0.7325799
0.7792702
0.8019923
0.7733459
0.76868
0.7692899
0.8955338
0.9218783
0.9644783
0.9788585
0.7062601
0.693698
0.7194321
0.7726351
0.8027722
0.8067006
0.7919348
0.7672929
0.7760804
0.795338
0.7940391
0.8075562
0.8474816
0.9258114
0.9427539
0.9700471
0.7249172
0.7339072
0.7216838
0.731463
0.7711917
0.8002831
0.8185881
0.8341623
0.8355042
0.8093308
0.7937049
0.7938942
0.8079776
0.8794302
0.9235587
0.9550802
0.9820676
0.7456702
0.7665132
0.7660534
0.7595389
0.783927
0.8117236
0.8403203
0.8700399
0.8814881
0.8491321
0.8107402
0.7931339
0.7879539
0.8139438
0.9025695
0.9511195
0.9846647
1.017426
0.7797022
0.799918
0.7938575
0.8070365
0.8490248
0.8832753
0.9075956
0.9237787
0.8984327
0.8394197
0.8017094
0.7729087
0.7565556
0.8789376
0.9288451
0.6990227
0.9999787
1.030058
0.805406
0.8218836
0.8291596
0.8752576
0.9322244
0.9609053
0.9768857
0.964272
0.8956127
0.8227191
0.7711297
0.7453378
0.8586432
0.6300459
0.6707822
0.7008596
1.000862
1.045388
0.8326742
0.8582337
0.8910103
0.9507056
1.003256
1.027221
1.00966
0.9544196
0.89187
0.8163162
0.7611123
2.24513
2.110216
2.027268
1.531434
1.250796
1.385842
1.420474
1.526355
1.613495
1.709774
1.75273
1.345214
1.14822
1.127019
1.184196
1.080395
0.880218
2.12225
1.993692
2.162665
2.067383
1.523913
1.494896
1.150251
1.230096
1.332239
1.742045
1.831443
1.488307
1.384167
1.335948
1.474075
1.097304
0.997039
2.024208
2.068489
1.930199
2.040869
1.939362
1.797807
1.401568
1.381758
1.460913
1.607145
1.750464
1.740251
1.595595
1.471686
1.409987
1.269481
1.080187
2.02121
1.861778
1.851998
1.861436
1.789766
1.829026
1.822583
1.816334
1.875535
2.022807
2.168212
1.913957
1.750058
1.776189
1.67122
1.556571
1.100431
1.616841
1.638794
1.892346
1.695318
1.599976
1.709912
1.864362
1.938641
1.723942
1.858936
1.951026
2.210092
2.074577
1.849548
1.690266
1.533746
1.319149
1.816322
1.545807
1.7161
1.601912
1.333909
1.717775
1.911784
2.090654
2.188419
2.257385
2.249325
2.198164
2.092338
1.930127
1.51062
1.295188
1.302391
1.557208
1.343844
1.586825
1.541884
1.66618
1.830568
1.992176
2.182392
2.299698
2.290876
2.234915
2.181204
2.080652
1.912142
1.741722
1.276598
1.041697
1.286819
1.388962
1.445435
1.493907
1.677642
1.90131
2.051316
2.168711
2.2691
2.308316
2.32298
2.314987
2.214204
1.979984
1.735308
1.533177
1.049919
1.250136
1.38242
1.53457
1.663765
1.813075
2.022846
2.214038
2.355665
2.468941
2.462598
2.129677
2.156477
2.12082
1.878642
1.52771
1.317558
1.170984
1.734265
1.875012
2.029408
2.181941
2.269475
2.358503
2.205917
2.582997
2.691235
2.35817
2.122461
2.066671
2.116184
1.932569
1.526121
1.287711
1.266864
1.240595
2.069811
2.232045
2.369572
2.701663
2.693136
2.342758
2.237409
2.254459
2.285331
2.102726
1.909871
1.908375
1.792763
1.474714
1.242326
1.228473
1.898927
2.139153
2.355308
2.752712
2.535415
2.488868
2.30681
2.042282
1.92322
1.994543
1.983733
1.799058
1.675986
1.573259
1.399826
1.28511
1.192346
1.768708
1.987326
2.241606
2.409173
2.383077
2.223011
2.028921
1.848311
1.724411
1.727256
1.783932
1.703432
1.551431
1.429184
1.316195
1.291291
1.222712
1.718183
1.888978
2.090591
2.235117
2.387275
1.866798
1.660584
1.568957
1.51865
1.489918
1.561128
1.591837
1.490427
1.363034
1.266094
1.245465
1.201466
1.732472
1.839865
1.955139
2.024051
2.13703
1.626187
1.418396
1.296774
1.222193
1.184798
1.269234
1.431579
1.445633
1.313864
1.230818
1.212576
1.136366
1.544935
1.658379
1.707443
1.707959
1.84105
1.429282
1.297254
1.198702
1.076776
0.9598951
1.001197
1.192271
1.334712
1.259289
1.177538
1.189538
1.137407
1.315185
1.361291
1.40176
1.638483
1.312015
1.238984
1.206585
1.243345
1.225345
1.073811
0.9271154
1.019146
1.188977
1.211452
1.126958
1.129446
1.146227
1.626979
1.225451
1.56511
1.574224
1.525918
1.162068
1.149186
1.266675
1.345226
1.322833
1.144759
1.003625
1.126203
1.246217
1.215137
1.170746
1.202985
1.644254
1.555212
1.598917
1.619966
1.320392
1.184588
1.11416
1.203935
1.262002
1.273165
1.250648
1.145775
1.100664
1.204292
1.258971
1.262004
1.438909
1.532395
1.529008
1.527141
1.302107
1.314974
1.259058
1.140673
1.09802
1.11237
1.140746
1.197242
1.23427
1.123568
1.076533
1.121827
1.152016
1.391798
1.418148
1.426046
1.424755
1.220026
1.281072
1.332658
1.277324
1.109694
1.080765
1.101399
1.151515
1.227501
1.200321
1.072553
1.013569
1.011945
1.0842
1.351109
1.390505
1.410508
1.453156
1.258496
1.363665
1.403276
1.239299
1.166948
1.174604
1.183719
1.261273
1.309086
1.209524
1.04149
0.9646639
0.9233763
1.315068
1.367874
1.143209
1.44312
1.48059
1.320067
1.435431
1.359914
1.208878
1.23845
1.270138
1.305127
1.346843
1.304753
1.156791
1.020128
0.9691581
1.282753
1.054154
1.099155
1.127458
1.419199
1.482153
1.347702
1.402847
1.283859
1.245756
1.313479
1.34257
1.301274
1.253413
1.21454
1.118725
0.9967978
3.703137
3.585823
3.552046
2.990342
2.532459
2.590137
2.642307
2.764212
2.84688
2.972793
3.024684
2.464825
2.150996
2.235071
2.451576
2.333882
2.024688
3.726829
3.639448
3.86278
3.774101
3.046314
2.791795
2.349618
2.414502
2.525486
2.990204
3.121641
2.698659
2.563482
2.600883
2.804222
2.406861
2.309212
3.507489
3.683354
3.575945
3.676643
3.518789
3.255095
2.726191
2.615395
2.684106
2.907181
3.158055
3.149112
2.932182
2.79314
2.767753
2.661702
2.467553
3.270864
3.261499
3.313496
3.250682
3.173497
3.219995
3.163831
3.084131
3.139081
3.38389
3.661682
3.440236
3.171069
3.078931
2.986583
2.918368
2.440683
2.839594
2.915118
3.198311
2.916326
2.782603
2.96005
3.173908
3.222886
2.98947
3.209839
3.402786
3.691086
3.454478
3.101193
2.913122
2.765037
2.561052
3.113402
2.861761
3.000486
2.827568
2.556586
2.977038
3.230418
3.430736
3.519413
3.630669
3.650236
3.572726
3.384809
3.148457
2.680456
2.407101
2.408004
2.716872
2.580528
2.832149
2.781965
2.987216
3.179935
3.335032
3.556314
3.701352
3.684037
3.592768
3.488256
3.319191
3.080669
2.848809
2.297058
2.021391
2.180104
2.43973
2.584894
2.669766
2.952726
3.221287
3.355584
3.492872
3.648034
3.685562
3.668197
3.647398
3.493946
3.142388
2.78637
2.492338
1.955774
2.116621
2.442606
2.721066
2.880935
3.073699
3.376903
3.649272
3.853934
4.00087
3.908566
3.491932
3.535392
3.478046
3.098438
2.558616
2.249295
2.087846
3.147672
3.393785
3.632296
3.827817
3.906757
4.038492
3.947303
4.348102
4.442985
3.953757
3.502362
3.400986
3.459934
3.154059
2.500254
2.143753
2.179504
2.986818
3.980921
4.274968
4.472353
4.756424
4.660277
4.196731
3.963621
3.909966
3.8382
3.43566
3.096097
3.083312
2.871382
2.335082
1.976716
2.026021
3.663489
4.078643
4.466111
4.899735
4.618561
4.421356
4.00368
3.483742
3.237592
3.271719
3.148729
2.805293
2.615975
2.434573
2.132419
1.947107
1.859632
3.464784
3.787144
4.18909
4.400795
4.254917
3.871085
3.41923
3.024263
2.775343
2.739847
2.767014
2.585099
2.32955
2.125315
1.942528
1.911909
1.84271
3.41573
3.604777
3.887608
4.072138
4.061553
3.242366
2.785914
2.568614
2.441095
2.3604
2.433559
2.43236
2.219489
1.976481
1.815677
1.807441
1.781398
3.434471
3.523546
3.65242
3.7421
3.715408
2.903724
2.434308
2.180818
2.020867
1.923865
2.01997
2.22127
2.184034
1.905438
1.749944
1.733349
1.642598
2.999856
3.16
3.209761
3.209094
3.272095
2.65663
2.30949
2.0756
1.815181
1.566166
1.606425
1.886538
2.076974
1.895976
1.711014
1.714453
1.629781
2.491035
2.523562
2.586642
2.845065
2.540563
2.372752
2.206413
2.196148
2.098569
1.767197
1.480776
1.642817
1.907967
1.888828
1.6719
1.644049
1.678471
2.796035
2.211098
2.592784
2.680394
2.683223
2.237466
2.107855
2.237249
2.332416
2.226759
1.858891
1.618638
1.808132
1.95167
1.844919
1.769673
1.868564
2.761877
2.608439
2.695493
2.775747
2.498563
2.224792
1.982514
2.049528
2.141669
2.152011
2.039506
1.790672
1.71076
1.875225
1.937831
1.94852
2.332603
2.482596
2.534614
2.531976
2.328014
2.368201
2.24648
1.882165
1.724756
1.738143
1.801395
1.878409
1.870133
1.663732
1.611856
1.66736
1.717656
2.197689
2.23873
2.259036
2.1972
1.990929
2.09163
2.220553
2.008023
1.580467
1.519721
1.57046
1.689523
1.818785
1.746675
1.542099
1.441243
1.436571
1.578429
2.022298
2.089517
2.068071
2.068063
1.886563
2.084929
2.130618
1.72354
1.573202
1.595781
1.667832
1.835645
1.920351
1.764621
1.480024
1.336796
1.256415
1.876856
1.960503
1.759203
2.046881
2.045342
1.892718
2.051206
1.875537
1.596061
1.674183
1.761183
1.854072
1.957403
1.934942
1.699598
1.451275
1.368621
1.829295
1.607161
1.677363
1.719881
1.977026
2.000426
1.895023
1.943096
1.679091
1.637722
1.77803
1.836974
1.817431
1.835183
1.842153
1.66827
1.41892
5.330616
5.286539
5.381609
4.783209
4.231989
4.350967
4.50473
4.70045
4.8093
4.966687
5.001015
4.207495
3.693951
3.834749
4.191015
4.104273
3.672227
5.752409
5.725303
6.059976
6.008245
5.13945
4.76994
4.271472
4.30838
4.419367
4.942935
5.128448
4.609107
4.411998
4.505375
4.713565
4.268841
4.137404
5.611565
5.992107
5.986933
6.096952
5.87712
5.519709
4.84069
4.532076
4.488186
4.753797
5.107508
5.107919
4.847114
4.724599
4.730235
4.65429
4.432895
5.088676
5.367569
5.576632
5.42976
5.268886
5.322023
5.230008
4.995518
4.92006
5.204653
5.60564
5.430609
5.082849
4.915032
4.87972
4.879642
4.360857
4.441007
4.713289
5.109169
4.701241
4.430373
4.647185
4.96866
5.008132
4.706254
4.977253
5.269942
5.609625
5.313083
4.863067
4.680885
4.565137
4.336185
4.715689
4.563248
4.694309
4.408879
4.027421
4.43935
4.795687
5.074018
5.185277
5.343123
5.400131
5.328047
5.11413
4.847846
4.349957
4.043779
4.011985
4.215343
4.201682
4.438514
4.316406
4.497126
4.664226
4.843153
5.152722
5.370092
5.363807
5.250679
5.106624
4.907603
4.650414
4.380441
3.785879
3.474578
3.442751
3.913421
4.114798
4.152211
4.443499
4.701473
4.815335
5.003888
5.253665
5.32618
5.309434
5.288768
5.094515
4.652593
4.216971
3.885191
3.321706
3.280757
3.840529
4.1798
4.275139
4.448427
4.805077
5.144471
5.448942
5.681102
5.582033
5.202072
5.337531
5.275428
4.736896
4.00794
3.654273
3.491845
4.807524
5.100321
5.336448
5.492588
5.511604
5.68783
5.690859
6.187118
6.350249
5.808496
5.288634
5.274845
5.398615
4.933443
3.975435
3.533822
3.625942
5.131256
6.189643
6.508576
6.678433
6.850206
6.640431
6.090911
5.815242
5.802247
5.727474
5.209991
4.851859
4.914552
4.58718
3.748285
3.230594
3.35338
5.897726
6.404488
6.849299
7.231145
6.843034
6.447488
5.780818
5.061461
4.793409
4.884869
4.726354
4.310425
4.124555
3.858814
3.365564
3.045911
2.975485
5.502612
5.868355
6.325315
6.512408
6.220957
5.575907
4.836511
4.252279
3.94787
3.955569
4.024148
3.80944
3.500819
3.218284
2.937572
2.853906
2.797912
5.261491
5.415871
5.739591
5.921936
5.69393
4.540195
3.820999
3.500299
3.327493
3.245975
3.389457
3.434965
3.157822
2.805551
2.579704
2.574282
2.593771
5.212615
5.21618
5.340158
5.434946
5.183444
3.991068
3.260174
2.906441
2.683147
2.551378
2.697578
3.001
2.967848
2.555747
2.341484
2.354764
2.307513
4.554735
4.700123
4.735448
4.734707
4.632358
3.696746
3.129818
2.763575
2.355829
2.002959
2.073853
2.46523
2.747118
2.481119
2.221515
2.291382
2.24918
3.835664
3.795886
3.87041
4.140183
3.791491
3.409792
3.092419
3.030471
2.789906
2.234891
1.855626
2.12311
2.49175
2.447967
2.147583
2.198679
2.33007
4.289167
3.441679
3.825866
3.952608
3.954477
3.327154
3.04777
3.195799
3.252297
2.970288
2.383402
2.110397
2.391016
2.580035
2.462331
2.461025
2.688917
4.253955
3.957482
4.060787
4.187194
3.895791
3.359082
2.903965
2.952684
3.063969
2.996807
2.719272
2.341088
2.2956
2.558321
2.668068
2.779269
3.477559
3.756781
3.781046
3.763647
3.596773
3.678072
3.350682
2.67854
2.443599
2.457338
2.511757
2.528444
2.429611
2.170053
2.146792
2.230037
2.372477
3.230549
3.36077
3.321015
3.158727
2.939508
3.097147
3.21315
2.675721
2.092881
2.015572
2.072282
2.194019
2.304343
2.169325
1.901252
1.773633
1.828032
2.183625
3.020161
3.050676
2.922712
2.830767
2.645624
2.937176
2.826327
2.125829
1.981289
1.998724
2.089931
2.292312
2.365937
2.122102
1.723621
1.574321
1.550769
2.800929
2.858773
2.597197
2.798729
2.72386
2.629862
2.86796
2.456093
2.037592
2.143061
2.231994
2.338195
2.473643
2.441296
2.106482
1.743542
1.671639
2.749565
2.493722
2.515803
2.504619
2.683526
2.698303
2.737708
2.831185
2.324415
2.191204
2.295877
2.313511
2.310032
2.421701
2.455666
2.136606
1.777347
7.246869
7.286201
7.477439
6.756398
6.07898
6.214697
6.464627
6.746248
6.881626
7.041374
6.988906
5.911282
5.278697
5.668168
6.42235
6.596707
6.086175
8.090385
8.087362
8.49037
8.408411
7.376696
6.847153
6.287406
6.378631
6.596074
7.270338
7.520443
6.842806
6.516621
6.661327
6.919834
6.537212
6.428844
8.162565
8.730726
8.75101
8.78062
8.505353
8.038399
7.134291
6.64729
6.622061
7.059149
7.60339
7.642416
7.304046
7.153114
7.163904
7.108369
6.841914
7.429075
8.06372
8.39023
8.064933
7.865253
8.011477
7.826882
7.34217
7.170024
7.581338
8.156659
8.033026
7.589026
7.362097
7.415602
7.480477
6.898383
6.503572
7.069059
7.589382
7.000893
6.643493
7.039861
7.499991
7.456736
7.07012
7.465607
7.902875
8.257801
7.843626
7.282073
7.149405
7.092952
6.850059
6.705404
6.683591
6.797873
6.326301
5.824919
6.343215
6.904547
7.303195
7.491904
7.814297
8.006366
7.958702
7.686639
7.35643
6.839978
6.507887
6.43489
6.060142
6.135569
6.303988
5.990497
6.069172
6.268688
6.615706
7.160308
7.567352
7.690434
7.66795
7.561939
7.385242
7.130131
6.831506
6.198289
5.830447
5.034624
5.631685
5.808317
5.690075
5.925248
6.231736
6.478736
6.887322
7.344079
7.514065
7.549425
7.595131
7.442623
6.975985
6.496149
6.158539
5.56255
4.66535
5.309811
5.651989
5.666865
5.853607
6.357264
6.895641
7.426911
7.815515
7.741491
7.44939
7.723935
7.696353
7.041435
6.149281
5.786558
5.624358
6.658807
6.857217
7.094826
7.2473
7.246396
7.521108
7.711222
8.425244
8.745423
8.204155
7.65468
7.753861
7.936875
7.302419
6.023236
5.509929
5.659571
7.624744
8.726695
9.103367
9.2557
9.293038
8.96253
8.364181
8.147062
8.292212
8.264033
7.64587
7.271268
7.37067
6.874235
5.690114
5.011084
5.202958
8.443054
9.074295
9.62808
9.995668
9.53723
8.951928
8.057523
7.194294
6.99045
7.204523
7.031614
6.52945
6.280082
5.849658
5.117677
4.652235
4.592211
7.657454
8.097407
8.672168
8.920773
8.564518
7.715404
6.718667
5.971942
5.68202
5.812361
5.96791
5.717864
5.287588
4.86006
4.444273
4.274813
4.214917
7.169453
7.285101
7.699575
7.941207
7.54068
6.111492
5.168015
4.780187
4.622019
4.621263
4.902191
5.011261
4.616109
4.108636
3.807049
3.778177
3.804523
7.154225
7.062026
7.196422
7.319158
6.826362
5.244868
4.263628
3.84359
3.603908
3.505651
3.772304
4.209788
4.140811
3.549862
3.288085
3.320739
3.266748
6.341284
6.459354
6.500371
6.506991
6.21837
4.913175
4.095965
3.588383
3.039045
2.622897
2.786632
3.334059
3.685863
3.257504
2.92246
3.075264
3.018365
5.425719
5.269099
5.386756
5.659222
5.224791
4.593723
4.127941
3.989246
3.570935
2.775272
2.341636
2.773575
3.251575
3.099895
2.636984
2.769181
2.943225
5.838104
4.768727
5.18212
5.352444
5.338864
4.496335
4.087981
4.273911
4.274465
3.778635
2.961863
2.69567
3.091995
3.244165
2.997288
3.048615
3.382011
5.66827
5.269197
5.40165
5.619953
5.338512
4.537237
3.883103
3.970891
4.124135
3.972133
3.498307
2.979547
2.989169
3.314283
3.396024
3.593312
4.548634
5.039933
5.028097
5.005044
4.91785
5.031632
4.469387
3.525779
3.269205
3.334049
3.391192
3.33166
3.109114
2.779228
2.789884
2.906051
3.121855
4.271475
4.572711
4.439858
4.188224
3.989445
4.204986
4.222777
3.368559
2.705557
2.647306
2.740189
2.870376
2.949839
2.721054
2.384125
2.244229
2.342753
2.849923
4.088048
4.046803
3.814817
3.671383
3.53563
3.897258
3.552224
2.614843
2.533482
2.585789
2.70981
2.941996
2.977531
2.612146
2.064386
1.895885
1.891267
3.730921
3.748696
3.432649
3.58041
3.517152
3.580419
3.896604
3.214144
2.735584
2.888598
2.967784
3.054078
3.195537
3.115506
2.615625
2.083519
2.011088
3.680706
3.37889
3.362512
3.30891
3.457784
3.565779
3.833914
3.991329
3.288475
3.057571
3.073862
3.011963
3.029602
3.204877
3.155548
2.630531
2.192343
9.064037
9.194264
9.528538
8.668641
7.845183
8.064044
8.456476
8.806414
8.935349
9.049118
8.902216
7.68692
7.217651
8.189355
9.641254
10.1533
9.535167
10.3366
10.30428
10.81968
10.73112
9.468752
8.814205
8.333672
8.571095
8.926987
9.730162
9.886175
8.885898
8.491
8.934177
9.580104
9.555211
9.628572
10.78194
11.48808
11.52077
11.50125
11.12567
10.469
9.331718
8.734835
8.851426
9.589169
10.35698
10.30928
9.729721
9.566294
9.724295
9.8698
9.720482
9.991907
11.00573
11.41667
10.92311
10.72642
10.8992
10.50966
9.685843
9.441542
10.10709
11.00011
11.00205
10.39453
10.04589
10.20654
10.38435
9.773664
8.759299
9.763524
10.48542
9.732606
9.384625
10.00654
10.54519
10.33385
9.810482
10.31853
10.91077
11.32701
10.81221
10.14051
10.10753
10.16525
9.922124
8.740821
9.033248
9.3197
8.756451
8.271667
9.037739
9.852817
10.35014
10.60181
11.05205
11.29631
11.20004
10.8388
10.43086
9.945002
9.640821
9.592679
7.916746
8.237394
8.4879
8.099833
8.238334
8.648196
9.253391
10.03745
10.66349
10.97172
11.03426
10.91755
10.71018
10.40701
10.08477
9.426163
9.045448
6.75251
7.591495
7.815902
7.59741
7.923688
8.444089
8.898733
9.519358
10.19121
10.48593
10.60569
10.80497
10.74955
10.25848
9.768926
9.458597
8.854671
6.01575
6.918664
7.347204
7.32113
7.647342
8.448094
9.249262
9.975089
10.46324
10.39871
10.25388
10.82819
10.98404
10.31122
9.35017
9.078365
8.965737
8.263884
8.609425
8.961823
9.113591
9.178425
9.699906
10.16771
11.12359
11.59373
11.03738
10.50202
10.85403
11.25749
10.58905
9.113221
8.672409
8.958949
10.3662
11.66852
12.12328
12.16223
12.04847
11.7099
11.15715
11.03298
11.34937
11.37549
10.68914
10.39322
10.64347
10.08069
8.646523
7.951249
8.301046
11.61388
12.46946
13.17148
13.46297
12.91115
12.2083
11.19482
10.21758
10.04426
10.35317
10.17886
9.634848
9.364202
8.799797
7.874988
7.35716
7.37545
10.42159
11.03354
11.80013
12.16387
11.78578
10.80648
9.676104
8.843907
8.56643
8.775353
8.983801
8.669185
8.086756
7.494647
6.940279
6.712803
6.685999
9.529834
9.677322
10.26351
10.67646
10.2155
8.570668
7.460741
7.097944
7.035107
7.150548
7.559309
7.672186
7.074092
6.370854
5.98233
5.899666
5.923802
9.467367
9.319946
9.521452
9.743024
9.080717
7.111591
5.857417
5.441932
5.296059
5.324534
5.767275
6.330477
6.166829
5.355318
5.056278
5.080396
4.972523
8.532805
8.622616
8.732923
8.789499
8.312865
6.573022
5.380944
4.707834
4.078821
3.700618
4.048851
4.797069
5.2118
4.614583
4.242137
4.492779
4.365774
7.498533
7.187964
7.427181
7.770657
7.237918
6.227143
5.43249
5.114836
4.464474
3.451277
3.051015
3.706521
4.298786
4.037049
3.448071
3.675526
3.866371
7.705544
6.485796
6.965299
7.201783
7.133883
6.017122
5.379217
5.509171
5.380175
4.618481
3.578861
3.359795
3.857898
3.924272
3.541136
3.664924
4.111404
7.244836
6.774603
6.923451
7.209003
6.898698
5.847771
5.006411
5.117829
5.262368
4.983713
4.267101
3.615228
3.677454
4.009252
4.028909
4.327924
5.541997
6.510656
6.420314
6.349781
6.302275
6.403111
5.607822
4.407607
4.159729
4.260351
4.302992
4.129405
3.765558
3.388198
3.435533
3.576335
3.88456
5.32676
6.033195
5.77992
5.42912
5.220752
5.421414
5.271161
4.09833
3.344789
3.297014
3.414044
3.538563
3.571131
3.257986
2.886285
2.765612
2.928882
3.63464
5.395992
5.280093
4.964786
4.78539
4.669107
4.99132
4.345196
3.124877
3.081356
3.167552
3.313299
3.558875
3.540264
3.060855
2.410308
2.265928
2.329868
4.828792
4.815307
4.470816
4.614482
4.608536
4.797112
5.08441
4.127135
3.542527
3.695784
3.737126
3.767614
3.869088
3.715535
3.081172
2.443217
2.384912
4.692492
4.361771
4.340227
4.30506
4.489262
4.712935
5.134263
5.279323
4.420182
4.071849
3.967839
3.791623
3.774351
3.966644
3.87169
3.195387
2.688341
10.43106
10.75456
11.41981
10.53256
9.471196
9.769593
10.31968
10.66201
10.64745
10.59494
10.40737
9.271724
9.174443
10.81277
12.97452
13.7698
13.0544
12.01917
12.06972
12.9199
13.0497
11.52816
10.68344
10.31196
10.65921
11.02619
11.78836
11.75343
10.44892
10.13464
11.04263
12.24657
12.6752
13.00426
12.80768
13.71782
13.9519
14.12991
13.72637
12.81468
11.43385
10.80818
11.06214
12.00693
12.89163
12.60378
11.68921
11.57897
12.02283
12.51431
12.66275
12.03135
13.49789
14.10577
13.61389
13.52729
13.62618
12.86713
11.71102
11.53841
12.5411
13.80442
13.88581
12.95838
12.38238
12.64688
12.9905
12.4403
10.58187
12.13902
13.1148
12.25398
11.97137
12.77611
13.1911
12.58169
11.94139
12.747
13.69208
14.29269
13.63637
12.8278
12.91401
13.09009
12.76387
10.31967
11.05545
11.61098
10.96283
10.50329
11.51653
12.50677
12.9487
13.18286
13.78613
14.14668
14.09603
13.66031
13.22017
12.87804
12.69322
12.65836
9.242332
9.894503
10.34438
9.925886
10.09382
10.72942
11.68143
12.7916
13.65907
14.09245
14.11974
13.91053
13.62104
13.25124
12.96338
12.39795
12.13373
7.973628
9.050548
9.361456
9.120718
9.546115
10.30795
11.14458
12.22319
13.21274
13.56749
13.69129
13.95336
13.8544
13.2197
12.67433
12.40832
11.88028
7.133458
8.288086
8.770051
8.760957
9.275576
10.36368
11.48697
12.53802
13.19907
13.15907
13.20568
14.07609
14.34504
13.56796
12.47971
12.23976
12.15835
9.154256
9.78682
10.28674
10.53024
10.81001
11.66112
12.44923
13.68259
14.32891
13.81111
13.40467
14.11539
14.78219
14.09293
12.45526
12.05765
12.43934
12.44752
13.86375
14.27914
14.23363
14.12977
13.93075
13.55313
13.66097
14.25606
14.41046
13.75299
13.6624
14.16887
13.61767
12.07003
11.40595
11.88282
14.86501
15.90858
16.59928
16.69598
16.0141
15.20599
14.06226
13.01805
12.99834
13.51863
13.44146
12.96702
12.77407
12.14331
11.18999
10.74096
10.84139
13.66022
14.49781
15.43017
15.83953
15.38389
14.24181
12.92651
11.92194
11.60855
11.9256
12.26122
11.9933
11.35778
10.63897
10.07435
9.945801
9.995651
12.41174
12.6057
13.3939
14.01038
13.54922
11.76165
10.50171
10.10125
10.0473
10.23354
10.77595
10.95102
10.23705
9.376043
8.965319
8.965395
9.059293
12.26932
11.99942
12.26124
12.6385
11.95423
9.7669
8.32345
7.950272
7.903709
8.064557
8.713924
9.437534
9.214055
8.211855
7.908555
7.9893
7.868459
11.22361
11.1516
11.30291
11.41781
10.86227
8.866719
7.403426
6.676354
6.070233
5.799644
6.412743
7.455581
7.99721
7.271079
6.881355
7.217803
7.009157
10.1023
9.562182
9.888393
10.27077
9.654165
8.320951
7.282578
6.887255
6.121346
4.977427
4.728836
5.747266
6.5538
6.235718
5.551181
5.860059
6.057035
9.959886
8.700183
9.270485
9.568232
9.375223
7.948533
7.119071
7.262868
7.091312
6.101905
4.884617
4.843181
5.558711
5.594293
5.075299
5.275915
5.872405
9.080023
8.70655
8.960595
9.330499
8.959536
7.594032
6.562772
6.744856
6.937311
6.529581
5.520509
4.780866
4.983768
5.336387
5.248469
5.618183
7.181984
8.216764
8.129068
8.071256
8.115935
8.25372
7.188512
5.699869
5.487977
5.647116
5.673139
5.309604
4.74415
4.345279
4.426403
4.557274
4.946159
6.769247
7.848619
7.437625
6.949072
6.771218
7.03174
6.712933
5.132706
4.279731
4.279489
4.432055
4.522895
4.429126
3.980711
3.567275
3.467195
3.712267
4.69186
7.190953
6.941637
6.450635
6.215333
6.163115
6.509046
5.554756
3.909248
3.89564
4.046117
4.215953
4.430959
4.288368
3.640022
2.86877
2.750737
2.89795
6.461465
6.392988
5.972482
6.069731
6.103719
6.440516
6.755239
5.509795
4.702763
4.816644
4.788592
4.717141
4.730844
4.469639
3.66318
2.879971
2.823004
6.194368
5.845731
5.822363
5.804464
5.986633
6.246934
6.766094
6.884974
5.850211
5.320876
5.038079
4.711528
4.650906
4.866878
4.725971
3.879316
3.28927
11.30838
11.72585
12.55778
11.64401
10.60917
11.14422
11.90384
12.24785
11.92204
11.51303
11.34494
10.47836
10.82432
13.12958
16.01542
17.16089
16.39956
13.21425
13.32824
14.43228
14.86883
13.28035
12.19851
11.86595
12.3833
12.69353
13.2728
12.98287
11.441
11.33672
12.78374
14.6361
15.60492
16.27725
14.30331
15.43231
15.90157
16.41689
16.18192
15.0384
13.30515
12.51863
12.86961
13.92365
14.81672
14.21095
12.98299
13.06976
13.93797
14.88218
15.44714
13.51437
15.42379
16.3298
15.97873
16.15721
16.32296
15.25949
13.6372
13.34331
14.57154
16.12954
16.24113
14.91851
14.1098
14.5506
15.12481
14.76897
11.95046
14.02557
15.3624
14.53281
14.35756
15.36016
15.77024
14.81424
13.89253
14.87033
16.16067
16.96509
16.1205
15.06206
15.21596
15.48161
15.10953
11.5897
12.74649
13.6251
13.00171
12.53128
13.70074
14.86726
15.29767
15.46072
16.15422
16.67608
16.76997
16.28239
15.73411
15.48707
15.37724
15.27212
10.40067
11.3376
11.99683
11.60378
11.71904
12.41423
13.60451
15.02985
16.19718
16.78641
16.76087
16.52078
16.22467
15.78698
15.55094
15.1142
14.94795
8.951918
10.19536
10.61786
10.37966
10.77111
11.59619
12.71266
14.28144
15.72822
16.22913
16.30276
16.58812
16.42865
15.63851
15.07312
14.92979
14.56933
8.097756
9.362837
9.832033
9.776483
10.26972
11.43478
12.80608
14.25778
15.27174
15.42777
15.71484
16.85245
17.15813
16.15237
14.88946
14.75129
14.80206
9.711823
10.55001
11.10708
11.34379
11.66706
12.64387
13.66599
15.20944
16.14339
15.86366
15.8064
17.00879
17.93081
17.06524
15.12859
14.85435
15.37659
13.46234
14.85683
15.21361
15.09352
14.99888
14.94773
14.84206
15.32441
16.27925
16.62957
16.19574
16.59343
17.48979
16.88678
15.11921
14.53101
15.14417
17.175
18.25211
18.82398
18.67649
17.79007
16.82867
15.66959
14.89453
15.31205
16.13206
16.20995
15.97434
16.02975
15.3902
14.42612
14.06815
14.23336
16.55764
17.58626
18.59892
18.97679
18.34255
16.83444
15.18387
14.13086
14.06707
14.73878
15.29987
15.11337
14.47377
13.70677
13.25045
13.27265
13.39528
15.29665
15.55877
16.55864
17.38119
16.89798
14.82601
13.18462
12.6132
12.61275
13.05305
13.86992
14.12088
13.25789
12.28831
11.98299
12.1712
12.37967
15.16763
14.72509
15.11663
15.76954
15.12315
12.68182
10.91989
10.43536
10.37984
10.70439
11.67062
12.56882
12.20317
11.01925
10.83229
11.07875
11.02724
14.07909
13.71745
13.95591
14.29354
13.80803
11.54264
9.70091
8.847586
8.208998
8.028027
8.970252
10.3655
10.98018
10.08336
9.779213
10.26608
10.02555
12.87654
12.07696
12.4447
12.97871
12.47894
10.88
9.471856
8.910485
7.969561
6.697495
6.700458
8.213287
9.301634
8.921844
8.172802
8.627062
8.854107
12.33633
11.09138
11.70615
12.09712
11.94098
10.36936
9.314549
9.407858
9.077688
7.730882
6.359901
6.693699
7.831718
7.971951
7.35087
7.641171
8.41295
11.0146
10.80516
11.2033
11.69407
11.3749
9.80916
8.610761
8.89882
9.140901
8.474361
7.030254
6.243999
6.775847
7.332215
7.243215
7.726953
9.708767
9.964378
9.930064
10.00524
10.26799
10.53969
9.252437
7.461531
7.351713
7.682612
7.747275
7.107896
6.23789
5.822888
6.022745
6.235119
6.832893
9.223096
9.715314
9.152149
8.63495
8.64482
9.09879
8.699971
6.637534
5.655923
5.835025
6.181268
6.34668
6.118159
5.469571
4.954477
4.884565
5.3607
6.852807
9.162613
8.770473
8.132694
7.915996
8.055729
8.631763
7.483198
5.325855
5.333004
5.620877
5.909582
6.168932
5.929591
5.071138
4.048875
4.020276
4.41386
8.413943
8.296735
7.817786
7.873106
7.97507
8.601068
9.158404
7.776442
6.735899
6.756895
6.619295
6.449878
6.421367
6.067287
4.942751
4.001602
4.040998
8.103622
7.746309
7.75283
7.761891
7.896406
8.158953
8.832984
9.048659
7.961597
7.322199
6.855299
6.375968
6.286265
6.553939
6.294833
5.185488
4.486537
12.08445
12.29258
12.91241
11.85885
10.97196
11.80037
12.95082
13.41953
12.85922
12.02285
11.70041
11.10071
12.02449
14.91719
18.46794
20.07627
19.45145
14.34865
14.39931
15.36997
15.61239
13.88017
12.82904
12.82411
13.73791
14.13581
14.51087
13.89943
12.03531
12.12414
14.05908
16.48024
17.98592
19.13013
15.55852
16.92865
17.54745
18.11479
17.90178
16.71424
14.83687
13.94445
14.40283
15.61105
16.55435
15.60114
13.90151
14.14567
15.39622
16.71097
17.76247
14.67787
16.97013
18.22225
18.01216
18.38701
18.79177
17.67578
15.62316
15.00092
16.35888
18.22164
18.4517
16.69943
15.4812
16.01272
16.72478
16.59728
13.16757
15.52892
17.19304
16.45255
16.36267
17.65747
18.28343
17.16847
15.84063
16.74026
18.32901
19.41334
18.51083
17.07298
17.12275
17.40222
16.98826
13.00881
14.32193
15.31564
14.69366
14.22663
15.53958
16.97587
17.56159
17.63051
18.26709
18.90751
19.18906
18.78798
18.11
17.8226
17.73181
17.50084
12.00438
12.97377
13.53884
13.06105
13.11863
13.81475
15.16483
16.9009
18.41297
19.21011
19.1559
18.90557
18.67866
18.2115
17.96733
17.61041
17.46223
10.52732
11.69469
11.9141
11.5363
11.86691
12.6642
13.91003
15.81596
17.68658
18.44955
18.60577
18.98431
18.833
17.94237
17.34941
17.29526
17.0387
9.507339
10.71126
10.99083
10.74883
11.17751
12.31379
13.73199
15.37918
16.64673
17.0931
17.78584
19.31184
19.7506
18.55785
17.10548
17.06067
17.21096
10.88918
11.57141
12.04091
12.12204
12.348
13.31051
14.35862
16.01585
17.18299
17.25215
17.69892
19.51837
20.80107
19.74864
17.43182
17.32105
17.9882
15.04679
16.23427
16.40456
16.0514
15.66746
15.4619
15.409
16.12262
17.43223
18.13497
18.09129
19.12747
20.54249
19.82168
17.68064
17.23374
18.05229
19.41105
20.51591
21.02367
20.67299
19.41719
17.93108
16.41563
15.83046
16.79516
18.08202
18.46108
18.59338
19.04431
18.36607
17.26376
17.01759
17.32653
19.19024
20.35565
21.5068
21.95272
21.12169
18.99607
16.67838
15.51401
15.85042
17.07256
17.9903
17.92437
17.3423
16.58243
16.22137
16.40502
16.6245
18.20834
18.40485
19.55537
20.61113
20.15109
17.67999
15.3498
14.49829
14.65595
15.56729
16.82834
17.13879
16.06425
15.05012
14.95543
15.40885
15.7202
18.12
17.53258
17.98626
18.88269
18.33693
15.66812
13.32754
12.52866
12.43789
13.09269
14.58102
15.68195
15.08018
13.69756
13.76018
14.30765
14.33539
16.87256
16.40515
16.7284
17.27093
16.87065
14.42003
12.01789
10.80598
10.07812
10.07598
11.49318
13.28981
13.92146
12.80541
12.6951
13.46711
13.20776
15.3898
14.62059
15.09623
15.78504
15.38753
13.59252
11.72328
10.76602
9.528803
8.24952
8.691808
10.73142
12.06181
11.55769
10.80811
11.56184
11.83994
14.43509
13.35348
14.10151
14.65822
14.5787
12.93641
11.61334
11.45129
10.71122
8.952093
7.670835
8.587786
10.1485
10.31685
9.614027
10.13045
11.11448
12.85456
12.79757
13.35725
14.0418
13.90208
12.23283
10.82943
11.11819
11.21065
10.01252
8.08862
7.516963
8.559713
9.299587
9.174795
9.813034
12.27489
11.76736
11.73722
11.94476
12.48653
13.05108
11.67658
9.510014
9.416687
9.890448
9.823721
8.630012
7.381212
7.100228
7.534357
7.836257
8.6798
11.7269
11.63908
10.94712
10.43843
10.70976
11.5505
11.31776
8.785816
7.364414
7.725511
8.334601
8.481034
7.916086
6.934878
6.280927
6.295413
7.133327
9.273713
11.15997
10.67921
9.969337
9.854236
10.33162
11.35391
10.24914
7.47192
7.171272
7.609455
8.132982
8.491424
8.07657
6.770142
5.371047
5.585321
6.391262
10.44698
10.32101
9.839627
9.907135
10.13119
11.10189
12.06374
10.71459
9.335693
9.099128
8.885319
8.798835
8.87112
8.331426
6.627911
5.525909
5.812327
10.23427
9.901821
9.967998
10.01411
10.09951
10.33062
11.21386
11.76286
10.82092
10.08346
9.389913
8.76343
8.747466
9.153317
8.744699
7.303709
6.422026
12.8854
12.55984
13.00992
11.90847
11.00698
11.9091
13.13304
13.68423
13.12615
12.22697
11.82053
11.1896
12.51008
16.17716
20.55656
22.64182
22.18055
16.10316
15.7925
16.26379
16.29068
14.14104
12.92494
13.05023
14.0764
14.62056
15.10958
14.48472
12.4565
12.51571
14.87243
17.83412
19.87043
21.54187
17.37076
19.0066
19.7532
20.21736
19.75222
18.03624
15.56303
14.49877
15.18225
16.68491
17.95312
16.95904
14.82044
15.04794
16.5721
18.14536
19.56239
16.37305
19.01681
20.68945
20.59854
20.99929
21.40411
20.00481
17.32456
16.26956
17.80184
20.10307
20.58682
18.57283
16.90249
17.37692
18.11785
18.0541
15.14991
17.66316
19.55521
18.90626
18.76569
20.2207
21.0409
19.70653
17.85892
18.57946
20.43764
21.78111
20.87012
19.0601
18.88433
19.09982
18.58303
15.36348
16.83764
17.75821
17.01636
16.39993
17.62686
19.22383
19.92885
19.93167
20.49147
21.2096
21.61427
21.27915
20.46075
19.98792
19.78925
19.39539
14.51624
15.68917
16.09068
15.31645
15.10901
15.50796
16.83595
18.80377
20.63968
21.64814
21.61731
21.40129
21.18769
20.66914
20.31636
19.85788
19.59881
12.8523
14.22688
14.35053
13.61243
13.62218
14.1129
15.2549
17.33827
19.50957
20.47146
20.78267
21.35656
21.27074
20.29842
19.62836
19.52345
19.21146
11.53567
12.95034
13.21973
12.64581
12.67502
13.54784
14.84354
16.4986
17.85975
18.46834
19.54608
21.56547
22.31322
21.04196
19.35749
19.31688
19.46471
12.57245
13.37529
13.92427
13.89034
13.73893
14.33577
15.2419
16.92216
18.20267
18.45563
19.28854
21.76155
23.57474
22.47693
19.75328
19.71114
20.51519
16.68544
18.02028
18.26644
17.97257
17.43782
16.84215
16.37989
17.06485
18.65973
19.61849
19.87729
21.48231
23.44941
22.67483
20.13238
19.75811
20.81203
21.39504
22.6679
23.25787
22.97944
21.78135
20.08174
17.98822
17.0335
18.29828
20.02271
20.73924
21.19267
21.94106
21.17152
19.86413
19.6651
20.15984
21.55698
22.82994
24.09044
24.71772
24.01349
21.74851
18.90405
17.28132
17.73532
19.4431
20.78532
20.86971
20.21698
19.33595
18.9516
19.20852
19.54492
20.64474
20.93453
22.22844
23.53207
23.25703
20.7759
17.96362
16.65916
16.87414
18.23977
19.99463
20.41156
19.05087
17.82592
17.79319
18.39803
18.76565
20.32354
19.90345
20.57398
21.75012
21.41976
18.87363
16.12122
14.74511
14.64073
15.68633
17.73218
19.09859
18.24207
16.52927
16.68672
17.4069
17.40961
18.8935
18.59914
19.19174
20.02093
19.81275
17.55421
14.97777
13.12634
12.02629
12.32548
14.27837
16.50419
17.14042
15.71899
15.67208
16.63077
16.25492
17.18391
16.64248
17.40195
18.32288
18.09237
16.44288
14.64506
13.2955
11.39192
9.981903
10.97492
13.54565
15.09444
14.40914
13.5569
14.54193
14.83332
16.03245
15.17971
16.16586
16.92285
16.93931
15.41873
14.29705
14.1341
12.91801
10.5484
9.316028
10.83671
12.76516
12.85665
11.99789
12.7494
13.94089
14.39694
14.43879
15.16145
16.01686
16.07616
14.45526
13.11317
13.63883
13.71829
12.00992
9.594086
9.249764
10.72964
11.51363
11.24127
12.00373
14.99607
13.35433
13.34847
13.59562
14.32918
15.19046
13.95866
11.59451
11.51394
12.26449
12.21732
10.62579
9.077235
8.89201
9.45583
9.746207
10.73736
14.42441
13.27201
12.64636
12.16692
12.56964
13.69946
13.78036
11.18776
9.384065
9.751694
10.70795
11.00957
10.25976
8.964825
8.099054
8.112853
9.186713
11.9439
12.80078
12.44466
11.82931
11.79455
12.43466
13.75412
12.87382
9.937964
9.32777
9.749241
10.53205
11.11985
10.61746
8.85033
7.181026
7.650534
8.784571
12.10722
12.07354
11.73375
11.88734
12.13595
13.24467
14.41979
13.23688
11.79622
11.44579
11.23266
11.32411
11.53896
10.69783
8.55637
7.53385
8.021826
11.99448
11.67441
11.83553
11.96934
12.04658
12.24191
13.17495
13.90563
13.20547
12.61029
11.89077
11.20132
11.30501
11.70839
11.02599
9.329446
8.360718
13.73001
12.5687
13.01382
11.91796
11.00697
11.90838
13.13336
13.68424
13.12887
12.23471
11.83521
11.20928
12.60988
16.61703
21.61067
24.10147
23.60819
17.74274
16.9242
17.27116
16.85306
14.14279
12.9271
13.0532
14.08116
14.62648
15.11406
14.49388
12.53766
12.891
15.44808
18.60714
20.99989
22.94323
18.94268
20.93751
21.96927
21.95629
20.96513
18.77228
15.71694
14.51152
15.19111
16.72313
18.11148
17.3056
15.2709
15.82319
17.58771
19.29907
20.86883
17.77736
20.81168
22.90547
23.01771
23.37387
23.32746
21.23415
17.94562
16.56182
18.1642
20.7365
21.54069
19.61089
18.06293
18.84783
19.60423
19.48549
16.75696
19.49832
21.68777
21.30701
21.13379
22.47236
23.19054
21.42642
19.02853
19.72296
21.83668
23.45563
22.59933
20.64231
20.61042
20.85923
20.26266
17.22173
18.91201
19.88354
19.14081
18.50082
19.62611
21.25574
21.93861
21.78728
22.40361
23.37749
23.90004
23.55778
22.57041
21.97324
21.67844
21.21483
16.48431
17.88216
18.25091
17.29366
16.97686
17.19159
18.45232
20.62567
22.74956
24.01608
24.11337
23.92625
23.69935
23.0539
22.49881
21.82594
21.45284
14.78729
16.33467
16.43751
15.46557
15.27514
15.59984
16.6006
18.78954
21.21635
22.34236
22.79262
23.63021
23.73835
22.71015
21.81497
21.51466
21.04214
13.28434
14.78691
15.12077
14.45382
14.24959
14.89029
15.97964
17.55006
18.95479
19.6389
20.99404
23.55005
24.81261
23.6828
21.69988
21.47897
21.48825
14.1664
14.89317
15.47863
15.49035
15.2611
15.62412
16.22625
17.79462
19.17648
19.53421
20.59364
23.65478
26.16944
25.31909
22.26058
22.07386
22.9004
18.54321
19.76934
19.88534
19.50406
18.92683
18.26753
17.52848
17.96855
19.75271
21.00458
21.54173
23.58616
26.12947
25.50361
22.67515
22.21268
23.37904
23.58913
24.82112
25.29964
24.91251
23.66512
21.87615
19.49877
18.13787
19.48664
21.70024
22.91303
23.76195
24.74937
23.92496
22.46583
22.21477
22.83979
23.76951
25.07334
26.38492
27.12513
26.48123
24.06897
20.81924
18.77073
19.17528
21.36329
23.32547
23.82414
23.19935
22.14864
21.70518
21.96455
22.31177
22.64929
23.01966
24.47956
26.01595
25.9182
23.46541
20.24941
18.45846
18.60891
20.37208
22.76602
23.56733
22.14106
20.72803
20.69163
21.36679
21.68355
22.18506
21.87333
22.7658
24.19246
24.02344
21.60083
18.64642
16.70972
16.36814
17.76796
20.44426
22.2919
21.39326
19.44344
19.65507
20.4613
20.33989
20.59493
20.50882
21.38684
22.48134
22.35945
20.17055
17.64203
15.42172
13.71561
14.07854
16.65473
19.45797
20.2914
18.65828
18.62411
19.67748
19.13345
18.64247
18.41798
19.54602
20.73082
20.55839
18.84019
17.18752
15.80586
13.34892
11.457
12.88282
16.1191
18.02272
17.24743
16.27613
17.38552
17.654
17.30946
16.75215
18.09206
19.14611
19.23915
17.64154
16.62657
16.67787
15.27337
12.23956
10.81374
12.92522
15.31215
15.37684
14.31297
15.20426
16.60314
15.71039
15.87561
16.84454
17.994
18.32159
16.6911
15.2348
15.97803
16.18856
14.11915
11.17738
10.97961
12.91077
13.75125
13.33516
14.16787
17.59374
14.71744
14.7997
15.18516
16.19072
17.39615
16.36149
13.7999
13.65228
14.6102
14.58718
12.69975
10.90218
10.8383
11.51886
11.79525
12.91405
17.15452
14.60463
14.12297
13.8075
14.42534
15.80347
16.17569
13.66146
11.68002
11.9982
13.10038
13.49248
12.61185
11.11627
10.10464
10.07653
11.40578
14.74775
14.13354
13.90929
13.48919
13.61784
14.40146
15.89776
15.19316
12.24467
11.55134
11.98162
12.89597
13.63879
13.16837
11.14133
9.210749
9.913648
11.35526
13.49724
13.53588
13.35299
13.64191
13.95903
15.13762
16.39692
15.2869
13.86874
13.54582
13.37468
13.63237
14.09862
13.15206
10.69039
9.772125
10.46322
13.48376
13.18231
13.42282
13.66174
13.79821
14.00424
14.9199
15.64746
15.03368
14.54627
13.84844
13.2381
13.6557
14.18622
13.27493
11.40781
10.45969
15.19703
13.53655
13.25136
11.94364
11.0099
11.90762
13.1334
13.68424
13.12999
12.23807
11.84111
11.21641
12.65545
16.87399
22.15901
24.74244
24.2365
19.40154
18.55395
18.71633
17.86539
14.47994
12.93783
13.055
14.08408
14.63246
15.11872
14.50606
12.55312
12.95495
15.74802
19.13647
21.61531
23.58713
20.57441
22.86785
24.13466
23.99847
22.65684
19.7237
15.94296
14.52214
15.20051
16.734
18.1362
17.32969
15.29694
15.87631
17.99387
19.87145
21.63117
19.38774
22.72015
25.06408
25.39267
25.77286
25.10689
21.95397
17.98231
16.56513
18.16781
20.74766
21.6118
19.82209
18.26601
19.27694
20.51632
20.43302
18.50117
21.42897
23.74913
23.48983
23.36752
24.43418
24.48623
21.92079
19.17521
19.88191
22.51101
24.35103
23.49488
21.42958
21.51144
21.91529
21.40974
19.02165
20.80602
21.74567
20.9581
20.37503
21.36242
22.6191
22.91552
22.53467
23.38271
24.77769
25.54272
25.06512
23.781
23.06947
22.89773
22.54967
18.31638
19.71172
19.96062
18.83766
18.49162
18.60045
19.61201
21.6605
23.87344
25.42379
25.94564
25.97733
25.61714
24.64347
23.79554
23.14053
22.90092
16.66084
18.11259
18.08206
16.87583
16.5157
16.79345
17.65466
19.66016
22.11355
23.43718
24.24786
25.45412
25.7227
24.57896
23.35583
22.90252
22.47127
15.27161
16.50357
16.66998
15.86385
15.45321
15.90083
16.82154
18.22125
19.5849
20.40239
22.11355
25.14934
26.85424
25.88609
23.61568
23.16006
23.08278
16.43386
16.82582
17.12165
16.9686
16.56329
16.6596
16.99401
18.41765
19.88893
20.44371
21.76674
25.24793
28.30944
27.72467
24.42706
24.01632
24.82436
20.9677
22.03632
21.87109
21.21635
20.45455
19.66385
18.64095
18.76007
20.60063
22.17555
23.03308
25.39335
28.31857
27.83741
24.86713
24.3044
25.52595
26.01315
27.14034
27.47386
26.97266
25.66491
23.74837
21.08084
19.234
20.40378
22.95115
24.60653
25.81038
26.96242
26.09683
24.64453
24.44075
25.08773
26.0333
27.21716
28.50965
29.36483
28.85601
26.39157
22.76973
20.25163
20.37007
22.72363
25.1212
25.9773
25.42964
24.27142
23.91549
24.31105
24.69431
24.74811
25.00624
26.51594
28.22306
28.32431
26.02075
22.56031
20.27298
20.15385
22.03107
24.81963
25.9141
24.43636
22.86912
22.94671
23.83528
24.16191
24.12858
23.82279
24.83591
26.45845
26.43267
24.16552
21.17785
18.80425
18.02254
19.52945
22.62819
24.86277
23.91598
21.65977
21.96517
22.9515
22.73926
22.31993
22.39827
23.51445
24.85065
24.83786
22.72348
20.31755
17.9577
15.59923
15.6156
18.65125
21.95926
22.98993
21.05467
20.94736
22.1244
21.40186
20.26619
20.24532
21.64995
23.06236
23.05111
21.33166
19.8112
18.65302
15.92284
13.21922
14.51752
18.3801
20.59172
19.6734
18.48069
19.68366
19.88675
18.9653
18.55407
20.08109
21.32425
21.60435
20.08377
19.0679
19.38085
18.1196
14.68999
12.59981
14.85291
17.65218
17.61942
16.26587
17.19974
18.74801
17.34193
17.64474
18.74026
20.0301
20.59144
19.12119
17.5274
18.28194
18.74314
16.73746
13.36683
12.83411
15.02486
15.87549
15.25289
16.05568
19.75402
16.18386
16.4241
16.96176
18.15326
19.56215
18.75934
16.21729
15.87381
16.87407
17.07191
15.23949
13.16343
12.97212
13.6721
13.87135
15.02236
19.65205
15.92797
15.57421
15.45093
16.28356
17.79684
18.31402
15.97358
14.01665
14.28363
15.44704
16.05701
15.25324
13.60774
12.38964
12.19076
13.68772
17.46312
15.4047
15.27275
15.01338
15.32591
16.22889
17.7783
17.17592
14.33353
13.69832
14.17914
15.19725
16.13816
15.83897
13.72292
11.41211
12.24018
13.88999
14.80319
14.8843
14.81878
15.23969
15.64834
16.8493
18.08982
17.02521
15.733
15.52029
15.39573
15.79493
16.56571
15.74654
13.03382
12.09173
12.90382
14.85613
14.56496
14.85547
15.2019
15.42897
15.6665
16.5289
17.19527
16.67889
16.36573
15.70621
15.09261
15.76789
16.60871
15.63149
13.55964
12.5475
16.4442
14.85788
14.61709
13.29459
11.94891
12.5226
13.36117
13.68969
13.13001
12.24089
11.84607
11.2272
12.67599
16.92229
22.23171
24.78608
24.2514
20.77335
20.07748
20.38375
19.6577
16.30475
14.56048
14.18364
14.4304
14.64442
15.11996
14.51517
12.57308
12.97737
15.78204
19.17309
21.65455
23.61348
22.03968
24.534
26.02654
26.01022
24.85654
22.09515
17.91752
15.35091
15.24204
16.7498
18.1538
17.34886
15.32533
15.9122
18.02847
19.90675
21.69777
20.85384
24.46028
27.06445
27.49396
28.0202
27.50122
24.11065
19.15652
16.77323
18.1724
20.75864
21.65304
19.87952
18.29706
19.3194
20.56503
20.51772
19.93056
23.09461
25.61126
25.4865
25.50814
26.62308
26.48996
23.23142
19.58867
19.95814
22.63722
24.73396
23.93046
21.52926
21.6321
22.31711
21.66867
20.43494
22.3625
23.42636
22.72085
22.3174
23.35026
24.37693
24.21852
23.43433
24.22748
25.84578
26.81732
26.05765
24.49933
23.57994
23.55039
23.10699
19.81579
21.25792
21.58825
20.49435
20.22085
20.35146
21.20296
22.92829
24.90594
26.39533
27.16213
27.29678
26.73581
25.4939
24.33049
23.7771
23.65932
18.43313
19.81014
19.77825
18.5569
18.10749
18.32905
19.12307
20.80761
22.83645
23.98547
24.89554
26.30649
26.88478
25.76754
24.13934
23.63513
23.26251
17.30184
18.4036
18.47223
17.68518
17.2205
17.41682
18.04961
19.15658
20.25121
20.95315
22.79138
26.17444
28.41004
27.70249
25.03383
24.24513
24.16091
18.51932
18.84992
19.06734
18.85743
18.39495
18.2982
18.31198
19.44692
20.84588
21.48164
22.95127
26.70322
30.22178
29.92567
26.40026
25.63478
26.41547
22.91446
23.95139
23.74412
23.00973
22.19359
21.39981
20.25015
20.04052
21.7492
23.52205
24.62396
27.16965
30.30546
29.94992
26.93318
26.22001
27.40972
27.88509
28.89878
29.14579
28.66249
27.46007
25.60324
22.85031
20.70551
21.62756
24.30942
26.25072
27.65989
28.87262
27.95586
26.57139
26.41008
27.05611
27.80148
28.81414
30.05064
31.03857
30.75575
28.46246
24.74722
21.91541
21.79104
24.15519
26.76675
27.82917
27.30713
26.04202
25.70876
26.2745
26.74733
26.2977
26.48631
28.0638
29.97284
30.30928
28.25075
24.82261
22.25081
21.80575
23.66039
26.66612
27.96837
26.44033
24.69569
24.76407
25.83814
26.2518
25.54023
25.29335
26.47354
28.35859
28.55412
26.50778
23.60291
21.15638
19.93564
21.15934
24.53188
27.05619
26.18867
23.68984
23.93471
25.03491
24.7562
23.80238
23.94732
25.27136
26.86509
27.05592
25.18998
22.84178
20.6019
18.0056
17.29399
20.30153
24.07417
25.36079
23.30091
23.00507
24.22803
23.32576
21.92256
21.9198
23.5
25.09133
25.30422
23.81282
22.30236
21.27884
18.70255
15.59484
16.22313
20.29195
22.87795
21.93261
20.49306
21.70344
21.88219
20.68922
20.33632
21.95974
23.31517
23.72381
22.39786
21.39457
21.71605
20.6628
17.3579
14.87495
16.73546
19.80172
19.78284
18.14299
19.01186
20.72
19.02437
19.41206
20.56309
21.88833
22.52048
21.21049
19.64759
20.31545
20.91409
19.16935
15.91088
15.08033
17.18223
18.07258
17.27692
17.94642
21.84762
17.75683
18.08574
18.65558
19.90112
21.34128
20.60898
18.21632
17.90061
18.88449
19.23734
17.69412
15.76867
15.45773
16.05492
16.20954
17.34073
22.28016
17.36822
17.15341
17.11188
17.99605
19.4983
19.99763
17.7195
15.87475
16.19367
17.42429
18.22521
17.70567
16.20446
14.92951
14.64999
16.27596
20.36785
16.76712
16.80413
16.68555
17.06236
17.96823
19.4645
18.82494
16.02592
15.48747
16.06368
17.18105
18.31996
18.28002
16.37338
14.06159
14.98018
16.75091
16.11789
16.37807
16.4872
17.00849
17.44139
18.59607
19.7332
18.60979
17.41248
17.3287
17.25407
17.72371
18.68611
18.14264
15.55852
14.65695
15.55421
16.14041
16.01152
16.44565
16.94547
17.24688
17.45926
18.22212
18.76294
18.26303
18.09481
17.52685
16.89348
17.61709
18.66864
17.83822
15.76937
14.77255
17.39059
15.7642
15.54296
14.37292
13.25871
14.0091
15.10587
15.38728
14.18227
12.54634
11.85656
11.24006
12.69273
16.94931
22.27217
24.81627
24.27145
21.77379
21.0566
21.42778
20.87058
17.69434
16.19339
16.16343
16.502
16.04057
15.6162
14.57515
12.59751
13.00488
15.81292
19.19902
21.68666
23.64334
23.11864
25.59902
27.19304
27.32317
26.29056
23.74145
19.78001
17.23132
16.63528
17.36885
18.30298
17.37845
15.36651
15.94762
18.06197
19.9426
21.72578
22.04051
25.641
28.33768
28.83466
29.45762
29.10456
25.8231
20.79115
17.98893
18.80498
21.02838
21.75895
19.93543
18.32353
19.35073
20.60719
20.55472
21.31816
24.4613
26.98459
26.85373
26.93359
28.16153
28.08095
24.72807
20.75341
20.72189
23.25768
24.97636
24.00867
21.55091
21.65783
22.34586
21.68314
21.96546
23.8999
24.93653
24.17093
23.7985
24.86489
25.81597
25.51903
24.53498
25.08701
26.61921
27.71793
26.79761
24.65462
23.62311
23.63965
23.14089
21.44551
22.95342
23.25564
22.10565
21.77914
21.86159
22.60766
24.17574
26.04914
27.3355
27.92211
28.12546
27.50792
26.09915
24.49262
23.81533
23.81824
20.15731
21.60715
21.53849
20.27349
19.7866
19.92572
20.63275
22.12795
23.84811
24.65533
25.41754
26.9135
27.59213
26.53565
24.66962
23.65712
23.44016
19.03918
20.1729
20.19437
19.38637
18.9166
18.98743
19.38756
20.2244
21.11631
21.69744
23.52174
27.02757
29.49896
28.99878
26.05634
24.83891
24.45694
20.09405
20.36456
20.49746
20.2157
19.68471
19.53822
19.47839
20.45584
21.80353
22.5403
24.14409
28.06227
31.87889
31.89311
28.19523
26.85485
27.58086
24.14984
25.25253
24.97442
24.16735
23.31863
22.53274
21.39056
21.15323
22.84834
24.78488
26.13491
28.90981
32.2422
32.06335
29.12323
28.26381
29.36649
28.97016
30.02755
30.22066
29.78768
28.74602
27.01069
24.21111
21.95955
22.85062
25.62995
27.84912
29.5205
30.80884
29.87746
28.71772
28.74923
29.41198
28.79592
29.7756
31.05243
32.23879
32.2318
30.19496
26.48025
23.4472
23.23761
25.62494
28.43701
29.72174
29.20854
27.86092
27.67752
28.52039
29.18321
27.17922
27.35636
29.05954
31.22346
31.85628
30.09046
26.75727
24.0453
23.46807
25.25032
28.42981
29.92233
28.39905
26.57702
26.71684
27.97707
28.60547
26.42478
26.17879
27.50135
29.6317
30.09672
28.35539
25.56036
23.06299
21.77964
22.77252
26.17808
28.95288
28.24184
25.72855
26.00795
27.20898
26.97978
24.77638
24.90271
26.35898
28.16043
28.57616
27.0274
24.75618
22.46132
19.92857
19.05054
21.82249
25.81723
27.40233
25.43258
25.11042
26.39933
25.47267
23.01122
22.97776
24.66239
26.40412
26.78443
25.52343
24.03048
22.93966
20.48851
17.49255
17.95619
21.8977
24.78865
23.97855
22.47701
23.70161
23.98893
21.91241
21.55679
23.20316
24.57848
24.98057
23.81104
22.88414
23.14705
22.19249
19.1203
16.7653
18.48747
21.63802
21.74915
19.99559
20.76275
22.67496
20.36084
20.75121
21.82014
22.99523
23.53829
22.31306
20.88613
21.60239
22.29282
20.76257
17.79055
17.12089
19.23275
20.14941
19.35967
19.90818
23.96915
19.09824
19.4541
19.94229
21.06628
22.37645
21.58172
19.24533
19.04577
20.11098
20.59484
19.28942
17.67166
17.59086
18.22853
18.48138
19.7076
24.94626
18.68362
18.57421
18.55976
19.38325
20.73575
21.09796
18.76654
16.96277
17.33927
18.65622
19.59789
19.32023
18.15178
17.07139
16.92169
18.84287
23.25335
18.07725
18.28544
18.27098
18.64526
19.45294
20.79271
19.99811
17.11756
16.62672
17.30421
18.48145
19.71735
19.90479
18.29742
16.3375
17.58564
19.5488
17.41266
17.86236
18.1266
18.69118
19.0815
20.10699
21.03683
19.7292
18.531
18.56721
18.55931
19.03203
20.06104
19.69748
17.34058
16.62498
17.6949
17.3461
17.41038
17.99689
18.62078
18.94661
19.069
19.63127
19.93513
19.3299
19.22764
18.78027
18.21828
18.93269
20.02522
19.28221
17.26889
16.4085
18.38978
16.68967
16.41096
15.43328
14.54526
15.25722
16.28834
16.69269
15.62219
13.98719
12.97288
11.91809
13.09167
17.05209
22.30596
24.83598
24.29024
22.894
21.96971
22.26688
21.87829
18.92252
17.4796
17.42754
17.73307
17.26175
16.78892
15.55765
13.21051
13.39458
16.02839
19.24493
21.71979
23.66652
24.29254
26.62892
28.15776
28.38018
27.45791
25.02911
21.11538
18.43687
17.66423
18.27973
19.11872
17.94551
15.79459
16.30744
18.21257
19.99761
21.76421
23.20528
26.82739
29.4902
29.98751
30.63437
30.36699
27.15889
21.99648
18.91662
19.53712
21.71527
22.36651
20.44309
18.67792
19.55261
20.66833
20.62295
22.45358
25.70633
28.24285
28.09998
28.15411
29.41498
29.38773
25.94847
21.71382
21.46634
23.91448
25.53826
24.56027
22.02453
21.96633
22.48084
21.72498
23.01968
25.09789
26.18351
25.45655
25.07827
26.10702
27.04095
26.68627
25.57926
25.97256
27.32594
28.2635
27.35792
25.3034
24.03067
23.89141
23.17027
22.42537
24.05478
24.48995
23.43833
23.09557
23.07719
23.76018
25.31349
27.18468
28.36462
28.64987
28.60004
27.98285
26.67328
24.97812
24.05382
23.87178
21.11734
22.6792
22.79942
21.61755
21.09586
21.13222
21.7464
23.17858
24.85334
25.51199
26.04702
27.45583
28.12577
27.14692
25.29383
23.98087
23.531
20.02272
21.30644
21.44937
20.67314
20.16072
20.07188
20.2789
20.9965
21.8569
22.43016
24.29986
27.87728
30.44663
30.03942
27.09372
25.55689
24.72243
21.00938
21.41069
21.55827
21.33064
20.79502
20.59221
20.44497
21.27079
22.57402
23.39103
25.16384
29.25257
33.23661
33.33973
29.68072
28.07811
28.44605
24.93247
26.10168
25.86769
25.10807
24.38442
23.73586
22.64197
22.24845
23.79028
25.77798
27.36571
30.38815
33.85934
33.67477
30.81031
30.00739
30.99386
29.82421
30.83644
30.93418
30.5727
29.78648
28.33724
25.71483
23.34119
23.99739
26.76114
29.19112
31.15537
32.54792
31.52659
30.4652
30.73508
31.53868
29.67877
30.46135
31.67655
32.98488
33.24418
31.53683
28.05727
24.99319
24.58259
26.92091
29.90176
31.44011
31.00143
29.57525
29.49227
30.53236
31.40921
27.97842
28.00654
29.71779
31.98726
32.8419
31.38264
28.28157
25.57476
24.90793
26.62222
29.93307
31.66842
30.24523
28.40244
28.65118
30.04956
30.82435
27.29628
26.94368
28.24337
30.4428
31.0685
29.56537
26.98324
24.46657
23.19662
24.15651
27.5689
30.60657
30.12191
27.69673
28.10482
29.4092
29.17316
25.79025
25.81149
27.21907
29.0633
29.56255
28.18075
26.06964
23.71203
21.22371
20.4004
23.15465
27.301
29.19976
27.43338
27.24609
28.62701
27.70523
24.12894
24.02451
25.67788
27.41396
27.75933
26.5342
25.17908
24.06663
21.69866
18.8551
19.3827
23.31529
26.43748
25.86338
24.49204
25.7877
26.23927
23.13393
22.75607
24.33806
25.60032
25.80655
24.56892
23.75678
24.12125
23.28496
20.4421
18.3004
20.13404
23.38379
23.6452
21.98208
22.69281
24.77588
21.6526
22.02656
22.96567
23.9364
24.30843
22.99179
21.54896
22.36144
23.19647
21.85041
19.0877
18.64681
20.97483
22.03887
21.43767
21.96338
26.17171
20.36932
20.7434
21.12077
22.11894
23.31314
22.39566
19.95265
19.76688
20.92882
21.51568
20.32487
18.85385
19.0147
19.88451
20.40397
21.92292
27.57756
19.88099
19.89013
19.88156
20.63179
21.84358
22.05292
19.5884
17.71015
18.11819
19.51892
20.53395
20.33071
19.37026
18.53231
18.65344
21.09661
26.01743
19.21549
19.61936
19.67054
19.99515
20.68624
21.86445
20.89646
17.87082
17.36905
18.14765
19.38995
20.63213
20.9011
19.44738
17.77343
19.46823
21.76024
18.47564
19.16399
19.54327
20.07726
20.38983
21.2806
22.00617
20.49499
19.21607
19.30518
19.39192
19.9234
20.98107
20.62638
18.34983
17.78283
19.08451
18.28882
18.61073
19.34653
20.01124
20.29484
20.31574
20.68727
20.76265
20.00937
19.88782
19.5177
19.0855
19.85543
20.92637
20.2059
18.18139
17.41817
19.05596
17.14762
16.94395
16.19001
15.76977
16.73922
17.61215
17.74079
16.61718
14.98583
13.79228
12.48937
13.53728
17.55832
22.73846
25.1556
24.55582
23.75178
22.45549
22.64195
22.4133
19.88494
18.8763
18.96404
19.04329
18.31416
17.72976
16.35802
13.75237
13.7528
16.39222
19.61324
22.03703
23.94547
25.27004
27.21408
28.51092
28.80492
28.223
26.24246
22.66597
19.93365
18.85954
19.2455
19.96769
18.57215
16.18223
16.6202
18.55692
20.38796
22.12954
24.17965
27.50408
29.89761
30.39024
31.24591
31.34361
28.54061
23.51754
20.21772
20.57348
22.63953
23.11399
20.93867
19.01304
19.90196
21.12641
21.04025
23.35098
26.46277
28.69601
28.48501
28.66039
30.14966
30.51533
27.35971
23.09042
22.62515
24.92839
26.39553
25.19458
22.47562
22.38394
22.95273
22.09907
23.78531
25.9025
26.71775
25.84248
25.55148
26.69097
27.91206
27.8928
26.89196
27.1983
28.39785
29.20624
28.1724
25.97666
24.5925
24.37757
23.60642
23.10223
24.85648
25.1203
23.91522
23.6189
23.65237
24.45412
26.30226
28.44169
29.62288
29.70865
29.50033
28.81643
27.43066
25.60157
24.56435
24.39048
21.79549
23.46281
23.53608
22.28655
21.76441
21.79266
22.44118
24.0502
25.94744
26.68288
27.04983
28.28468
28.94136
27.98085
26.04926
24.60331
24.09908
20.79232
22.13333
22.35454
21.54786
20.94239
20.75597
20.97074
21.82755
22.87757
23.50745
25.32051
28.84066
31.45601
31.13843
28.17864
26.49322
25.53308
21.79671
22.23607
22.50851
22.21844
21.44349
21.1172
21.07299
22.06867
23.51682
24.42435
26.26998
30.40466
34.48801
34.66504
30.97852
29.29352
29.64505
25.64143
26.81354
26.68607
25.80747
24.89036
24.19625
23.19674
23.00108
24.6827
26.74393
28.50265
31.68504
35.28294
35.09859
32.21685
31.42444
32.41479
30.57503
31.56493
31.62331
31.18014
30.37373
28.88971
26.28803
24.05729
24.83452
27.63445
30.28565
32.49757
34.00919
32.91874
31.9403
32.32335
33.08621
30.49286
31.1872
32.33133
33.66275
33.92606
32.20006
28.68477
25.67007
25.31906
27.70626
30.90288
32.72582
32.40572
30.899
30.98521
32.2458
33.08867
28.73286
28.74649
30.44086
32.70207
33.56261
32.08295
28.93687
26.22539
25.57389
27.36656
30.82417
32.82343
31.54361
29.69181
30.12808
31.82432
32.59394
28.02788
27.76286
29.05383
31.23119
31.84014
30.27716
27.66609
25.10966
23.8209
24.88144
28.38156
31.5918
31.31013
28.97358
29.55915
31.17674
30.92303
26.5768
26.71423
28.15392
29.96897
30.40203
28.92104
26.76628
24.3384
21.83669
21.13615
24.00674
28.2347
30.30545
28.66522
28.63328
30.25902
29.39095
24.98945
25.02229
26.74193
28.44332
28.64593
27.25983
25.80964
24.62405
22.24683
19.53156
20.2516
24.34261
27.6
27.1472
25.87004
27.2793
27.843
24.0346
23.84174
25.49417
26.67476
26.67571
25.28418
24.35647
24.63477
23.77377
21.00641
19.017
21.06985
24.52268
24.96221
23.4686
24.17126
26.26079
22.52633
23.0984
24.11102
24.99165
25.23707
23.83398
22.27599
22.98271
23.77273
22.40633
19.66841
19.30586
21.76903
23.04086
22.78057
23.42968
27.71467
21.16014
21.72194
22.23159
23.28082
24.40057
23.35346
20.78734
20.49742
21.58218
22.11023
20.89688
19.43761
19.65341
20.70952
21.48948
23.24386
29.30186
20.59318
20.79924
20.98734
21.88316
23.06655
23.11561
20.49836
18.49977
18.79713
20.13028
21.12736
20.92924
20.00959
19.25834
19.51657
22.35356
27.73798
19.9018
20.50029
20.73915
21.23993
22.00242
23.0787
21.9241
18.72641
18.09144
18.78943
19.99404
21.24415
21.56153
20.1629
18.55547
20.46388
23.03466
19.15643
20.03015
20.57844
21.25866
21.71117
22.62155
23.19281
21.46538
20.02773
20.01458
20.02523
20.56009
21.71303
21.43626
19.15598
18.56652
19.91539
18.95005
19.43562
20.30896
21.11744
21.54423
21.6698
21.99743
21.89561
20.97043
20.74182
20.28606
19.83629
20.67081
21.79709
21.11888
19.0091
18.13985
19.67054
17.74593
17.36493
16.63327
16.35273
17.47388
18.37948
18.39016
17.19114
15.70006
14.73322
13.3594
14.17781
18.00866
23.17815
25.6392
25.00211
24.29255
23.08096
23.08837
22.73585
20.22764
19.40479
19.77114
19.85402
18.96942
18.31734
17.14628
14.62969
14.50291
16.94043
20.02241
22.46945
24.40094
25.67975
27.80814
29.02007
29.13552
28.49069
26.59281
23.35639
20.82041
19.64361
19.84626
20.59894
19.37175
17.01378
17.32434
19.10228
20.939
22.66257
24.46639
28.00999
30.43642
30.79577
31.53311
31.60602
29.02295
24.36716
21.12064
21.26489
23.22189
23.78961
21.77103
19.82505
20.54638
21.7302
21.63553
23.59419
26.90052
29.22635
28.96034
29.00681
30.38281
30.82473
28.06437
24.08682
23.50991
25.59888
27.04282
25.98849
23.35263
23.1802
23.64146
22.73119
24.05792
26.30867
27.2424
26.36666
25.95649
26.94078
28.14679
28.39031
27.83308
28.24487
29.26726
29.98852
28.97689
26.93544
25.61341
25.21552
24.2418
23.45741
25.27232
25.66061
24.48607
24.0963
24.01151
24.74175
26.69293
29.22146
30.68669
30.72015
30.44062
29.70469
28.40451
26.6638
25.4691
25.05805
22.28253
23.93934
24.12595
22.94394
22.40228
22.35342
22.83673
24.39951
26.49583
27.63292
28.21244
29.30705
29.77053
28.84739
27.05018
25.54776
24.8866
21.45481
22.75388
23.06059
22.39451
21.85029
21.51954
21.42039
22.10504
23.2247
24.26769
26.47285
29.86425
32.25395
32.00703
29.247
27.59565
26.58153
22.45737
22.96125
23.35814
23.30409
22.45107
21.75132
21.42315
22.29435
23.79999
24.99198
27.2732
31.51796
35.45582
35.63807
32.11765
30.53946
30.92454
26.05919
27.43098
27.52882
26.78643
25.67987
24.75393
23.56514
23.27606
24.99567
27.17483
29.34339
32.84784
36.42317
36.1508
33.35483
32.72945
33.7968
30.91446
32.03096
32.21375
31.82125
31.13277
29.58133
26.75397
24.36562
25.1412
28.01551
30.99708
33.59727
35.2177
34.00098
33.03951
33.60876
34.51057
30.90419
31.63696
32.73511
34.19882
34.68493
32.98204
29.24314
26.04265
25.61337
28.03956
31.45773
33.6977
33.59184
31.98988
32.05991
33.51582
34.5626
29.03278
29.11862
30.8166
33.18979
34.23856
32.87426
29.55461
26.68527
25.89232
27.70481
31.30405
33.6734
32.66544
30.81292
31.23143
33.11544
34.11863
28.3008
28.15714
29.47572
31.68871
32.418
31.03468
28.33575
25.61842
24.16764
25.23476
28.84348
32.30915
32.34164
30.1396
30.74949
32.50309
32.43444
26.92514
27.18014
28.65402
30.45942
30.96424
29.67073
27.49575
24.86663
22.19888
21.45769
24.42847
28.85023
31.26589
29.89027
29.92427
31.59198
30.82809
25.43345
25.59789
27.37619
29.06766
29.2816
28.02528
26.59654
25.21244
22.65424
19.83531
20.59084
24.84559
28.4141
28.28715
27.19329
28.63599
29.18916
24.53168
24.51673
26.23861
27.37748
27.33406
26.01978
25.18078
25.35268
24.31096
21.40198
19.36956
21.49642
25.14987
25.84321
24.64615
25.52104
27.50617
23.00087
23.75869
24.83642
25.6593
25.8641
24.54445
23.10399
23.80584
24.44422
22.91845
20.08665
19.73969
22.32766
23.78423
23.76622
24.61493
28.9156
21.56665
22.27049
22.89007
23.9833
25.07176
24.05434
21.58954
21.36918
22.37949
22.74308
21.37595
19.90363
20.23334
21.50796
22.46815
24.33576
30.5668
20.96916
21.29874
21.63984
22.63063
23.79782
23.82512
21.29468
19.40694
19.70737
20.91085
21.73805
21.46484
20.61136
20.0649
20.52211
23.50152
28.99873
20.31596
21.0414
21.41668
22.00893
22.78753
23.83497
22.72166
19.6337
19.0741
19.73619
20.79234
21.88807
22.18404
20.95864
19.57551
21.6701
24.33555
19.60124
20.62085
21.27783
22.02235
22.50537
23.42532
24.00615
22.35675
21.03478
21.07694
20.99832
21.37061
22.47186
22.35615
20.36868
20.04384
21.32735
19.37553
20.02487
20.97281
21.8475
22.31342
22.47618
22.83236
22.77654
21.95083
21.81919
21.36093
20.83601
21.63264
22.85413
22.46069
20.48199
19.33085
19.68192
17.82942
17.57454
17.01115
16.86298
17.9724
18.85163
18.78871
17.49057
16.0031
15.12274
13.86059
14.81833
18.71236
23.82907
26.35173
26.00358
24.29895
23.12683
23.23609
23.01965
20.6224
19.78519
20.17269
20.31556
19.38139
18.6505
17.50989
15.09958
15.14204
17.64299
20.63105
23.1355
25.39377
25.69324
27.83348
29.12669
29.36345
28.82485
26.95464
23.71377
21.23249
20.10943
20.23053
20.94412
19.83776
17.68572
18.14703
19.86515
21.67563
23.52903
24.49362
28.02966
30.50562
30.98747
31.84358
31.95629
29.35621
24.70687
21.52564
21.66593
23.56101
24.19636
22.43079
20.72973
21.44909
22.55214
22.46136
23.65108
26.93372
29.26264
29.10743
29.31128
30.72677
31.13545
28.36257
24.43579
23.89447
25.96245
27.40103
26.5508
24.25624
24.17625
24.51217
23.55032
24.19708
26.38299
27.27864
26.48304
26.25492
27.28175
28.44704
28.67633
28.15543
28.61615
29.65261
30.3734
29.46432
27.7795
26.75558
26.24919
25.09828
23.73201
25.4423
25.75272
24.61838
24.38882
24.38472
25.07718
26.99333
29.54921
31.11316
31.18149
30.83745
30.13464
29.09493
27.76033
26.57148
25.96
22.70407
24.30867
24.38844
23.18156
22.74808
22.82064
23.27171
24.74939
26.80555
28.07069
28.79927
29.8003
30.21323
29.33619
27.86795
26.51307
25.78476
21.8771
23.30434
23.55065
22.82053
22.34067
22.12467
21.98331
22.54096
23.51771
24.62354
27.11198
30.47216
32.68582
32.32874
29.81608
28.4496
27.51422
22.67074
23.42085
23.9121
23.88249
23.03965
22.30351
21.93364
22.70016
24.08145
25.26565
27.85595
32.25926
36.00764
36.00265
32.58708
31.30592
31.91198
26.14897
27.71448
28.01072
27.28186
26.04915
25.08786
23.91415
23.60224
25.30413
27.47903
29.85784
33.68835
37.20157
36.67492
33.7995
33.354
34.73093
31.02408
32.29832
32.54733
32.09935
31.41856
29.93687
27.1001
24.65762
25.44081
28.32539
31.42499
34.43152
36.21833
34.72457
33.49988
34.09524
35.3062
31.01517
31.87935
32.97475
34.42995
35.01381
33.37383
29.61917
26.34859
25.88836
28.29803
31.79402
34.41057
34.70262
32.93818
32.61351
33.95708
35.2606
29.05549
29.2175
30.99183
33.43801
34.5335
33.25412
29.95339
27.04225
26.20128
27.98062
31.60272
34.21751
33.70181
31.99246
32.00898
33.6106
34.81719
28.33101
28.25324
29.66323
31.9288
32.6861
31.4057
28.76979
26.03321
24.51978
25.56083
29.1783
32.74712
33.18019
31.42758
31.86176
33.20676
33.14637
27.02221
27.35917
28.94348
30.80291
31.31634
30.10642
28.00661
25.34074
22.58407
21.78873
24.78103
29.28859
31.96604
31.08971
31.26748
32.57704
31.56717
25.62828
25.91358
27.81934
29.57297
29.75834
28.5344
27.17452
25.74465
23.09065
20.17195
20.91878
25.28399
29.05798
29.33166
28.58077
29.86013
30.04442
24.80368
24.94365
26.77506
27.94618
27.82729
26.52761
25.76233
25.92608
24.80258
21.79056
19.71513
21.89953
25.75481
26.79947
25.99536
26.94976
28.49963
23.26655
24.18114
25.34264
26.19824
26.37031
25.06893
23.69781
24.4206
24.99183
23.37705
20.47103
20.11676
22.87086
24.66475
25.07724
26.14213
30.07707
21.77532
22.59341
23.33992
24.55734
25.65254
24.61276
22.2018
22.02181
22.98479
23.26091
21.79172
20.30447
20.75866
22.32897
23.68769
25.87212
32.0498
21.15426
21.57673
22.07148
23.2385
24.43421
24.40867
21.91183
20.08744
20.36083
21.48667
22.22372
21.92789
21.15451
20.83068
21.68585
25.03255
30.70885
20.51265
21.3484
21.85169
22.61569
23.47047
24.46391
23.33697
20.32015
19.77827
20.37826
21.35084
22.40096
22.73839
21.70455
20.6711
23.2016
26.23035
19.79457
20.96129
21.72887
22.61137
23.20028
24.10315
24.63637
23.02806
21.76411
21.77492
21.59838
21.88505
23.0318
23.13778
21.53666
21.61959
23.10227
19.54785
20.36118
21.42965
22.42688
23.00941
23.18661
23.49241
23.44051
22.67705
22.55922
22.00489
21.35801
22.18542
23.60379
23.55598
21.86245
20.75139
19.68613
17.83222
17.57971
17.01828
16.9937
18.28437
19.27795
19.20451
17.77282
16.16869
15.25828
14.23036
15.64248
19.83196
24.9908
27.54189
27.2032
24.30593
23.13302
23.24032
23.02435
20.65907
19.88317
20.34917
20.66118
19.77079
18.92012
17.62523
15.19268
15.65925
18.58597
21.71179
24.35526
26.76416
25.70651
27.84619
29.13697
29.3698
28.84939
27.02124
23.77125
21.35357
20.41053
20.55947
21.13391
19.89494
17.81648
18.74282
20.87593
22.92996
24.9263
24.52243
28.04897
30.51971
30.99817
31.86685
32.01049
29.4243
24.74623
21.63099
21.86657
23.72259
24.2712
22.46948
20.90353
22.07328
23.58291
23.72674
23.72396
26.97379
29.28186
29.12412
29.34635
30.77575
31.18199
28.40834
24.47446
23.95401
26.01846
27.44898
26.61748
24.3934
24.54831
25.24833
24.60824
24.37304
26.49717
27.33283
26.52353
26.31573
27.35703
28.5161
28.74041
28.21309
28.65088
29.67308
30.41442
29.58731
28.05963
27.21619
26.88412
26.00319
23.99496
25.6908
25.92797
24.74236
24.52508
24.55161
25.22674
27.11006
29.63513
31.16358
31.22803
30.91088
30.31315
29.479
28.26154
27.13444
26.74678
22.93519
24.64029
24.71566
23.45428
23.02404
23.1464
23.55145
24.93396
26.91921
28.14449
28.93287
29.9778
30.42807
29.67446
28.22412
26.92835
26.40292
21.94215
23.48549
23.83854
23.18295
22.76329
22.58502
22.36139
22.79116
23.66312
24.71568
27.29652
30.68303
32.79488
32.41763
30.00365
28.80058
28.0529
22.67217
23.44624
24.03675
24.21346
23.48121
22.69073
22.2343
22.92122
24.23734
25.35868
27.95861
32.38101
36.10805
36.08223
32.69176
31.61398
32.48016
26.15089
27.72092
28.07764
27.50012
26.28758
25.31393
24.11109
23.75163
25.44139
27.59325
29.96551
33.84064
37.37391
36.81542
33.89676
33.55482
35.28933
31.02432
32.30791
32.59831
32.17392
31.5219
30.13955
27.32138
24.80792
25.54982
28.43401
31.52393
34.55892
36.3918
34.89788
33.63233
34.20778
35.76694
31.01596
31.88117
32.98589
34.44776
35.07692
33.55196
29.87765
26.56575
26.02869
28.39095
31.86103
34.48212
34.83976
33.11862
32.77818
34.06646
35.58729
29.05857
29.21931
30.99529
33.45427
34.57713
33.39457
30.23198
27.34691
26.44493
28.15856
31.71341
34.27671
33.78394
32.19337
32.21941
33.76889
35.07997
28.3491
28.27159
29.69311
31.98532
32.78015
31.56018
29.06127
26.40872
24.86294
25.8382
29.38142
32.8622
33.25721
31.6576
32.18762
33.43435
33.37765
27.07867
27.42027
29.03782
30.96295
31.51338
30.32123
28.31304
25.75121
22.97878
22.11011
25.0538
29.49947
32.10508
31.30398
31.69951
32.91502
31.82663
25.75249
26.05711
28.0072
29.82757
30.02079
28.78627
27.47888
26.15012
23.50834
20.50876
21.20281
25.54911
29.25963
29.53205
29.03086
30.37034
30.42728
24.98313
25.16304
27.01392
28.21674
28.07971
26.77727
26.05577
26.31085
25.24297
22.16967
20.01493
22.15807
25.99015
27.02264
26.39828
27.6142
29.01841
23.44632
24.4086
25.5578
26.44826
26.63317
25.34993
24.00521
24.80499
25.45741
23.80776
20.79482
20.35703
23.08972
24.88895
25.3999
26.79893
30.75786
21.92539
22.77316
23.52721
24.82807
25.97446
24.94248
22.54558
22.42524
23.46557
23.73099
22.15238
20.55518
20.97174
22.56223
23.97718
26.48829
32.99671
21.2968
21.75294
22.27105
23.5358
24.80526
24.78977
22.30992
20.5228
20.85075
21.9864
22.64451
22.2349
21.39212
21.09244
22.05755
25.68799
31.84864
20.65607
21.56929
22.09097
22.92604
23.87373
24.89602
23.7793
20.78785
20.2748
20.88698
21.81309
22.76932
23.01302
21.99018
21.08728
23.83036
27.2731
19.91823
21.20395
22.01199
22.94071
23.60527
24.57195
25.11098
23.52116
22.28218
22.30523
22.0903
22.28288
23.33508
23.4301
21.93321
22.1503
23.89922
19.65429
20.57474
21.72699
22.78343
23.41514
23.6649
23.99177
23.95535
23.21749
23.11421
22.52296
21.7692
22.50954
23.89795
23.86318
22.30849
21.49579
19.69134
17.83789
17.58512
17.02379
16.99927
18.32246
19.41602
19.4757
18.05881
16.34781
15.33584
14.24732
15.68358
19.93249
25.1617
27.88436
28.00657
24.31581
23.14192
23.24663
23.02913
20.66393
19.89418
20.38685
20.82885
20.08608
19.2066
17.77476
15.22651
15.67763
18.66409
21.86535
24.67406
27.61176
25.72772
27.86491
29.14824
29.37524
28.85521
27.03576
23.78765
21.40585
20.60161
20.86002
21.34395
19.96903
17.82946
18.79416
21.05272
23.29588
25.82547
24.56728
28.08289
30.53696
31.0073
31.87762
32.02655
29.45049
24.76032
21.68636
22.02478
23.8918
24.35617
22.49292
20.92697
22.17518
23.9075
24.67953
23.80583
27.03527
29.3171
29.14873
29.37363
30.80488
31.20599
28.43832
24.49507
23.99292
26.06393
27.48082
26.64102
24.43692
24.6321
25.59407
25.73963
24.5114
26.61317
27.42111
26.60747
26.39961
27.42976
28.57279
28.78402
28.25369
28.67541
29.67902
30.41483
29.59782
28.14049
27.38884
27.38442
27.27373
24.16026
25.86152
26.09838
24.92195
24.7192
24.73318
25.36894
27.20868
29.70211
31.18816
31.23906
30.92094
30.31965
29.57611
28.57166
27.76209
27.91575
23.06219
24.78741
24.86746
23.6443
23.26884
23.4267
23.79986
25.10976
27.04049
28.19309
28.97757
30.05364
30.50311
29.89769
28.697
27.46782
27.24168
21.97945
23.51324
23.86042
23.25849
22.93448
22.82681
22.62448
23.02792
23.83822
24.79731
27.35373
30.81312
32.97866
32.71659
30.3881
29.1592
28.60212
22.6841
23.44727
24.03676
24.226
23.54418
22.7818
22.35555
23.06666
24.37271
25.41994
27.96998
32.45362
36.15971
36.12735
32.84757
31.96761
32.9438
26.16586
27.72247
28.07738
27.50053
26.29241
25.31999
24.12283
23.77456
25.47877
27.62142
29.97416
33.86666
37.45211
36.89082
33.95862
33.73119
35.60356
31.03722
32.30991
32.5982
32.17392
31.52224
30.14633
27.33908
24.8278
25.56624
28.44718
31.52937
34.56856
36.43312
34.94494
33.71236
34.25797
35.89978
31.03566
31.88537
32.98711
34.45015
35.08536
33.57062
29.90307
26.60494
26.08157
28.43236
31.87545
34.4832
34.84499
33.13659
32.82708
34.11356
35.67875
29.08446
29.23288
31.00614
33.47164
34.60448
33.42266
30.26071
27.39928
26.54143
28.28074
31.79004
34.29701
33.78518
32.20761
32.24012
33.78298
35.11566
28.4143
28.32379
29.73648
32.03838
32.83661
31.60627
29.09892
26.46461
24.97908
26.03212
29.5691
32.96109
33.28064
31.67538
32.22585
33.45616
33.38939
27.19666
27.54356
29.14417
31.06322
31.59015
30.382
28.36201
25.80838
23.08481
22.29642
25.30607
29.71647
32.20645
31.34186
31.76147
32.96613
31.84282
25.91273
26.26543
28.18659
29.94765
30.09188
28.8499
27.53474
26.20829
23.59912
20.65356
21.43151
25.81679
29.45605
29.62332
29.0983
30.45174
30.47255
25.13114
25.41178
27.23223
28.32496
28.13779
26.8427
26.11939
26.37557
25.33354
22.31952
20.22677
22.41757
26.23489
27.17754
26.46359
27.68465
29.07106
23.53623
24.61174
25.749
26.55123
26.70745
25.43647
24.09283
24.89441
25.57342
23.98555
21.02461
20.60537
23.32258
25.0598
25.45826
26.82893
30.79495
21.97799
22.88884
23.65944
24.94839
26.08086
25.0537
22.66795
22.55371
23.62032
23.94162
22.41362
20.82657
21.21707
22.75695
24.07722
26.54322
33.09164
21.33804
21.84159
22.38969
23.67815
24.94032
24.92717
22.46374
20.69046
21.03268
22.21924
22.94633
22.56398
21.70334
21.36571
22.27049
25.83263
32.0058
20.68899
21.66464
22.2291
23.08216
24.03992
25.06523
23.95279
20.9813
20.47396
21.12243
22.12062
23.12498
23.36701
22.32139
21.36551
24.03389
27.45524
19.94046
21.27491
22.13993
23.10016
23.78676
24.78102
25.30655
23.73152
22.5012
22.54422
22.37506
22.61683
23.6831
23.75113
22.20296
22.38819
24.1239
19.67262
20.61316
21.80952
22.92316
23.59752
23.91538
24.23452
24.19325
23.46684
23.36993
22.80586
22.09396
22.85986
24.20729
24.09556
22.53261
21.75871
19.69795
17.84618
17.59507
17.03319
17.00783
18.33685
19.44746
19.54341
18.16911
16.45725
15.40764
14.27359
15.6937
19.93884
25.1632
27.88411
28.05293
24.32653
23.15148
23.25401
23.03751
20.67406
19.91049
20.41118
20.8615
20.15545
19.30612
17.85565
15.25877
15.68728
18.6685
21.86792
24.67451
27.65219
25.75155
27.88659
29.16225
29.38505
28.86996
27.05945
23.81219
21.42747
20.63194
20.92296
21.40778
20.0021
17.83907
18.79979
21.06491
23.30277
25.84615
24.61334
28.11943
30.5583
31.0219
31.90197
32.05945
29.47815
24.783
21.71245
22.05873
23.92575
24.37508
22.50065
20.93667
22.20093
23.9311
24.68484
23.89024
27.09672
29.35799
29.18564
29.42742
30.86268
31.25308
28.47215
24.52259
24.02019
26.0783
27.48744
26.64327
24.45186
24.6952
25.64399
25.77076
24.66369
26.72721
27.50679
26.69887
26.51256
27.54922
28.6703
28.85342
28.30214
28.70459
29.6894
30.4206
29.59835
28.16209
27.52453
27.52022
27.41805
24.34566
26.03363
26.24515
25.06284
24.89618
24.91595
25.51591
27.31004
29.76904
31.21873
31.24821
30.93379
30.32096
29.60577
28.78292
28.05132
28.34841
23.22382
24.95434
24.99496
23.74961
23.37742
23.53609
23.8987
25.18443
27.09354
28.21839
28.98925
30.08038
30.51748
29.95022
28.92699
27.78541
27.98408
22.03565
23.56549
23.89101
23.27407
22.94092
22.83313
22.6405
23.05279
23.86158
24.80966
27.35999
30.83769
32.99857
32.75013
30.46349
29.35348
29.19615
22.69714
23.45239
24.0374
24.226
23.54418
22.7818
22.35647
23.07164
24.38016
25.42428
27.97035
32.46573
36.18193
36.13779
32.85122
31.99356
33.15117
26.18519
27.72973
28.07843
27.50038
26.29241
25.32118
24.12952
23.78285
25.48518
27.62479
29.97461
33.86954
37.48964
36.96011
34.00311
33.7598
35.65582
31.05332
32.31675
32.60019
32.17451
31.52383
30.15608
27.35469
24.84178
25.57482
28.45507
31.53291
34.56853
36.4536
34.98696
33.7528
34.30679
35.93264
31.05854
31.89661
32.99451
34.45857
35.10037
33.59528
29.92986
26.62734
26.09973
28.45003
31.88733
34.48513
34.85045
33.16253
32.85738
34.15717
35.71745
29.11621
29.25622
31.02731
33.50258
34.65485
33.46595
30.2939
27.42928
26.57073
28.31242
31.81978
34.31112
33.78656
32.21576
32.26189
33.80356
35.12862
28.49951
28.38235
29.7912
32.11715
32.92628
31.66332
29.13529
26.49901
25.01064
26.06938
29.62608
33.00919
33.29918
31.68434
32.26755
33.48684
33.39122
27.34552
27.66074
29.2597
31.20209
31.70422
30.44893
28.40502
25.84622
23.11496
22.32518
25.36776
29.79986
32.2646
31.36195
31.80776
33.01278
31.84764
26.08676
26.44477
28.3583
30.11996
30.20449
28.92272
27.58403
26.24997
23.63401
20.68365
21.47527
25.90258
29.54598
29.67149
29.13783
30.49163
30.4804
25.25105
25.58515
27.41962
28.5017
28.25234
26.92214
26.17785
26.42307
25.37687
22.35978
20.26832
22.48779
26.32774
27.24879
26.49507
27.69601
29.07232
23.58282
24.71885
25.89346
26.71769
26.83914
25.54006
24.1697
24.95434
25.62831
24.03302
21.07484
20.67378
23.40988
25.14195
25.49069
26.83527
30.8039
22.00486
22.94919
23.75768
25.09486
26.25501
25.1926
22.76602
22.62278
23.68314
23.99914
22.48077
20.91944
21.33885
22.88638
24.15125
26.58908
33.15381
21.3603
21.89567
22.48338
23.81367
25.12984
25.10673
22.59282
20.7647
21.09612
22.28424
23.03288
22.69432
21.88734
21.58097
22.43733
25.95024
32.12518
20.70163
21.71129
22.32647
23.20395
24.20309
25.26601
24.12237
21.07412
20.54323
21.18877
22.20698
23.26056
23.56362
22.5811
21.62216
24.20903
27.601
19.95067
21.30099
22.20175
23.19088
23.89891
24.96053
25.50965
23.86815
22.59092
22.62273
22.45171
22.71918
23.83819
23.96649
22.45972
22.61744
24.31535
19.68681
20.62874
21.83826
22.97434
23.66512
24.04293
24.43624
24.38309
23.59361
23.47408
22.89652
22.18721
22.98646
24.37872
24.2801
22.74192
21.94923
19.71063
17.85546
17.60533
17.04342
17.01826
18.3548
19.48416
19.60159
18.23325
16.51654
15.45485
14.29743
15.70804
19.95055
25.16637
27.88387
28.05264
24.34452
23.1654
23.26439
23.04859
20.68554
19.92763
20.43414
20.89456
20.19987
19.35681
17.89669
15.27869
15.69801
18.67758
21.87557
24.67747
27.65234
25.7858
27.91632
29.18121
29.39785
28.88612
27.08294
23.83726
21.45177
20.6644
20.96447
21.44342
20.02315
17.84625
18.80578
21.0903
23.32121
25.84933
24.67321
28.1664
30.58834
31.04186
31.92709
32.09196
29.51116
24.81293
21.74341
22.09461
23.95563
24.39124
22.50392
20.94051
22.23173
23.9661
24.69375
23.98052
27.16489
29.40713
29.22281
29.47352
30.91897
31.30761
28.51373
24.55169
24.04418
26.09228
27.49239
26.64368
24.45394
24.7279
25.68773
25.78745
24.80408
26.83216
27.58433
26.765
26.59106
27.64159
28.75146
28.90788
28.3351
28.7209
29.69316
30.42092
29.59843
28.16226
27.55811
27.57997
27.50976
24.50979
26.17033
26.34334
25.14222
24.99659
25.02622
25.59847
27.35414
29.78728
31.22228
31.24833
30.93379
30.32096
29.60577
28.79653
28.09206
28.55149
23.35941
25.05896
25.05212
23.79324
23.43305
23.59254
23.93092
25.19471
27.09433
28.2184
28.98925
30.08038
30.51748
29.95022
28.92903
27.78667
28.0957
22.07844
23.5835
23.89599
23.27913
22.94625
22.83504
22.64184
23.05323
23.86196
24.80967
27.35992
30.83766
32.99851
32.7501
30.46341
29.35342
29.20004
22.70331
23.45333
24.03744
24.226
23.54418
22.7818
22.35723
23.07418
24.38295
25.42484
27.97032
32.46569
36.18189
36.13773
32.85115
31.9936
33.15164
26.19785
27.73309
28.0785
27.50037
26.29243
25.32263
24.1367
23.79072
25.48938
27.62637
29.97482
33.86953
37.48962
36.96005
34.00308
33.75974
35.65704
31.07171
32.32416
32.60135
32.1749
31.52649
30.16948
27.37922
24.85774
25.58121
28.46105
31.5357
34.5689
36.45357
34.98691
33.75275
34.30673
35.93257
31.0888
31.91009
33.0008
34.46651
35.11603
33.63176
29.9761
26.65591
26.11731
28.46936
31.90068
34.49013
34.85099
33.16249
32.85744
34.15726
35.7174
29.16069
29.2811
31.05004
33.53173
34.69758
33.53255
30.35798
27.46844
26.60097
28.34655
31.85408
34.33243
33.79286
32.21675
32.26287
33.80455
35.12866
28.59339
28.44713
29.85012
32.17798
33.00468
31.75432
29.21213
26.54763
25.04343
26.10622
29.67404
33.0523
33.32325
31.69273
32.27205
33.49041
33.39168
27.49853
27.78871
29.37313
31.2977
31.8081
30.55539
28.49615
25.90565
23.15181
22.35946
25.41504
29.85303
32.3089
31.38474
31.81579
33.01873
31.84881
26.26068
26.61906
28.51828
30.24104
30.30805
29.02561
27.68424
26.31771
23.67929
20.7226
21.5155
25.95137
29.59362
29.70359
29.14958
30.49989
30.48183
25.36767
25.73444
27.57635
28.63185
28.36172
27.02589
26.29308
26.50681
25.43848
22.41022
20.31363
22.52941
26.37263
27.28889
26.51389
27.70405
29.07373
23.6364
24.79578
25.99568
26.84951
26.96937
25.67529
24.30723
25.06594
25.71029
24.09704
21.12781
20.71887
23.45852
25.19458
25.52374
26.85156
30.81694
22.04356
22.99353
23.82594
25.21212
26.42218
25.3626
22.92683
22.76493
23.78756
24.07546
22.54164
20.97187
21.39797
22.9654
24.21861
26.6362
33.2046
21.39672
21.94053
22.55568
23.91892
25.29103
25.29346
22.78149
20.93936
21.21576
22.37241
23.10308
22.75302
21.94934
21.68286
22.56871
26.05513
32.2182
20.72875
21.74982
22.39571
23.30743
24.32448
25.43957
24.32361
21.27505
20.69023
21.29358
22.28501
23.32219
23.61341
22.65801
21.77456
24.37424
27.73796
19.9737
21.32531
22.24302
23.27326
23.9894
25.087
25.69323
24.08023
22.77655
22.76008
22.5514
22.79601
23.89273
24.01221
22.54993
22.79544
24.50438
19.71191
20.6477
21.86128
23.02316
23.73146
24.13057
24.57481
24.58055
23.80446
23.65606
23.03879
22.30112
23.0689
24.44011
24.33221
22.85802
22.12177
19.73011
17.87116
17.61963
17.05645
17.03053
18.36745
19.50729
19.6453
18.28609
16.56496
15.49448
14.31784
15.72225
19.96219
25.16998
27.8838
28.05241
24.37065
23.18853
23.28416
23.06574
20.70015
19.94183
20.44853
20.92208
20.24188
19.40293
17.93206
15.29291
15.70377
18.68372
21.87886
24.67793
27.65219
25.8335
27.95713
29.20905
29.41807
28.90557
27.1036
23.85527
21.47224
20.69637
21.00342
21.47345
20.03382
17.84743
18.80708
21.09246
23.32195
25.84917
24.75486
28.22337
30.62791
31.07077
31.95395
32.11913
29.53628
24.83851
21.77251
22.12721
23.97924
24.39734
22.50414
20.94051
22.23173
23.96613
24.69361
24.09021
27.24068
29.46295
29.26307
29.51386
30.95861
31.3416
28.54477
24.57665
24.06422
26.09943
27.49332
26.64368
24.45394
24.7279
25.68773
25.78759
24.96207
26.93798
27.65804
26.81808
26.64071
27.68823
28.78975
28.94119
28.36283
28.73581
29.69585
30.42092
29.59843
28.16226
27.55802
27.57987
27.50988
24.69221
26.29524
26.41939
25.18406
25.03081
25.05709
25.6269
27.38095
29.80596
31.22674
31.24834
30.93379
30.32096
29.60577
28.79653
28.09194
28.55129
23.49527
25.13724
25.07879
23.80171
23.43646
23.59648
23.93972
25.20567
27.09854
28.2187
28.98925
30.08038
30.51748
29.95022
28.92903
27.78667
28.09552
22.10641
23.58571
23.89599
23.27913
22.94625
22.83504
22.64297
23.05732
23.86496
24.8101
27.35989
30.83764
32.99846
32.75011
30.46342
29.35341
29.19991
22.70651
23.4535
24.03744
24.226
23.54418
22.7818
22.35866
23.08167
24.38809
25.42542
27.97032
32.46568
36.18185
36.13767
32.85112
31.99357
33.15157
26.20718
27.73491
28.07852
27.50039
26.29243
25.32284
24.1425
23.80233
25.49506
27.62703
29.97481
33.86952
37.4896
36.96001
34.00304
33.75971
35.65699
31.09097
32.3295
32.60202
32.17507
31.5272
30.17632
27.39864
24.87796
25.58928
28.46321
31.53635
34.56895
36.45356
34.98688
33.75271
34.30669
35.93251
31.12052
31.9217
33.00667
34.47345
35.12818
33.65689
30.01617
26.69114
26.13764
28.48178
31.90848
34.49299
34.8513
33.16246
32.85742
34.15723
35.71736
29.20865
29.30966
31.07697
33.56372
34.74075
33.5814
30.41266
27.51355
26.63426
28.37762
31.88036
34.34787
33.79726
32.21746
32.26348
33.80466
35.12862
28.70194
28.52597
29.92124
32.24902
33.08067
31.82885
29.27989
26.59991
25.0814
26.14115
29.71351
33.09046
33.34162
31.69835
32.27655
33.49187
33.39164
27.67765
27.93985
29.49922
31.40069
31.90042
30.65087
28.57975
25.96699
23.19462
22.39118
25.45169
29.89919
32.34608
31.40214
31.82609
33.02148
31.84877
26.47292
26.81365
28.67548
30.35649
30.39366
29.13272
27.77755
26.38632
23.7283
20.76134
21.55037
25.99218
29.63588
29.7339
29.16394
30.5034
30.48184
25.52273
25.89594
27.71872
28.74246
28.46286
27.13792
26.40082
26.59446
25.50565
22.46373
20.35953
22.5699
26.41411
27.32916
26.53911
27.71234
29.0758
23.71893
24.89532
26.09695
26.96173
27.09367
25.81177
24.44428
25.18436
25.80088
24.17064
21.18673
20.76428
23.50118
25.24615
25.56637
26.87606
30.83323
22.11585
23.0782
23.91762
25.31462
26.56344
25.52253
23.08817
22.90907
23.90229
24.16668
22.61588
21.03071
21.44743
23.02351
24.29001
26.70125
33.25866
21.47268
22.04051
22.65771
24.00502
25.41659
25.46252
22.96247
21.10683
21.34436
22.47151
23.1868
22.82563
22.01026
21.74454
22.66508
26.16179
32.3125
20.7865
21.8348
22.48095
23.37513
24.4091
25.58703
24.50941
21.46467
20.84368
21.4031
22.37274
23.39999
23.67957
22.71646
21.85117
24.4903
27.85793
20.00582
21.36625
22.28382
23.31494
24.0434
25.19102
25.85474
24.28456
22.96135
22.8968
22.65216
22.88357
23.97405
24.08179
22.60566
22.87425
24.61602
19.73532
20.67338
21.88754
23.05196
23.77034
24.20227
24.68597
24.76461
24.01157
23.82776
23.17545
22.41494
23.17395
24.53558
24.41438
22.90946
22.18032
