 1
 1
 1
 1
 1
 1
 1
 1
 1
 1
 1
 1
 1
 1
 0
 0
 0
 1
 1
 1
 1
 1
 1
 1
 1
 1
 1
 1
 1
 1
 1
 0
 0
 0
 1
 1
 1
 1
 1
 1
 1
 1
 1
 1
 1
 1
 1
 1
 1
 0
 0
 1
 1
 1
 1
 1
 1
 1
 1
 1
 1
 1
 1
 1
 1
 1
 1
 0
 1
 1
 1
 1
 1
 1
 1
 1
 1
 1
 1
 1
 1
 1
 1
 1
 1
 1
 1
 1
 1
 1
 1
 1
 1
 1
 1
 1
 1
 1
 1
 1
 1
 1
 1
 1
 1
 1
 1
 1
 1
 1
 1
 1
 1
 1
 1
 1
 1
 1
 1
 1
 1
 1
 1
 1
 1
 1
 1
 1
 1
 1
 1
 1
 1
 1
 1
 1
 1
 1
 1
 1
 1
 1
 1
 1
 1
 1
 1
 1
 1
 1
 1
 1
 1
 1
 1
 1
 1
 1
 1
 1
 1
 1
 1
 1
 1
 1
 1
 1
 1
 1
 0
 1
 1
 1
 1
 1
 1
 1
 1
 1
 1
 1
 1
 1
 1
 1
 1
 1
 1
 1
 1
 1
 1
 1
 1
 1
 1
 1
 1
 1
 1
 1
 1
 1
 1
 1
 1
 1
 1
 1
 1
 1
 1
 1
 1
 1
 1
 1
 1
 1
 1
 1
 1
 1
 1
 1
 1
 1
 1
 1
 1
 1
 1
 1
 1
 1
 1
 1
 1
 1
 1
 1
 1
 1
 1
 1
 1
 1
 1
 1
 1
 1
 1
 1
 1
 1
 1
 1
 1
 1
 1
 1
 1
 1
 1
 1
 1
 1
 1
 1
 1
 1
 1
 1
 1
 1
 1
 1
 1
 1
 1
 1
 1
 1
 1
 1
 1
 1
 1
 1
 1
 1
 1
 1
 1
 1
 1
 1
 1
 1
 1
 1
 1
 1
 1
 1
 1
 1
 1
 1
 1
 1
 1
 1
 1
 1
 1
 1
 1
 1
 1
 1
 1
 1
 1
 1
 1
 1
 1
 1
 1
 1
 1
 1
 1
 1
 1
 1
 1
 1
 1
 1
 1
 1
 1
 1
 1
 1
 1
 1
 1
 1
 1
 1
 1
 1
 1
 1
 1
 1
 1
 1
 1
 1
 1
 1
 1
 1
 1
 1
 1
 1
 1
 1
 1
 1
 1
 1
 1
 1
 1
 1
 1
 1
 1
 1
 1
 1
 1
 1
 1
 1
 1
 1
 1
 1
 1
 1
 1
 1
 1
 1
 1
 1
 1
 1
 1
 1
0.8516815
0.8427722
0.8335821
0.5559619
0.5611134
0.8362051
0.8402379
0.8419513
0.810612
0.7755965
0.7364697
0.4340193
0.3840739
0.3301956
0.2704797
0.205431
0.195127
0.6001319
0.5926797
0.8555809
0.8483043
0.575798
0.8437458
0.5707211
0.5667883
0.5349489
0.769682
0.7297168
0.4275678
0.3842505
0.3378807
0.4968923
0.2336595
0.2242919
0.615558
0.608542
0.6017801
0.8626146
0.8555404
0.8486127
0.5712472
0.5639567
0.5332951
0.5009766
0.4669957
0.4311487
0.3934124
0.353786
0.3118137
0.2665223
0.2544761
0.8787633
0.6036698
0.5960669
0.8576863
0.8519512
0.8462464
0.8405039
0.8346843
0.8075305
0.7770364
0.7436141
0.4457767
0.4125119
0.6222382
0.5727152
0.5176546
0.2851298
0.6058494
0.598593
0.8601505
0.8526616
0.8481472
0.8437078
0.839335
0.8349715
0.5406409
0.5148435
0.4879225
0.7232502
0.6888791
0.6516684
0.6099837
0.5644565
0.5364113
0.8694658
0.5932698
0.8550795
0.8475146
0.5738989
0.8410337
0.8379868
0.8350397
0.8147194
0.791294
0.7659974
0.7388332
0.7097929
0.6785952
0.3950513
0.3664007
0.5763937
0.8644251
0.5877299
0.8499061
0.8422965
0.8400531
0.8382282
0.8365096
0.8348974
0.8180571
0.7978659
0.7763798
0.7536083
0.7293969
0.7036398
0.6761426
0.3966775
0.371341
0.8594074
0.852197
0.8446922
0.8370003
0.8357352
0.835282
0.8349435
0.8346687
0.8209783
0.8040521
0.7863217
0.7677068
0.748029
0.7273278
0.7055811
0.6826629
0.3985178
0.8626904
0.8591429
0.855917
0.8530217
0.8510965
0.8490245
0.8467228
0.8440319
0.832386
0.8181544
0.5329245
0.51806
0.5048305
0.4920138
0.479257
0.4665313
0.4428415
0.8720631
0.8734105
0.8751217
0.8771343
0.8731988
0.867704
0.5925387
0.8556759
0.8454189
0.5628843
0.5495227
0.5367857
0.5278357
0.5197486
0.5120639
0.5048051
0.4843827
1.179325e-05
0.6195837
0.6264105
0.6334752
0.8937634
0.8853858
0.6083255
0.5979902
0.587846
0.5775682
0.5657437
0.5548168
0.5495348
0.5459368
0.542999
0.5405498
0.523151
0.6220425
0.6333926
0.644884
0.9183201
0.6499725
0.6373253
0.6239409
0.6098774
0.5995975
0.5909618
0.5815864
0.5719762
0.5697234
0.5705982
0.572095
0.573984
0.5593786
0.6303784
0.6463947
0.6623166
0.6780127
0.6714657
0.6557862
0.6392654
0.6232765
0.6163734
0.6046469
0.5967845
0.5884094
0.5889241
0.5939878
0.5994638
0.6052144
0.5932763
0.6379932
0.6573775
0.6761403
0.694122
0.9436352
0.6701751
0.6527824
0.6365478
0.630727
0.6214809
0.6160437
0.610072
0.6124779
0.619911
0.6274466
0.6349392
0.6225884
0.62226
0.6424329
0.6619826
0.6805103
0.9375306
0.6700929
0.6609004
0.6523266
0.6481614
0.6446795
0.6423249
0.6396609
0.6425419
0.6493746
0.6564689
0.6634079
0.6477769
0.6058818
0.6268667
0.6470811
0.6661204
0.930609
0.669488
0.6683437
0.6676809
0.6672009
0.6667656
0.6666984
0.666768
0.6706048
0.6769298
0.6835625
0.6900541
0.6718953
0.5888195
0.6104861
0.6314
0.9137252
0.6620845
0.6683451
0.6751474
0.6823096
0.6863521
0.6880388
0.6899111
0.6919805
0.6966063
0.7027643
0.708957
0.7150737
0.6949731
0.8415256
0.5935898
0.8825499
0.9003599
0.9146658
0.6666884
0.6813765
0.6960196
0.704612
0.7082958
0.7120251
0.7158657
0.7210405
0.7270124
0.7328247
0.7385716
0.7169944
0.8236202
0.8463357
0.8672041
0.886372
0.6413987
0.6645085
0.687038
0.7088413
0.721932
0.727431
0.7329266
0.7384316
0.7440909
0.7497525
0.7552499
0.7606766
0.7380657
0.8077033
0.8326597
0.8556416
0.6087795
0.6360034
0.6678491
0.6980391
0.7265252
0.7464509
0.7587433
0.7709824
0.7831028
0.7857111
0.7787268
0.7709485
0.7624425
0.733736
0.7946207
0.8222057
0.8474588
0.601907
0.6336493
0.6737332
0.7108105
0.7450619
0.7714018
0.7903406
0.8085366
0.8259283
0.8258611
0.8067967
0.7858229
0.7627839
0.727118
0.7807667
0.8111668
0.8388552
0.8640364
0.6306087
0.6789868
0.7227158
0.7622849
0.7941899
0.8186737
0.8415207
0.862788
0.861478
0.8329455
0.8005047
0.7635866
0.7202088
0.7661031
0.7995865
0.5591382
0.8571513
0.8929752
0.6836017
0.7338299
0.7783059
0.8150045
0.8441373
0.8705997
0.8946574
0.893088
0.8573017
0.8150336
0.7649415
0.7132632
0.7506038
0.5176452
0.5496262
0.5799147
0.889029
0.9435408
0.744163
0.7932268
0.8340269
0.8670077
0.8963124
0.9223176
0.9211483
0.879967
0.8293837
0.766895
0.7062275
1.056551
1.034845
1.008599
0.7368094
0.7060817
0.9525682
0.9570152
0.9478368
0.8862461
0.856989
0.834549
0.5291875
0.4813553
0.4282189
0.3603387
0.2626419
0.227523
0.7995022
0.7963091
1.050434
1.03106
0.7300157
0.9658582
0.6652356
0.6404313
0.5942196
0.8304601
0.8036137
0.511145
0.4849758
0.4546793
0.5961579
0.3129656
0.2710208
0.7792815
0.8004606
0.8012895
1.011157
0.9929988
0.9725927
0.6718062
0.6399362
0.5994257
0.5778651
0.5803436
0.5685655
0.5422212
0.5061361
0.4503227
0.3805906
0.3207634
1.003531
0.7595215
0.7750595
0.9963165
0.9810002
0.9714793
0.9525886
0.9306629
0.9024867
0.893849
0.8902477
0.6090984
0.5851372
0.8276381
0.7835952
0.6624562
0.3662879
0.7252691
0.7241758
0.9871866
0.9770284
0.9731938
0.9665822
0.9543539
0.9466625
0.662636
0.6481145
0.6386756
0.8932168
0.8857679
0.8739356
0.8119664
0.7170781
0.6252213
0.9968816
0.7104914
0.9501175
0.9478292
0.6781895
0.9412532
0.926421
0.9270154
0.9433077
0.9402967
0.9199053
0.9164844
0.9135895
0.8919817
0.5885577
0.5085008
0.6700926
0.9751475
0.6879433
0.9172966
0.8983558
0.9000618
0.8973615
0.8944917
0.920137
0.9588698
0.9581646
0.9451826
0.9470865
0.9350847
0.8874687
0.8417742
0.5271404
0.4685524
0.9253678
0.9127799
0.8859867
0.8757928
0.8900192
0.902925
0.9220324
0.9587989
0.9916051
1.002508
1.008981
1.006037
0.9685005
0.9133003
0.8603228
0.8028705
0.4913019
0.9208663
0.9336177
0.9443792
0.9569833
0.9764027
0.9954361
1.021226
1.049271
1.070115
1.083231
0.8217618
0.8047565
0.758561
0.7045818
0.6513249
0.6023148
0.5390714
0.9625577
1.001808
1.042112
1.068959
1.081818
1.097762
0.8415391
1.122739
1.136526
0.8702934
0.8619116
0.844283
0.8094149
0.7513799
0.6986002
0.6623806
0.5904512
0.09251381
0.7443084
0.7899976
0.8337924
1.119573
1.137862
0.8787347
0.8923486
0.8993686
0.9120123
0.8875057
0.8613436
0.8274899
0.7757943
0.7298571
0.6942549
0.6193564
0.6960282
0.7355408
0.7867134
1.095137
0.860945
0.8682007
0.8625897
0.8587562
0.8859614
0.902739
0.9097729
0.8725948
0.8186499
0.7769783
0.7449238
0.7146778
0.6666759
0.7031995
0.7562413
0.8030462
0.8427732
0.8509006
0.858291
0.8574513
0.8613205
0.9021646
0.9100305
0.904564
0.8646547
0.8069659
0.7757673
0.7482276
0.7220538
0.6878216
0.7308477
0.7872112
0.8387622
0.8627318
1.102461
0.836973
0.8436774
0.8571343
0.8941376
0.89402
0.8860171
0.8487175
0.7990691
0.7746819
0.7493078
0.7392203
0.6994648
0.7302786
0.7630438
0.8129709
0.8526193
1.088446
0.8149617
0.8253101
0.8342435
0.8445525
0.849647
0.8573362
0.8415133
0.8018456
0.7791492
0.7793476
0.7438653
0.7102988
0.7247518
0.7554103
0.7930347
0.8203006
1.06614
0.7940072
0.8022376
0.7984724
0.7969024
0.7937622
0.8072203
0.8128009
0.7920864
0.7686232
0.7697197
0.745688
0.7202114
0.6907747
0.7301432
0.7584072
1.037757
0.7708334
0.7670459
0.7718868
0.7691391
0.7665994
0.7547877
0.7581887
0.7720925
0.7723473
0.762274
0.761672
0.7598837
0.7400596
0.9142094
0.6861923
0.9821259
0.9873012
0.9861525
0.7326121
0.7377052
0.7476228
0.7514414
0.7464507
0.7443469
0.7526795
0.7647565
0.7678802
0.7643914
0.7720323
0.7557389
0.8692551
0.9039346
0.9281382
0.9390254
0.6855866
0.7012467
0.7181175
0.740963
0.7534851
0.7549295
0.755603
0.7597418
0.7702188
0.7830151
0.7977995
0.7958469
0.7761873
0.852868
0.869957
0.8915947
0.6429386
0.66527
0.689949
0.7175213
0.7486243
0.7687818
0.7792774
0.7894979
0.7998703
0.8024952
0.8018607
0.8111365
0.7970296
0.7734548
0.8508519
0.8568281
0.8773364
0.6312051
0.6586255
0.6935487
0.7277187
0.7618747
0.7871591
0.8045033
0.8220625
0.839126
0.8379448
0.8194814
0.8035268
0.7820899
0.7557585
0.8275561
0.8441574
0.8669972
0.8910956
0.6554242
0.7002371
0.7409885
0.77854
0.8087144
0.8310576
0.852446
0.8734486
0.8714221
0.8421514
0.8154134
0.7814619
0.7404475
0.7980173
0.8286536
0.5863587
0.8827725
0.9171462
0.7062642
0.7543848
0.796171
0.8311927
0.8586585
0.8827572
0.9062699
0.9033916
0.8680647
0.8349983
0.7833152
0.7293592
0.775939
0.5429354
0.5744656
0.6037464
0.9117444
0.9656869
0.7659208
0.813009
0.8509648
0.8827416
0.9103631
0.9351629
0.9324996
0.8910262
0.8443046
0.7799256
0.7174491
1.959673
2.026567
2.080083
1.890654
1.877053
2.0747
2.134851
2.28158
2.346319
2.311193
2.171355
1.626031
1.450012
1.449227
1.419463
1.240936
1.059648
1.729626
1.846101
2.36695
2.532753
2.284052
2.401108
2.039922
2.069441
2.080191
2.325707
2.226583
1.70612
1.550572
1.514888
1.603573
1.23213
1.098681
1.618012
1.907181
2.315101
2.755363
2.805192
2.701771
2.282797
2.135462
2.062187
2.046991
2.04859
1.908086
1.706209
1.609903
1.542164
1.384133
1.167512
1.769164
1.836286
2.278634
2.692794
2.719878
2.684588
2.590437
2.45634
2.348228
2.339954
2.347431
1.993818
1.831681
1.989842
1.897561
1.667348
1.210406
1.53041
1.736424
2.323247
2.507023
2.582967
2.593211
2.556175
2.479021
2.073212
2.014094
1.965888
2.202874
2.09227
1.978061
1.909437
1.702698
1.470581
1.912917
1.72385
2.175664
2.415449
2.296776
2.58115
2.502523
2.426871
2.324496
2.252032
2.139899
2.063542
1.986112
1.905751
1.571579
1.422146
1.522177
1.951866
1.778757
2.13758
2.324571
2.468753
2.477383
2.382218
2.325036
2.27313
2.176793
2.063473
1.973402
1.86814
1.757211
1.710209
1.376828
1.335567
1.84565
2.022996
2.112387
2.223245
2.311967
2.330971
2.296213
2.226906
2.185784
2.129415
2.05753
2.0027
1.894858
1.812592
1.84883
1.82597
1.488922
1.830606
2.07156
2.224149
2.301797
2.325814
2.389581
2.453997
2.403721
2.319572
2.278443
1.975641
1.955101
1.920982
1.88247
1.918256
1.971066
1.807561
1.930802
2.148017
2.352605
2.48177
2.492625
2.52182
2.284784
2.512926
2.478155
2.143734
2.091647
2.131725
2.171005
2.203099
2.123397
2.101922
2.013582
1.032773
1.800673
2.002384
2.163358
2.483737
2.463777
2.198619
2.189839
2.215861
2.227474
2.136677
2.120663
2.157298
2.224163
2.133242
2.060421
2.021455
1.585115
1.684992
1.841111
2.237219
2.034053
2.002909
1.99509
2.010476
2.088367
2.134716
2.156587
2.091594
2.023222
2.02377
2.106356
2.141982
2.087375
1.576276
1.648468
1.745296
1.840683
1.842122
1.802216
1.797125
1.848566
1.968559
2.064909
2.129617
2.086804
1.985496
1.938501
2.058881
2.129492
2.027725
1.596312
1.694738
1.790436
1.861019
1.996709
1.680284
1.729621
1.80456
1.94892
2.073682
2.125518
2.103699
2.018447
2.01019
1.972616
1.918685
1.824059
1.589596
1.681561
1.779963
1.860854
1.97405
1.672019
1.773211
1.813472
1.868165
1.989321
2.091382
2.118738
2.045433
1.998085
1.989848
1.840514
1.588845
1.505708
1.640728
1.760667
1.774784
1.972109
1.72212
1.823628
1.828968
1.782574
1.851695
1.954434
2.056781
2.045707
1.886558
1.819058
1.722222
1.479248
1.323196
1.505434
1.671463
1.940433
1.707151
1.776119
1.837988
1.828621
1.768501
1.730894
1.76466
1.879207
1.93551
1.797277
1.668335
1.6196
1.496171
1.507814
1.378424
1.797011
1.852738
1.907712
1.683266
1.727266
1.762116
1.745747
1.65773
1.620216
1.676674
1.780611
1.740104
1.608252
1.563238
1.530747
1.498924
1.560135
1.642626
1.708616
1.495815
1.539364
1.569452
1.63611
1.655942
1.583493
1.547778
1.543047
1.611777
1.660215
1.637657
1.589577
1.614575
1.467686
1.474769
1.520905
1.300508
1.340804
1.426979
1.45055
1.475617
1.501612
1.486534
1.464332
1.464211
1.468023
1.495742
1.532291
1.512895
1.598265
1.399646
1.379017
1.418661
1.209051
1.219767
1.300674
1.340666
1.331041
1.343009
1.358124
1.349669
1.378415
1.357959
1.332914
1.319996
1.314252
1.398795
1.292648
1.316929
1.387703
1.400742
1.113209
1.163137
1.217989
1.221757
1.232956
1.25079
1.259615
1.292452
1.285464
1.224877
1.164703
1.168543
1.210171
1.162907
1.246106
1.099798
1.304345
1.257751
1.043599
1.10407
1.133982
1.170139
1.196573
1.223166
1.260386
1.243116
1.178714
1.127651
1.118313
1.115132
1.068211
0.8724695
0.9420674
0.9192955
1.164612
1.210225
1.023185
1.074174
1.118405
1.153145
1.196657
1.25366
1.222081
1.165991
1.122219
1.08119
1.039958
3.143047
3.206905
3.246072
2.956179
2.841085
3.066332
3.224185
3.512332
3.727713
3.801546
3.686988
3.017788
2.824864
3.061648
3.27196
3.104556
2.747845
3.061085
3.198664
3.761665
3.907932
3.519432
3.578435
3.228927
3.372056
3.601367
4.105137
4.150427
3.516138
3.242934
3.274199
3.443769
3.066104
2.868705
3.112628
3.466304
3.917787
4.366481
4.339772
4.208618
3.769553
3.628253
3.702337
3.958256
4.245904
4.187011
3.829517
3.605305
3.518155
3.349197
3.041975
3.342406
3.500786
3.987694
4.389985
4.394582
4.37304
4.35466
4.250324
4.182158
4.333045
4.563136
4.352512
4.133036
4.158815
4.036907
3.784203
3.177928
3.09398
3.399251
4.007766
4.158956
4.219182
4.262239
4.406014
4.46152
4.079279
4.077604
4.10078
4.406975
4.301806
4.157648
4.098683
3.844589
3.479157
3.454178
3.36594
3.809539
4.005108
3.893596
4.206845
4.276483
4.364195
4.351928
4.330632
4.217928
4.131686
4.053791
3.996807
3.674628
3.460934
3.472387
3.450844
3.410661
3.770458
3.907399
4.073203
4.102832
4.065201
4.13136
4.215621
4.19507
4.093623
3.977391
3.839817
3.711502
3.651158
3.264137
3.16114
3.294719
3.639242
3.758747
3.829641
3.93239
3.981972
3.966475
3.961628
4.034074
4.049641
4.011333
3.983462
3.854807
3.700251
3.675372
3.610507
3.216739
3.324397
3.71507
3.92703
3.999029
4.028193
4.126372
4.226855
4.22999
4.200459
4.156855
3.894604
3.97267
3.969827
3.841104
3.748568
3.751468
3.545993
3.643092
3.961075
4.258461
4.436196
4.440972
4.467763
4.24997
4.504391
4.495118
4.126868
4.049151
4.176906
4.291624
4.247022
3.985954
3.886993
3.780061
2.983864
3.908004
4.20819
4.421601
4.721985
4.641108
4.293725
4.219796
4.252826
4.263352
4.125528
4.130952
4.226912
4.222102
3.954053
3.765548
3.702788
3.657047
3.914295
4.174766
4.595158
4.366373
4.241964
4.074339
3.939586
3.976777
4.048422
4.068097
3.989872
3.920754
3.824992
3.772049
3.709918
3.602382
3.591674
3.775281
3.96208
4.089414
4.034995
3.849624
3.661662
3.580338
3.649437
3.756079
3.84846
3.804765
3.671771
3.515372
3.522011
3.52323
3.385361
3.489531
3.65126
3.827004
3.924582
3.95732
3.433171
3.290711
3.292561
3.40854
3.533856
3.627714
3.640217
3.523809
3.41015
3.27669
3.163617
3.040352
3.416213
3.542056
3.701942
3.795626
3.770591
3.222671
3.126112
3.097691
3.115544
3.23415
3.386468
3.482378
3.416777
3.280763
3.196306
2.997252
2.686376
3.209584
3.392189
3.568972
3.593916
3.676302
3.206188
3.143409
3.055329
2.913574
2.922975
3.067569
3.272425
3.330507
3.125545
2.983494
2.852999
2.540391
2.883493
3.085881
3.332182
3.634928
3.383552
3.307927
3.235214
3.161615
2.993304
2.805285
2.78756
3.003013
3.162241
3.019748
2.812131
2.740309
2.598853
3.040019
2.902998
3.396177
3.513466
3.583773
3.264419
3.181097
3.200392
3.135479
2.914852
2.730762
2.781124
2.976618
2.966543
2.780176
2.727402
2.741004
2.993362
3.05828
3.196454
3.329681
3.137845
3.092979
2.96967
3.023186
3.05678
2.933
2.776559
2.683163
2.773492
2.875691
2.83373
2.811664
3.0147
2.88539
2.901182
2.950461
2.771673
2.836002
2.875237
2.727581
2.68249
2.736662
2.741688
2.683242
2.612886
2.559363
2.578279
2.606006
2.641583
2.973129
2.69194
2.673203
2.668606
2.461722
2.499384
2.589346
2.514964
2.378475
2.392807
2.437841
2.440871
2.458413
2.383623
2.294934
2.226426
2.258379
2.5332
2.434915
2.456298
2.480922
2.44615
2.17609
2.270782
2.31717
2.209474
2.20472
2.226266
2.245121
2.293816
2.267695
2.143568
1.988762
1.994651
2.151108
2.173352
2.266576
2.087606
2.236972
2.168321
1.988717
2.11414
2.126525
2.136934
2.169588
2.190749
2.214894
2.183386
2.084497
1.980129
1.956083
2.025508
2.00422
1.809854
1.867221
1.811189
2.01166
2.057363
1.937133
2.033072
2.05386
2.077343
2.111531
2.147446
2.09766
2.0469
2.019201
1.966746
1.922096
4.799321
4.942132
5.027605
4.604911
4.278452
4.466462
4.747357
5.246647
5.645402
5.919529
5.973917
5.263478
5.04615
5.481341
5.892604
5.743775
5.239333
4.884187
5.093258
5.73467
5.826875
5.206796
5.077706
4.680386
4.905982
5.295322
6.048718
6.321186
5.73829
5.505676
5.672869
5.896077
5.475556
5.19744
5.112593
5.576686
6.088312
6.477419
6.313224
6.052911
5.464067
5.20657
5.32612
5.792997
6.358518
6.464372
6.132828
5.938138
5.907234
5.748209
5.32732
5.469401
5.796115
6.333085
6.597072
6.503466
6.48213
6.403429
6.152438
6.047396
6.331239
6.766737
6.702674
6.497442
6.501941
6.451594
6.239226
5.500421
5.225472
5.73121
6.368904
6.369955
6.350401
6.471005
6.697976
6.731834
6.335239
6.433044
6.564033
6.924473
6.796237
6.628631
6.620815
6.375003
5.9026
5.48596
5.573774
6.038514
6.139747
5.994775
6.38375
6.593206
6.802288
6.893826
6.986846
6.929116
6.826821
6.704491
6.633083
6.329021
6.079665
6.006446
5.30457
5.421628
5.823658
5.911369
6.085562
6.190593
6.29374
6.549539
6.815672
6.919478
6.869915
6.737188
6.560291
6.40179
6.327336
5.904279
5.746603
5.022805
5.490153
5.640257
5.699157
5.847359
5.996909
6.115223
6.287538
6.539597
6.665988
6.684629
6.701355
6.562246
6.336856
6.257786
6.168442
5.732257
5.039572
5.472232
5.701093
5.787247
5.875072
6.089267
6.337127
6.504849
6.605245
6.619896
6.464801
6.687011
6.71991
6.471999
6.235104
6.20771
5.968736
5.597305
5.894767
6.196248
6.385102
6.409059
6.509867
6.418755
6.820864
6.944475
6.644778
6.631156
6.902051
7.092893
6.902786
6.395833
6.225592
6.111997
5.310099
6.304759
6.617663
6.8192
7.078476
6.969429
6.62096
6.600004
6.756215
6.859308
6.746133
6.82192
6.967279
6.8178
6.306289
5.985442
5.900605
6.168328
6.519494
6.842555
7.277157
7.021686
6.822381
6.541454
6.326428
6.403465
6.567712
6.636207
6.570354
6.478436
6.243186
6.025912
5.841852
5.663743
5.991908
6.247246
6.512042
6.695292
6.626463
6.338102
6.011989
5.831841
5.887466
6.047066
6.201886
6.166177
5.973654
5.705782
5.609145
5.525744
5.313159
5.747235
5.929384
6.160172
6.299799
6.265329
5.594393
5.313809
5.260794
5.364383
5.512849
5.672181
5.722285
5.545331
5.333608
5.134337
4.971779
4.785412
5.608776
5.732318
5.903103
5.993447
5.850645
5.098588
4.849989
4.763568
4.751595
4.872714
5.082967
5.242968
5.15916
4.926042
4.79194
4.569471
4.195505
5.247599
5.43741
5.632234
5.636611
5.595264
4.935404
4.728182
4.546998
4.315404
4.266782
4.451289
4.738765
4.831341
4.546291
4.337554
4.202978
3.835469
4.762527
4.914077
5.212634
5.514478
5.18527
4.955381
4.779287
4.636304
4.360246
4.028027
3.963275
4.258611
4.470809
4.273715
3.964737
3.883636
3.726783
4.853654
4.647478
5.166196
5.297953
5.314196
4.854187
4.693302
4.698476
4.5754
4.22177
3.89962
3.936517
4.171255
4.121176
3.842777
3.79066
3.834302
4.689625
4.735342
4.892075
5.051138
4.827765
4.64159
4.415057
4.478063
4.505629
4.310859
4.020324
3.829135
3.913332
4.002254
3.906576
3.922102
4.255254
4.442389
4.478642
4.547603
4.396817
4.447013
4.371545
4.073512
4.009153
4.076169
4.066075
3.935807
3.759495
3.626726
3.620695
3.641656
3.723223
4.22621
4.101375
4.094814
4.096606
3.920788
3.963956
3.997186
3.774321
3.55215
3.564302
3.620016
3.608854
3.576849
3.414811
3.245816
3.131926
3.185171
3.593402
3.672035
3.698395
3.715983
3.696824
3.449422
3.552431
3.509346
3.272674
3.263722
3.302282
3.326928
3.369016
3.292795
3.064527
2.767059
2.756759
2.985255
3.263944
3.34701
3.156109
3.305809
3.260906
3.137805
3.278309
3.211464
3.195552
3.241583
3.254308
3.247246
3.180305
3.009178
2.773978
2.683489
2.786757
3.018126
2.796969
2.837222
2.775766
2.987856
3.088712
3.036425
3.144567
3.136306
3.141245
3.139866
3.12489
3.049113
2.988677
2.896305
2.736375
2.654665
6.720541
7.016257
7.356912
6.882401
6.298174
6.401459
6.759709
7.419068
7.985014
8.334484
8.479348
7.862346
7.882189
8.751081
9.557824
9.507571
8.857596
7.108667
7.410806
8.255624
8.398954
7.574393
7.253671
6.736292
7.046457
7.594882
8.48506
8.85611
8.311831
8.242189
8.71667
9.210834
8.927286
8.687285
7.496481
8.087801
8.6921
9.058208
8.863107
8.565439
7.762547
7.357568
7.511571
8.134536
8.888034
9.092001
8.802519
8.726739
8.89402
8.911623
8.510962
7.855345
8.366185
8.963914
9.074564
8.984045
9.078722
8.918068
8.462926
8.283216
8.681862
9.285507
9.319246
9.111235
9.131012
9.241078
9.185353
8.439255
7.54123
8.260588
8.940918
8.749226
8.69603
8.996458
9.333124
9.288024
8.820593
8.991082
9.179589
9.550691
9.388523
9.205623
9.315307
9.18768
8.731901
7.677854
7.97199
8.484429
8.450202
8.28722
8.828262
9.223873
9.548018
9.71769
9.882115
9.797561
9.629648
9.434402
9.333708
9.094085
8.89234
8.825899
7.29778
7.624911
8.108727
8.143212
8.338894
8.560055
8.866729
9.376648
9.868535
10.09762
10.0461
9.857738
9.611683
9.377613
9.279459
8.85736
8.694992
6.855227
7.529607
7.780823
7.837044
8.046227
8.352466
8.691573
9.129907
9.6211
9.863209
9.935702
10.05377
9.940558
9.623557
9.467447
9.367512
8.915662
6.784163
7.390973
7.748208
7.886113
8.059037
8.454791
8.919773
9.306983
9.572554
9.671511
9.675928
10.13995
10.31342
10.02273
9.691129
9.683007
9.440089
7.588694
7.994744
8.368758
8.571722
8.654125
8.908159
9.025284
9.635586
9.938473
9.747813
9.855304
10.36145
10.73704
10.53134
9.910316
9.78942
9.734263
7.87096
9.049832
9.373553
9.474964
9.709042
9.640326
9.38428
9.518726
9.880719
10.12375
10.07804
10.27693
10.53733
10.34541
9.714161
9.410776
9.404238
9.096992
9.697824
10.1634
10.5432
10.25147
9.984275
9.639373
9.441043
9.649884
9.954067
10.08459
10.03166
9.916958
9.572914
9.247946
9.042937
8.893192
8.871441
9.368731
9.869686
10.18817
10.11241
9.713298
9.279379
9.074183
9.17878
9.424884
9.631541
9.554086
9.243013
8.83576
8.629086
8.48766
8.254012
8.447939
8.790279
9.233504
9.554769
9.508963
8.722311
8.315111
8.257059
8.406395
8.621088
8.854342
8.892303
8.567342
8.206505
7.912452
7.67276
7.418847
8.195766
8.40923
8.70647
8.90316
8.696076
7.772269
7.362513
7.244301
7.258458
7.434561
7.739234
7.965269
7.814336
7.429149
7.230848
6.956574
6.47923
7.694736
7.93448
8.216263
8.251215
8.09424
7.236264
6.848181
6.567365
6.276634
6.219598
6.495812
6.898773
7.030992
6.639531
6.361584
6.223879
5.768492
7.106482
7.209197
7.585268
7.894019
7.453297
7.02452
6.688784
6.436887
6.037935
5.576138
5.515202
5.933816
6.218267
5.957623
5.543968
5.473489
5.304705
7.05469
6.796931
7.339533
7.46725
7.376375
6.751881
6.468015
6.408148
6.189831
5.676134
5.22994
5.29174
5.59297
5.512656
5.138188
5.099824
5.190095
6.699776
6.708504
6.859467
7.002812
6.70453
6.370422
6.036869
6.07719
6.063231
5.756297
5.314545
5.049021
5.156582
5.247384
5.103921
5.154525
5.631351
6.316574
6.317109
6.34668
6.169069
6.162456
5.956552
5.520311
5.433236
5.490621
5.435616
5.210183
4.934197
4.751787
4.736049
4.756249
4.894402
5.579617
5.861712
5.822136
5.774252
5.565073
5.558451
5.495099
5.112005
4.800394
4.796193
4.845832
4.808701
4.716675
4.472518
4.23663
4.100318
4.207027
4.786556
5.269351
5.298501
5.286366
5.235887
4.960925
5.01956
4.848179
4.44916
4.408496
4.449913
4.473435
4.496815
4.358862
4.016176
3.602825
3.618502
3.945072
4.663549
4.779111
4.596336
4.740965
4.696635
4.592609
4.713203
4.540279
4.442138
4.46383
4.44211
4.386345
4.262767
3.998358
3.640558
3.51725
3.66791
4.236675
4.061223
4.135249
4.101042
4.337833
4.483663
4.471841
4.563156
4.491542
4.425385
4.345582
4.251276
4.124512
4.030694
3.876555
3.638231
3.537979
8.547243
8.92064
9.441685
8.857254
7.89361
7.938927
8.474042
9.308266
10.01522
10.41555
10.64059
10.02179
10.2052
11.4608
12.61812
12.64507
11.84164
9.131015
9.546533
10.69901
10.99555
9.74311
8.986972
8.365996
8.860546
9.660418
10.75546
11.2468
10.67014
10.73791
11.52339
12.27072
12.08007
11.85052
9.546985
10.40117
11.29422
11.78899
11.43243
10.82134
9.655588
9.120442
9.467627
10.36141
11.40034
11.7161
11.42212
11.45773
11.85097
12.06408
11.75025
9.794004
10.55653
11.45117
11.58305
11.38303
11.43886
11.10463
10.37031
10.19673
10.86885
11.80986
12.04356
11.79949
11.79523
12.11263
12.2628
11.60388
9.39252
10.30938
11.22256
10.95953
10.80816
11.20502
11.62282
11.43701
10.88822
11.2792
11.73585
12.27652
12.06551
11.84478
12.11254
12.13037
11.72188
9.465602
9.936409
10.58727
10.49651
10.29285
10.93424
11.52629
11.93515
12.14319
12.45545
12.46026
12.37105
12.13416
12.0197
11.87275
11.71695
11.6564
8.920694
9.434139
10.03619
10.07047
10.29975
10.63322
11.16239
11.92644
12.63155
12.94928
12.86934
12.68286
12.41903
12.14927
12.0626
11.66174
11.50793
8.328167
9.200626
9.556217
9.650538
9.956755
10.43724
11.02844
11.76508
12.49704
12.79546
12.87545
13.08366
12.98355
12.57747
12.36152
12.28233
11.84693
8.149381
8.956224
9.457295
9.693761
10.00056
10.59016
11.29773
11.93201
12.36413
12.54759
12.73945
13.46344
13.76838
13.40187
12.92873
12.92397
12.69311
9.062865
9.632837
10.11114
10.4105
10.62006
11.06985
11.42357
12.26095
12.75829
12.73318
13.05684
13.89833
14.54441
14.34731
13.56681
13.45148
13.4371
9.946548
11.39025
11.64192
11.65502
11.90421
11.95241
11.86812
12.21584
12.83677
13.30977
13.45069
13.93313
14.49303
14.38078
13.67895
13.40605
13.45904
11.74282
12.71643
13.21212
13.44633
13.09464
12.78462
12.42667
12.32408
12.77297
13.33786
13.66695
13.78737
13.8541
13.57312
13.28545
13.17046
13.07418
11.68793
12.52233
13.26347
13.66066
13.52966
12.99708
12.49338
12.30894
12.55594
13.0061
13.38799
13.399
13.11624
12.71426
12.57067
12.5345
12.36034
11.28092
11.83443
12.58316
13.14568
13.09875
12.19273
11.72377
11.71682
11.97005
12.33174
12.7216
12.80935
12.40303
11.97283
11.70198
11.52442
11.30594
11.08826
11.41224
11.93489
12.35174
12.16315
11.13639
10.65859
10.58315
10.68244
10.97783
11.44532
11.77751
11.57043
11.05394
10.84895
10.5892
10.07395
10.58797
10.88436
11.31858
11.46539
11.26606
10.30021
9.835886
9.564256
9.309069
9.319436
9.749539
10.32491
10.53371
10.05415
9.732614
9.602338
9.063769
9.96475
10.0518
10.53523
10.85787
10.358
9.765249
9.345976
9.098207
8.703952
8.21992
8.235311
8.841671
9.259159
8.972125
8.475539
8.412793
8.214611
9.701151
9.495903
10.10435
10.22564
10.00885
9.231712
8.854511
8.800099
8.588699
8.015571
7.513704
7.675464
8.121575
8.054218
7.591334
7.55467
7.702995
9.067057
9.158179
9.381122
9.538586
9.156701
8.642827
8.190209
8.231604
8.224331
7.856805
7.313538
7.041714
7.249842
7.367472
7.137084
7.188605
7.877738
8.525379
8.566347
8.615109
8.462296
8.420485
8.056583
7.453887
7.344051
7.407391
7.316833
7.004979
6.655271
6.45559
6.432893
6.417756
6.591236
7.539566
8.026606
7.949593
7.842622
7.629776
7.607431
7.448606
6.898172
6.485998
6.462326
6.490572
6.405103
6.231798
5.887607
5.579842
5.422721
5.602671
6.442619
7.369158
7.345493
7.234169
7.127135
6.839657
6.869736
6.586174
6.014355
5.911769
5.928277
5.918428
5.884494
5.639131
5.148649
4.638409
4.72632
5.203537
6.640822
6.721178
6.466186
6.542211
6.466784
6.370241
6.46146
6.173961
5.959195
5.921866
5.830603
5.688537
5.471571
5.086855
4.613028
4.498561
4.71928
6.075648
5.887845
5.921701
5.848257
6.046517
6.174727
6.157753
6.185039
6.017689
5.853582
5.668107
5.470951
5.280368
5.148008
4.946518
4.661438
4.556285
9.854998
10.13296
10.55813
9.809711
8.761298
8.957006
9.760204
10.69621
11.34492
11.7593
12.24247
11.81272
12.15468
13.7872
15.37084
15.5925
14.74382
10.73399
11.13531
12.43268
12.82789
11.27201
10.16084
9.567588
10.23108
11.16313
12.40069
13.04432
12.50003
12.69644
13.83143
14.89959
14.90265
14.7409
11.25821
12.3234
13.50521
14.29913
13.83611
12.8368
11.26541
10.53168
11.00166
12.12957
13.41891
13.84254
13.51131
13.6693
14.36311
14.8407
14.68003
11.37478
12.45905
13.75174
14.1761
14.04724
13.98948
13.41278
12.19639
11.8355
12.67685
13.94264
14.40847
14.14515
14.06829
14.58989
14.99965
14.49965
10.84148
12.07832
13.28621
13.1887
13.02164
13.51362
14.04171
13.59146
12.77892
13.23312
13.95442
14.68318
14.47824
14.18843
14.5818
14.817
14.53678
10.80816
11.55347
12.36018
12.3371
12.08877
12.82071
13.57361
14.06826
14.44115
14.75118
14.83598
14.77986
14.54848
14.42711
14.34111
14.29007
14.29759
10.15934
10.91012
11.58911
11.6427
11.858
12.23333
12.90848
14.00953
15.19415
15.57375
15.41502
15.13681
14.86232
14.58229
14.48284
14.12199
14.0417
9.457652
10.50389
10.93045
11.07106
11.4031
11.96729
12.76221
13.88969
15.01698
15.39342
15.42134
15.62531
15.49842
15.00698
14.75842
14.72882
14.36598
9.220739
10.17772
10.78113
11.09275
11.45192
12.16099
13.08313
13.98324
14.62099
14.90638
15.25623
16.17601
16.55459
16.08163
15.4821
15.52182
15.34451
10.07642
10.76887
11.36321
11.74499
12.03846
12.61845
13.15029
14.17702
14.87997
15.04905
15.60566
16.76252
17.65329
17.4057
16.41079
16.34715
16.37415
11.12766
12.70021
13.00618
13.07476
13.36818
13.49679
13.55564
14.12303
15.01841
15.75148
16.12219
16.91427
17.7835
17.6966
16.85425
16.61852
16.70034
13.27302
14.5374
15.18913
15.49185
15.13447
14.75683
14.3162
14.28489
15.02586
15.93081
16.52733
16.88103
17.16357
16.93741
16.68708
16.6598
16.57832
13.44594
14.61188
15.63961
16.23248
16.12406
15.42192
14.68701
14.45589
14.89295
15.68321
16.37269
16.58119
16.37583
16.03757
16.05616
16.17336
16.06863
13.16978
13.92188
14.93194
15.72919
15.75228
14.70981
14.03558
14.07129
14.45484
15.08237
15.7901
16.07166
15.65454
15.24571
15.17437
15.19276
15.09638
13.25085
13.58712
14.2746
14.87775
14.73969
13.61391
13.01566
13.06228
13.27132
13.76418
14.53362
15.08118
14.85703
14.30937
14.28817
14.20886
13.79218
13.05914
13.27448
13.83978
14.10919
13.9109
12.85133
12.31886
12.14211
11.93422
12.03964
12.71585
13.56303
13.87665
13.36243
13.14907
13.15874
12.64983
12.74289
12.72128
13.28886
13.66961
13.17014
12.43743
11.97493
11.80547
11.39687
10.8786
11.01053
11.89593
12.50961
12.24168
11.74426
11.78162
11.61183
12.49627
12.33017
12.97112
13.11339
12.83617
11.95734
11.55084
11.57163
11.36894
10.7083
10.12413
10.43932
11.12774
11.16451
10.69202
10.71149
10.94357
11.69159
11.89512
12.19516
12.36663
11.95439
11.31587
10.79766
10.92046
10.98353
10.57805
9.885637
9.581883
9.941774
10.18038
9.953159
10.07625
11.03811
10.96242
11.09376
11.20903
11.12404
11.086
10.61208
9.879316
9.804338
9.963874
9.925634
9.548919
9.084797
8.853739
8.861287
8.867213
9.162897
10.48053
10.37643
10.30301
10.21041
10.06731
10.08007
9.890084
9.197609
8.692616
8.725474
8.834347
8.794119
8.577744
8.135823
7.745266
7.57218
7.903843
9.122068
9.692119
9.632835
9.482267
9.385296
9.137469
9.211034
8.890713
8.168828
8.021428
8.068506
8.096464
8.071273
7.757711
7.144362
6.528226
6.729456
7.442425
8.932131
8.976779
8.684967
8.736177
8.663194
8.631374
8.780213
8.463252
8.152143
8.059101
7.916001
7.722276
7.449692
6.986736
6.415742
6.342353
6.67742
8.31489
8.102823
8.109879
8.020979
8.193069
8.315155
8.352069
8.382102
8.167171
7.935939
7.664277
7.387825
7.152385
7.010042
6.795456
6.474662
6.34076
10.66708
10.63229
10.78912
9.890686
8.797881
9.056121
10.00157
11.06612
11.66011
12.05925
12.8179
12.73118
13.47038
15.64847
17.77727
18.45637
17.70333
12.24286
12.4781
13.51614
13.57196
11.70415
10.43426
9.89406
10.74035
11.77127
13.10857
14.0325
13.58298
13.96961
15.52155
17.07994
17.43979
17.52997
13.05817
14.37536
15.64104
16.25298
15.68744
14.53294
12.62539
11.52558
11.9355
13.27028
14.89328
15.36951
14.92451
15.24774
16.35756
17.20602
17.31445
13.01006
14.55705
16.28641
16.80022
16.81971
16.94008
16.1689
14.29733
13.35608
14.1471
15.70731
16.36903
15.94172
15.75429
16.53951
17.277
17.01472
12.38896
13.91815
15.55244
15.73826
15.61648
16.18374
16.81978
16.15521
14.78106
14.9705
15.9003
16.81535
16.49472
16.01862
16.55096
17.06767
17.00671
12.38672
13.24349
14.22148
14.32067
14.23448
14.97386
15.69582
16.30593
16.64983
16.85762
17.00111
17.01712
16.67703
16.41583
16.37245
16.47243
16.63816
11.68543
12.41623
13.12997
13.11336
13.33445
13.77769
14.55197
15.85361
17.37196
17.92619
17.81546
17.403
17.06915
16.68663
16.53176
16.22208
16.28249
10.86987
11.86292
12.14999
12.12393
12.53441
13.24411
14.20752
15.54142
17.04544
17.62409
17.75089
17.89132
17.73108
17.10447
16.75409
16.74489
16.49169
10.50333
11.32651
11.88329
12.143
12.57831
13.39823
14.40465
15.45577
16.32947
16.81484
17.43291
18.55219
19.04469
18.47147
17.63727
17.62338
17.49436
11.33681
11.88776
12.4375
12.81332
13.11921
13.75847
14.39707
15.56566
16.49581
16.93064
17.76107
19.27339
20.51132
20.27844
18.9555
18.77176
18.80786
12.53255
14.11188
14.4093
14.50915
14.76382
14.80075
14.80637
15.48213
16.70482
17.83055
18.51083
19.61273
20.87518
20.84752
19.80146
19.45487
19.46843
14.85611
16.30326
17.16255
17.68773
17.42659
16.81285
15.93373
15.72728
16.73186
18.14261
19.24897
19.83153
20.1911
19.96194
19.79183
19.82385
19.64424
15.17065
16.52956
17.84567
18.81601
18.89566
17.94172
16.73095
16.21673
16.70792
17.92485
19.16471
19.6474
19.27689
18.88802
19.12798
19.43504
19.32202
14.94442
15.72814
16.937
18.04098
18.28425
17.17395
16.17416
16.01427
16.36708
17.21964
18.42454
19.02441
18.53865
17.99856
18.14977
18.45063
18.45786
15.15789
15.42033
16.17337
16.88473
16.85491
15.86667
15.07946
14.97857
15.1462
15.78649
16.95996
17.86929
17.74191
17.06916
17.23697
17.45218
17.17314
15.23738
15.36558
15.97982
16.23505
15.96528
15.03185
14.46935
14.05286
13.77772
13.98496
15.00879
16.18382
16.72769
16.21038
16.15421
16.39791
15.98119
15.26119
15.21475
15.80618
16.12063
15.47144
14.64737
14.18197
13.90693
13.46332
12.86609
13.17883
14.39784
15.268
15.08373
14.66409
14.89865
14.85164
15.12354
15.0615
15.71962
15.81024
15.34184
14.27395
13.81121
13.87483
13.71147
12.94641
12.24313
12.77619
13.77622
13.94533
13.52455
13.69476
14.09641
14.30316
14.63549
14.99034
15.14328
14.642
13.78589
13.14142
13.32452
13.43363
12.9404
12.03112
11.7609
12.39035
12.78474
12.59379
12.8464
14.14799
13.51635
13.73335
13.89972
13.88451
13.86146
13.25991
12.33864
12.21296
12.38539
12.29922
11.76678
11.21702
11.05413
11.15769
11.21047
11.67943
13.46142
12.90289
12.81598
12.74399
12.69704
12.80398
12.62051
11.77217
11.08605
11.07987
11.19984
11.15359
10.87361
10.32624
9.849866
9.700185
10.28367
11.98133
12.20798
12.08305
11.89664
11.847
11.71931
11.90606
11.58063
10.67883
10.41231
10.47355
10.55001
10.54146
10.1094
9.28516
8.560469
8.973205
10.01137
11.46099
11.41991
11.06421
11.10632
11.10101
11.21899
11.47038
11.13842
10.72741
10.55934
10.38946
10.20691
9.916961
9.338299
8.606352
8.584727
9.119497
10.87653
10.5908
10.51925
10.39502
10.57892
10.76274
10.91506
11.01014
10.80501
10.54497
10.19667
9.861696
9.65178
9.543136
9.301678
8.914108
8.756639
11.01621
10.89866
10.90821
9.962204
8.812812
9.066788
10.00857
11.07612
11.68307
12.13085
12.99956
13.12729
14.36791
17.40644
19.92965
20.71368
19.82523
12.70984
12.78979
13.80667
13.87154
11.95646
10.51596
10.0095
10.82634
11.86874
13.36827
14.59256
14.35147
14.86948
16.88105
18.72475
19.49834
19.75202
14.4614
15.41728
16.34862
16.69566
16.23672
14.9779
12.97624
11.78448
12.36914
14.06829
16.13262
16.58622
15.9364
16.4462
17.89241
19.13568
19.47685
15.11141
16.60674
18.15508
18.19112
17.90369
18.18765
17.36395
15.09798
14.25455
15.46174
17.38491
17.96957
17.4474
17.17503
18.14819
19.21518
19.13854
14.87085
16.52323
18.06433
18.13169
17.57733
17.90811
18.58473
17.63792
15.96157
16.26277
17.53144
18.7107
18.50965
17.80789
18.27718
19.02244
19.16586
14.81657
16.00368
16.91592
16.89471
16.41696
16.67971
17.24739
18.00133
18.41617
18.50375
18.83232
19.35824
19.14573
18.64116
18.35183
18.44844
18.80681
13.93134
14.87851
15.53933
15.41452
15.40565
15.48779
15.96343
17.60353
19.41628
20.09085
20.16182
20.03347
19.6805
19.08801
18.68938
18.30566
18.4463
12.79462
14.03567
14.28668
13.96891
14.16528
14.7066
15.56202
17.0939
18.92349
19.62314
20.04131
20.36443
20.18163
19.38507
18.84348
18.79945
18.58526
12.04169
12.92216
13.5328
13.70104
14.08637
14.76943
15.62778
16.74801
17.79447
18.45998
19.44576
20.89816
21.62686
21.03387
19.93313
19.75895
19.62958
12.77441
13.38901
14.01107
14.41984
14.65642
15.14222
15.62646
16.83423
17.95922
18.65643
19.742
21.62103
23.33639
23.29536
21.71513
21.26331
21.31251
14.07087
15.82935
16.32643
16.59696
16.92435
16.86912
16.44557
16.91401
18.39732
19.88988
20.7681
22.1027
23.79081
23.96929
22.85365
22.33113
22.30072
16.5297
18.1624
19.28405
20.08845
20.13405
19.67745
18.37117
17.52963
18.48873
20.36294
21.90715
22.61032
23.03316
22.83014
22.7495
22.77529
22.5408
16.92395
18.41277
19.93017
21.17739
21.5915
20.92655
19.55029
18.47051
18.65236
20.16002
21.9351
22.62356
22.07667
21.56838
21.92573
22.37341
22.31482
16.7444
17.57392
18.87058
20.14243
20.5925
19.74246
18.86347
18.37907
18.41886
19.41736
21.12852
22.06623
21.3173
20.57211
20.81369
21.30454
21.46242
17.01555
17.35185
18.20895
19.00705
18.92909
17.9468
17.46349
17.33131
17.10048
17.81652
19.36749
20.65955
20.54781
19.62351
19.84817
20.27285
20.08795
17.2393
17.48961
18.28489
18.63474
18.19268
17.00646
16.53966
16.31486
15.80823
15.74034
17.0722
18.6349
19.44448
18.8207
18.79474
19.22122
18.82381
17.31731
17.48933
18.33391
18.74939
17.9551
16.74689
16.21434
16.18518
15.87813
14.87933
15.03513
16.63745
17.81356
17.69725
17.29925
17.69171
17.73116
17.19506
17.38057
18.28258
18.51071
17.92994
16.56136
15.96169
16.22834
16.29383
15.42701
14.33972
14.91196
16.23714
16.52929
16.12846
16.44493
17.0328
16.41786
16.92765
17.50149
17.78941
17.28628
16.26424
15.48246
15.74222
15.94783
15.44375
14.31752
13.92423
14.75542
15.26961
15.09155
15.46257
17.11027
15.67702
15.98919
16.2909
16.4413
16.5079
15.88428
14.83822
14.64233
14.77421
14.69235
14.14778
13.54339
13.38081
13.53485
13.60359
14.20348
16.42149
15.05381
15.02169
15.03075
15.13927
15.3707
15.26845
14.40248
13.56978
13.45877
13.59042
13.63495
13.40471
12.7608
12.17584
12.00335
12.77635
14.91864
14.37818
14.26416
14.1348
14.18035
14.19205
14.50905
14.2678
13.31904
12.91956
12.91173
13.02964
13.11711
12.6414
11.63858
10.85042
11.49441
12.81794
13.71912
13.63245
13.2927
13.39144
13.47528
13.74388
14.10618
13.7984
13.33549
13.09502
12.88234
12.76258
12.50034
11.80567
11.00444
11.15688
11.89682
13.28563
12.9177
12.79243
12.67249
12.89958
13.19248
13.4672
13.62133
13.43244
13.17253
12.7641
12.38701
12.21428
12.08487
11.79278
11.42311
11.35145
11.4607
11.24783
11.02123
9.998453
8.831182
9.066254
10.00821
11.0799
11.69932
12.17868
13.05142
13.19977
14.681
18.38203
21.5777
22.64018
20.829
13.18515
13.17042
14.03611
13.99688
12.05396
10.61021
10.03842
10.83227
11.87962
13.38952
14.77052
14.8289
15.58282
17.87567
20.20771
21.00638
21.10331
15.65751
16.09996
16.58555
16.78237
16.41527
15.17141
13.16288
11.98467
12.56193
14.75643
17.48857
17.77224
16.80457
17.45786
19.16941
20.55886
21.03749
16.90642
18.35542
19.27866
18.71154
18.00126
18.38879
17.78929
15.72555
15.54545
17.4466
19.28329
19.67111
18.45589
18.24973
19.59752
20.86327
20.79652
16.90394
18.92643
20.17747
19.68566
18.24429
18.1825
19.01644
18.43773
17.3701
18.45265
19.84299
20.31916
19.53454
19.01493
19.78827
20.74702
20.98733
16.76028
18.5132
19.42274
19.03146
17.9367
17.44778
17.70034
18.88118
19.81461
20.52754
20.80688
20.74432
20.46253
20.16548
19.99212
20.32313
20.821
15.53673
16.84716
17.83147
17.55282
17.2176
16.78862
16.80335
18.67277
20.9689
21.89462
21.72213
21.60279
21.57507
21.08711
20.54195
20.21709
20.67114
14.17751
15.57709
15.90131
15.71686
15.87683
16.23795
16.88068
18.37701
20.34003
21.03164
21.34671
22.31874
22.4105
21.68167
20.91961
20.80742
20.72422
13.24207
14.19271
14.87203
15.20836
15.77185
16.48944
17.2165
18.16677
19.18426
19.87209
20.968
23.09443
24.18824
23.85298
22.64517
22.27466
21.8952
14.02635
14.62741
15.36627
16.04958
16.52339
17.09458
17.49009
18.58941
19.79969
20.63198
21.73277
23.98939
26.2052
26.49845
25.04589
24.33989
24.02431
15.50359
17.36865
17.99199
18.42187
19.03139
19.27789
18.89995
19.07668
20.53964
22.28811
23.29124
24.70573
26.73677
27.10174
26.15715
25.48187
25.26152
18.07604
19.84883
21.08383
22.02272
22.37213
22.27152
21.14184
19.98556
20.59408
22.68122
24.58892
25.39484
25.76067
25.55922
25.76709
25.8388
25.44425
18.41002
20.0149
21.71896
23.19102
23.81442
23.36538
22.11591
20.88416
20.7179
22.26729
24.44603
25.40901
24.71189
24.06357
24.6861
25.27075
25.12936
18.1252
19.10458
20.6794
22.20528
22.79244
21.98252
21.16253
20.63374
20.46058
21.4062
23.38827
24.69028
23.99763
22.99389
23.36578
24.05198
24.18346
18.3945
18.89538
20.07088
21.16618
21.20743
20.18172
19.65283
19.49986
19.11789
19.73021
21.46328
23.06973
23.2005
22.15498
22.38767
22.92331
22.65286
18.61832
19.07518
20.19217
20.88519
20.61319
19.41006
18.84586
18.63854
17.9851
17.58414
19.05301
20.9147
22.0332
21.4634
21.45342
21.93658
21.39178
18.69057
19.09318
20.27048
21.01731
20.48263
19.2928
18.64686
18.6489
18.37246
17.13533
17.03362
18.9295
20.37742
20.39722
20.02484
20.47791
20.44657
18.63257
19.00457
20.1881
20.75265
20.44374
19.16839
18.48966
18.78237
18.92918
18.06483
16.6221
17.21778
18.82049
19.23042
18.83514
19.2248
19.87647
17.96272
18.58098
19.36503
19.96249
19.75547
18.87045
18.05211
18.31443
18.55667
18.08459
16.78143
16.27845
17.29167
17.89287
17.71427
18.16642
20.077
17.219
17.62813
18.05383
18.50577
18.90324
18.47231
17.38644
17.15373
17.3272
17.28193
16.73995
16.06307
15.92233
16.1095
16.16359
16.86761
19.46389
16.49882
16.59765
16.76103
17.14307
17.66548
17.78583
17.01274
16.12501
16.01488
16.20281
16.31205
16.0875
15.37895
14.71458
14.48639
15.43389
17.97668
15.77067
15.81317
15.88304
16.16509
16.40155
16.88295
16.76315
15.87032
15.4919
15.50737
15.67167
15.80807
15.33234
14.24775
13.40662
14.25395
15.80967
15.12984
15.1529
15.05301
15.38166
15.63566
16.02775
16.47379
16.25018
15.8666
15.66933
15.45687
15.38398
15.1955
14.49888
13.68003
13.99057
14.92646
14.77575
14.44383
14.5197
14.6646
15.05363
15.4365
15.76885
15.97027
15.87794
15.71096
15.30557
14.92962
14.84267
14.75572
14.45298
14.13879
14.21335
12.6108
11.64597
11.31722
10.08404
8.8519
9.066458
10.00739
11.08102
11.70963
12.19727
13.06034
13.27027
15.06091
19.21904
22.88583
23.4138
20.92445
14.75992
14.10657
14.63768
14.30243
12.22213
10.71553
10.0995
10.8485
11.88768
13.44938
15.20726
15.57093
16.28822
18.96189
21.61811
22.17749
22.04357
17.79339
18.20414
17.82763
17.38074
17.00131
15.69695
13.34851
12.09337
12.77424
15.63007
19.0316
18.92189
17.88769
18.75398
20.50972
22.13324
22.48663
19.11489
20.96854
21.68071
20.34689
18.81532
18.98838
18.60187
16.62478
17.21662
19.55139
21.38473
21.17642
19.85117
19.68341
21.05185
22.52021
22.26937
18.92402
21.47169
22.91708
22.16366
19.93581
19.00169
19.81665
19.71778
19.20446
20.47129
21.61102
21.97039
21.40739
20.87156
21.44547
22.23347
22.34091
18.40262
20.62835
21.748
21.31494
19.93464
18.75662
18.4842
20.06782
21.19849
22.25931
22.03841
22.55608
22.64541
22.14608
21.78639
21.74364
22.15831
16.95324
18.48367
19.54405
19.19292
18.802
18.19874
17.88898
19.98593
22.78784
23.71498
23.06363
23.35394
23.07525
22.36475
21.95205
21.49858
21.97559
15.35869
16.86557
17.34254
17.14059
17.23597
17.68455
18.35191
19.91294
21.94069
22.26323
22.46501
23.2944
23.20058
22.58258
21.92348
21.87122
21.98999
14.33771
15.37277
16.26627
16.82281
17.37301
18.08535
18.83952
19.67497
20.56186
21.1076
22.25902
24.30235
25.57389
25.30176
23.96965
23.52231
23.31456
15.30643
16.03881
16.99532
17.87
18.37917
18.90076
19.13008
20.08362
21.38688
22.37485
23.58668
25.98554
28.55265
28.84584
27.2272
26.32956
25.91817
16.98413
18.95224
19.69226
20.15365
20.77509
21.16203
20.77556
20.71367
22.16701
24.16556
25.4694
27.08875
29.51583
29.85532
28.84995
28.05053
27.67631
19.78727
21.47288
22.69038
23.67073
24.09874
24.13568
23.07523
21.72332
22.13692
24.40104
26.70403
27.70076
28.28603
28.12504
28.4486
28.55341
28.10231
20.22406
21.7275
23.45376
25.03154
25.71421
25.25513
23.96985
22.62263
22.27506
23.86706
26.43396
27.59143
26.926
26.24241
27.10358
28.01638
27.82544
19.89658
20.891
22.60872
24.28261
24.9036
24.0115
23.02367
22.40483
22.11455
23.01044
25.22258
26.90269
26.24495
25.00998
25.52371
26.59278
26.79501
20.07626
20.71579
22.1116
23.42395
23.53544
22.46259
21.71642
21.44912
20.9028
21.26716
23.16653
25.14253
25.5322
24.36974
24.57476
25.3221
25.05091
20.20067
20.87048
22.26092
23.20752
23.05816
21.89844
21.19188
20.91714
20.14377
19.27387
20.65999
22.88542
24.30664
23.8249
23.7548
24.31826
23.70151
20.2562
20.8664
22.31449
23.28869
22.95711
21.8757
21.15527
21.16363
20.93691
19.40342
18.85534
20.90621
22.60713
22.78412
22.41734
22.93446
22.88641
20.1901
20.74821
22.15042
22.93307
22.82911
21.718
21.04292
21.39398
21.62008
20.66863
18.84882
19.26072
21.0833
21.61748
21.2318
21.68244
22.42185
19.46154
20.23769
21.20522
21.98709
21.99879
21.31245
20.55733
20.89448
21.21808
20.73217
19.26259
18.5213
19.57131
20.23323
20.04325
20.56862
22.72241
18.58504
19.11976
19.70282
20.36874
20.99484
20.81653
19.86668
19.68963
19.9388
19.92403
19.39132
18.60127
18.34231
18.49949
18.49632
19.28588
22.24634
17.77745
17.95729
18.27097
18.87644
19.62811
19.99372
19.45298
18.6909
18.6161
18.84304
18.99364
18.76037
17.93881
17.15406
16.83369
17.92155
20.82335
17.04836
17.12366
17.30736
17.78519
18.29228
19.00538
19.06848
18.30725
18.0144
18.06987
18.26351
18.44115
17.96701
16.83357
15.90975
16.88992
18.63672
16.41841
16.46618
16.45488
16.92301
17.4289
18.08296
18.67694
18.54465
18.26267
18.13554
17.94343
17.90844
17.78434
17.13446
16.31306
16.73763
17.84192
16.07885
15.77572
15.91027
16.1566
16.7249
17.35281
17.8649
18.15095
18.16079
18.11399
17.74503
17.36061
17.32323
17.30901
17.02919
16.76598
16.96079
14.08936
12.89517
12.40293
11.04662
9.382103
9.222008
10.04673
11.10236
11.71992
12.20123
13.07282
13.45917
15.70614
20.09149
23.87404
23.69164
21.02139
16.44776
15.89636
16.24887
15.75609
13.49466
11.49127
10.72956
11.08079
12.20327
13.81595
15.78273
16.46312
17.5265
20.47978
23.03237
23.10139
23.13621
19.56823
20.23682
20.09469
19.80152
19.14062
17.19486
14.53829
13.06885
14.30192
17.08069
20.27308
20.17396
19.77291
20.58213
21.85124
23.50728
23.82351
20.76486
22.92063
24.01138
22.91775
21.35673
20.92802
19.82191
18.19193
19.14186
21.06654
22.81537
22.60975
21.96409
21.68259
22.4281
23.91514
23.71668
20.42781
23.24658
24.87389
24.27412
22.14582
20.80634
20.90814
20.85549
20.84342
22.24637
23.11317
23.93152
23.78143
22.79457
22.91004
23.51299
23.81469
19.77715
22.23008
23.41679
22.99449
21.67053
20.3238
19.66863
21.02983
22.64263
24.3758
23.84602
24.87677
24.74633
23.82951
23.30116
23.03177
23.41299
18.25028
19.96687
21.13025
20.74447
20.34107
19.72436
19.38142
21.43424
24.59011
26.2665
25.50248
25.94801
25.42633
24.31626
23.54256
22.82728
23.11362
16.72842
18.3222
18.8921
18.68132
18.76699
19.29472
20.11736
21.79313
23.76621
24.01986
24.08131
24.99718
25.17365
24.47854
23.59658
23.42548
23.16616
15.86273
16.88007
17.83157
18.42442
19.02666
19.71596
20.5209
21.37072
22.05332
22.25137
23.30008
25.70432
27.30219
27.04739
25.53085
24.91075
24.62587
16.98582
17.59092
18.57756
19.42338
19.92356
20.48663
20.76044
21.61059
22.88385
23.86339
25.0482
27.61967
30.35114
31.06047
29.06253
27.69661
27.29992
18.70935
20.51384
21.17287
21.57472
22.1343
22.60399
22.41262
22.3268
23.70184
25.88596
27.3967
29.093
31.58554
32.29311
31.12034
29.97941
29.4633
21.59364
23.09158
24.14706
25.10653
25.56879
25.62455
24.61175
23.31101
23.6971
26.04358
28.56863
29.65847
30.26582
30.18054
30.69872
30.87309
30.27464
22.01956
23.37694
25.01522
26.64684
27.42073
26.9668
25.56372
24.15405
23.83222
25.4788
28.21487
29.46178
28.78666
28.02756
29.02349
30.27036
30.27787
21.53829
22.52163
24.29868
26.0976
26.81097
25.93917
24.79137
23.99333
23.66108
24.57906
26.93675
28.77682
28.1345
26.75052
27.35224
28.76519
29.32252
21.59287
22.33964
23.8955
25.39676
25.61815
24.59142
23.72269
23.29248
22.5915
22.77894
24.74978
26.94573
27.53712
26.30804
26.47364
27.41824
27.341
21.73974
22.51406
24.10794
25.2731
25.25577
24.16594
23.38117
23.02297
22.16203
20.98925
22.15762
24.62732
26.32454
25.91152
25.73433
26.32257
25.79193
21.89144
22.57876
24.22362
25.39359
25.21907
24.19006
23.3994
23.41753
23.23543
21.5614
20.66653
22.6644
24.62819
24.89589
24.42608
24.92215
24.94021
21.84823
22.53431
24.10718
25.05589
25.04338
23.97132
23.24947
23.66303
23.94289
22.99837
21.01182
21.19792
23.13062
23.74851
23.27373
23.69019
24.51024
21.06502
22.00352
23.13578
24.03049
24.14838
23.54489
22.77259
23.13348
23.54828
23.12307
21.66567
20.8008
21.76732
22.41561
22.17043
22.70509
25.10045
20.10451
20.77469
21.52313
22.35115
23.10339
23.0396
22.17323
22.01793
22.30354
22.35051
21.89018
21.13689
20.80033
20.84638
20.80526
21.67212
25.02995
19.24257
19.5474
20.03392
20.7994
21.64892
22.11594
21.67781
20.99166
20.95113
21.21518
21.43762
21.29546
20.48821
19.62174
19.27778
20.47877
23.63625
18.47164
18.68968
19.04104
19.65812
20.25754
21.04541
21.19325
20.50389
20.27662
20.38912
20.64374
20.91142
20.50033
19.41559
18.53285
19.59743
21.43148
17.79706
17.98713
18.16131
18.75909
19.35126
20.06579
20.70847
20.63689
20.4421
20.39864
20.24656
20.2443
20.18827
19.64968
18.91481
19.41951
20.62966
17.4323
17.25228
17.53124
17.92603
18.60236
19.29115
19.84156
20.16241
20.24789
20.30574
19.99382
19.61833
19.60048
19.67534
19.49034
19.31181
19.6176
14.75048
13.61046
13.38674
12.37473
10.75695
10.43897
11.08728
11.99972
12.23277
12.50438
13.93102
14.83022
16.66628
20.96553
24.86638
24.53155
21.84624
17.17271
16.64474
17.25073
17.16819
15.15301
13.25246
11.78121
12.17828
13.79859
16.12959
18.27212
18.55206
19.03078
21.87923
24.36584
24.04161
24.13186
20.37745
21.03483
21.07018
21.08645
20.64504
18.92109
16.06478
14.25235
15.90344
19.09283
22.44439
22.04865
21.59789
22.29291
23.34795
25.05156
25.18654
21.69052
23.8138
24.96958
24.05763
22.65354
22.3473
21.26252
19.34554
20.32958
22.70963
24.85232
24.3329
23.89873
23.70405
23.93156
25.41946
25.34788
21.56526
24.28721
25.85934
25.32597
23.35539
22.06919
22.1822
21.97624
21.87282
23.70403
24.99871
25.80678
26.16777
24.85987
24.40357
24.89716
25.48828
21.12096
23.44541
24.49092
24.08429
22.93472
21.67912
20.97764
22.28572
23.91887
25.86593
25.89744
26.92065
27.01699
25.77913
24.99672
24.20972
25.06525
19.79527
21.42781
22.43503
21.96327
21.69446
21.23908
20.94312
22.93278
26.13424
27.95772
27.39071
28.03289
27.65908
26.18876
25.17226
24.17013
24.49202
18.42176
19.99183
20.45958
20.11714
20.21365
20.91967
21.90387
23.56501
25.3902
25.44372
25.3047
26.42188
27.06269
26.68407
25.61016
24.91898
24.4481
17.5857
18.67062
19.57975
20.09477
20.55391
21.16265
22.11629
22.92178
23.48792
23.51387
24.46842
27.02727
28.85012
28.42687
27.11729
26.83083
26.30171
18.63153
19.2672
20.19055
20.92589
21.2483
21.76047
22.16134
22.99322
24.2714
25.35609
26.66085
29.26723
31.91684
32.49866
30.61386
29.33395
28.97971
20.14905
22.00323
22.58695
22.89474
23.42186
23.92017
23.78683
23.7439
25.14923
27.47729
29.26173
31.11864
33.62772
34.5359
33.30511
31.75014
31.048
22.90013
24.44877
25.42902
26.38186
26.96478
27.12724
26.10998
24.77822
25.21103
27.62331
30.36537
31.70708
32.57347
32.73238
33.31309
33.25256
32.25914
23.20586
24.60764
26.25834
27.9814
28.89364
28.60844
27.25976
25.73701
25.40882
27.09952
30.004
31.40751
31.01338
30.48334
31.61892
32.92109
32.86697
22.581
23.64735
25.53136
27.48016
28.32586
27.61165
26.58146
25.73306
25.28193
26.1194
28.59926
30.63564
30.21161
29.07894
29.82085
31.34329
32.00433
22.57326
23.42175
25.11955
26.79511
27.15342
26.2557
25.47506
25.06828
24.33318
24.31643
26.21751
28.59075
29.45983
28.56504
28.85932
29.81142
29.71054
22.72662
23.58921
25.3327
26.66902
26.78857
25.82676
25.07418
24.75122
23.91726
22.6518
23.64463
26.1413
28.08431
27.93253
27.96148
28.4595
27.81497
22.91251
23.66581
25.44691
26.75446
26.71417
25.80402
25.0083
25.08923
24.9579
23.3131
22.33894
24.22221
26.26541
26.67785
26.37661
26.88066
26.86229
22.91847
23.65468
25.30587
26.32598
26.40199
25.49227
24.83812
25.30521
25.64408
24.78258
22.82592
22.94455
24.8489
25.50701
25.10465
25.54473
26.42074
22.21275
23.16428
24.3226
25.21798
25.40079
24.97647
24.35287
24.78452
25.27333
24.91979
23.52621
22.73184
23.7077
24.30688
24.11389
24.76942
27.4263
21.32832
22.01946
22.81126
23.64583
24.3881
24.41074
23.68465
23.63466
23.97478
24.08504
23.70411
23.0407
22.7631
22.81925
22.89514
24.05358
27.89734
20.5271
20.90453
21.52425
22.35981
23.13122
23.55696
23.17626
22.55995
22.56097
22.87926
23.19482
23.16675
22.47569
21.65977
21.45119
22.97421
26.46645
19.81298
20.13723
20.68917
21.48788
22.04996
22.68598
22.75225
22.04959
21.84195
22.01112
22.33939
22.70606
22.42204
21.45465
20.77969
22.1183
24.11277
19.19368
19.48285
19.88119
20.72953
21.40009
21.97445
22.40714
22.19912
21.97274
21.97391
21.88427
21.94074
21.97487
21.54108
20.95196
21.65993
23.05497
18.85949
18.78309
19.23715
19.9105
20.77395
21.40619
21.73926
21.82255
21.78642
21.84171
21.5802
21.2705
21.30069
21.43641
21.3629
21.36286
21.88008
15.45568
14.30172
14.16893
13.49962
12.08262
11.59946
12.10063
13.04573
13.3614
13.45275
15.19318
16.93633
19.11839
24.00969
28.17052
27.05252
24.08092
17.94845
17.30734
17.99797
18.17449
16.34816
14.35293
12.70916
13.08663
14.69692
16.97687
19.38399
20.1764
21.01297
24.15127
27.08341
26.52459
26.47914
21.28331
21.80054
21.87256
22.04402
21.71079
19.96416
16.97875
15.04898
16.64835
19.87467
23.36546
23.16497
23.06635
23.89826
25.30321
27.51558
27.25332
22.73359
24.73789
25.85562
24.97744
23.62356
23.30291
22.17495
20.15438
21.07687
23.49876
25.69926
25.42006
25.18457
25.1919
25.78995
27.39835
27.20385
22.75161
25.36756
26.83592
26.23766
24.28083
23.00982
23.11138
22.83421
22.70509
24.59552
25.94645
26.89178
27.44374
26.3873
26.20133
26.49555
26.9302
22.38102
24.64386
25.5637
25.03112
23.86204
22.60044
21.92855
23.23938
24.8779
26.88549
27.01665
28.12306
28.31283
27.32504
26.71538
25.81803
26.49937
21.10416
22.73136
23.69002
23.12047
22.71448
22.24438
22.02582
24.00599
27.18705
29.03477
28.4321
29.02042
28.80577
27.59128
26.72775
25.87354
26.12096
19.76595
21.41271
21.91537
21.49636
21.42063
22.02217
23.07406
24.77782
26.49832
26.43623
26.12527
27.13689
27.83694
27.71017
26.94795
26.53431
26.20707
18.92934
20.18415
21.15828
21.55977
21.85378
22.27724
23.17769
24.05904
24.62798
24.55035
25.44568
27.95414
29.68547
29.30686
28.16892
28.33813
28.28074
19.89708
20.7135
21.64857
22.27615
22.43359
22.84111
23.2026
24.09113
25.44235
26.55976
27.85516
30.48319
33.14685
33.61622
31.69911
30.48178
30.77803
21.31171
23.28737
23.8916
24.12469
24.53796
25.01956
24.91335
24.91426
26.37348
28.78191
30.61745
32.54952
35.14948
35.99741
34.81958
33.08113
32.29359
24.02836
25.67916
26.60851
27.56785
28.23279
28.42336
27.37723
26.01931
26.45695
28.98911
31.83962
33.25914
34.11446
34.31179
35.13765
35.16391
33.97604
24.22378
25.74926
27.41208
29.20077
30.29542
30.12876
28.7056
27.06253
26.70304
28.49164
31.52
33.00758
32.54693
32.03893
33.46656
35.0556
35.27163
23.45622
24.68187
26.71262
28.73612
29.7318
29.19265
28.14465
27.16949
26.6875
27.55121
30.13345
32.2501
31.75783
30.62532
31.6091
33.45154
34.50708
23.40578
24.37993
26.27961
28.06656
28.5248
27.77862
27.03673
26.55616
25.85296
25.88212
27.79674
30.18559
31.00081
30.17666
30.71842
31.88887
31.94004
23.58308
24.50822
26.42131
27.89596
28.11032
27.28647
26.56639
26.20305
25.43999
24.32355
25.34
27.76918
29.66728
29.53777
29.80047
30.50179
30.03252
23.79919
24.58445
26.48328
27.89276
27.93627
27.16088
26.41415
26.48564
26.43079
25.00447
24.19409
26.03466
27.97236
28.29583
28.132
28.86862
29.0241
23.82541
24.60126
26.2975
27.34552
27.46063
26.69114
26.13173
26.64547
27.04911
26.40168
24.73309
24.98404
26.80568
27.30601
26.92312
27.53328
28.51237
23.14382
24.1018
25.25486
26.13528
26.34309
26.03165
25.51604
26.03893
26.58908
26.35827
25.2033
24.64714
25.75785
26.31551
26.05174
26.80132
29.79571
22.28927
22.9705
23.74902
24.5753
25.30627
25.37425
24.75088
24.81678
25.22211
25.38329
25.13754
24.67392
24.6167
24.78563
24.85852
26.15656
30.59687
21.52452
21.89559
22.51882
23.35733
24.0886
24.48166
24.1503
23.63753
23.7131
24.07779
24.47323
24.59746
24.14855
23.50038
23.33401
25.01115
28.90718
20.87712
21.17931
21.72372
22.52421
23.0655
23.63335
23.66697
23.01348
22.88651
23.12683
23.51308
23.97224
23.89439
23.12782
22.56072
24.00422
26.16529
20.33488
20.59365
20.9576
21.77311
22.44056
22.97177
23.3289
23.09941
22.91965
22.98807
22.96552
23.10466
23.2953
23.03511
22.54884
23.33837
24.86999
20.00775
19.95935
20.35851
20.97248
21.81891
22.4387
22.70754
22.72675
22.68611
22.78266
22.58351
22.36824
22.52328
22.78853
22.85327
22.95228
23.56888
16.2599
14.85432
14.78594
14.41018
13.28768
12.85881
13.14187
13.88019
14.07521
14.03917
15.66001
17.3007
19.4942
24.85598
28.98243
28.43945
25.55053
18.92155
17.92354
18.49903
18.89913
17.4271
15.6438
13.9265
14.07254
15.48363
17.60372
19.87409
20.55365
21.34966
24.7565
27.83948
27.64007
28.30885
22.38096
22.53742
22.38854
22.67538
22.65227
21.19312
18.26967
16.15028
17.50438
20.57889
23.9769
23.68112
23.47387
24.42278
25.98559
28.54178
29.12388
23.89844
25.60995
26.43702
25.53392
24.41624
24.40433
23.45219
21.32668
21.99393
24.25682
26.42128
26.09435
25.72704
25.78642
26.55782
28.40767
28.76141
23.9485
26.36149
27.51945
26.78031
24.91957
23.8995
24.26486
24.01106
23.7072
25.43153
26.74633
27.64995
28.10866
27.03753
26.98818
27.47423
28.18782
23.56092
25.75089
26.37562
25.62036
24.45662
23.36699
22.9502
24.44195
25.99006
27.77253
27.7649
28.88633
29.07234
28.05766
27.49248
26.66433
27.52628
22.26004
23.91299
24.64761
23.83527
23.38297
22.95835
22.90771
25.13819
28.45954
30.10131
29.17171
29.6916
29.51707
28.29557
27.38504
26.56627
26.97858
20.90014
22.62462
23.02515
22.42197
22.18775
22.70258
23.88352
25.75971
27.73634
27.65845
26.94613
27.72933
28.46936
28.38837
27.58768
27.13287
26.87806
20.05363
21.40381
22.40956
22.67929
22.73899
22.97459
23.94613
24.93587
25.72497
25.73822
26.38626
28.69741
30.46689
30.15619
29.00155
29.0797
28.99877
20.98587
21.88071
22.91255
23.40009
23.26626
23.49271
23.90423
24.91008
26.4178
27.72505
28.98169
31.44941
34.09179
34.58659
32.6319
31.46518
31.79538
22.33062
24.35939
25.02455
25.14094
25.3459
25.71194
25.60204
25.70867
27.28422
29.88693
31.84479
33.73932
36.23476
36.98337
35.73099
34.15089
33.53789
25.05505
26.76408
27.66849
28.54592
29.16145
29.25716
28.1451
26.80841
27.32161
30.00975
33.05624
34.56589
35.29665
35.27822
36.0826
36.27364
35.37804
25.25192
26.83239
28.47398
30.26661
31.3428
31.09936
29.57241
27.86213
27.5203
29.46442
32.68726
34.31097
33.78626
33.06026
34.51186
36.29794
36.77264
24.40685
25.71949
27.83769
29.877
30.849
30.24986
29.0881
27.98788
27.47955
28.48844
31.24324
33.48886
32.99643
31.76222
32.77571
34.87527
36.13696
24.31434
25.39695
27.42922
29.28505
29.73183
28.89631
28.03925
27.41205
26.65214
26.77589
28.81957
31.33456
32.2249
31.42484
32.03749
33.43061
33.59426
24.48834
25.51004
27.56867
29.17019
29.39318
28.45338
27.60413
27.08949
26.25667
25.20195
26.33783
28.91319
30.93152
30.84491
31.19078
32.04851
31.65166
24.74518
25.57985
27.60757
29.15788
29.21621
28.31698
27.4267
27.36009
27.23104
25.86226
25.22284
27.26842
29.32493
29.67953
29.57246
30.40524
30.69077
24.83618
25.61808
27.38332
28.53421
28.66938
27.81515
27.11675
27.50521
27.8286
27.2035
25.68969
26.19205
28.18181
28.77366
28.51748
29.16565
30.30366
24.19938
25.13029
26.28347
27.22479
27.5049
27.18972
26.55617
26.96456
27.43817
27.15552
26.04953
25.66266
26.94034
27.67628
27.70269
28.5236
31.85523
23.33841
24.01368
24.76233
25.64072
26.45659
26.56439
25.85243
25.82248
26.16358
26.24503
25.96607
25.59859
25.67602
26.06658
26.44894
27.94079
32.97959
22.51844
22.94559
23.56362
24.43926
25.22959
25.66831
25.28474
24.68421
24.70088
25.01643
25.36428
25.53058
25.18532
24.72508
24.86674
26.91431
31.33018
21.7949
22.21017
22.78126
23.60894
24.2096
24.81679
24.81731
24.08116
23.90483
24.12824
24.47361
24.93338
24.93117
24.34349
24.07137
25.82136
28.26747
21.18445
21.58705
22.01618
22.84948
23.57193
24.15645
24.49079
24.17766
23.95718
24.02444
23.95316
24.07696
24.3385
24.22425
23.95644
24.95445
26.67073
20.80415
20.92214
21.393
22.0397
22.92647
23.60519
23.88162
23.82934
23.74325
23.84853
23.62347
23.37732
23.57779
23.95069
24.2163
24.4958
25.24659
17.08867
15.60871
15.31483
14.83185
13.77805
13.48337
13.79525
14.47453
14.72364
14.97431
16.70645
18.0263
19.82804
25.06738
29.2434
28.68319
25.7719
19.71556
18.73642
19.07327
19.29989
17.84488
16.20263
14.62837
14.76836
16.11892
18.37105
20.78364
21.28444
21.75459
24.98945
28.14955
28.01628
28.62439
23.08275
23.37088
23.06242
23.12505
23.02165
21.67488
18.96045
16.93819
18.25497
21.34703
24.89618
24.55096
24.03187
24.7341
26.30052
28.96296
29.52297
24.49511
26.41187
27.19345
26.08649
24.80422
24.81508
24.05689
22.12339
22.84569
25.07745
27.30033
26.98887
26.42272
26.2044
26.88784
28.82428
29.21931
24.50068
27.12917
28.32582
27.44699
25.3711
24.26809
24.77621
24.77134
24.62508
26.36548
27.63708
28.53256
28.86154
27.55058
27.3701
27.88148
28.69582
24.09764
26.49075
27.21888
26.39089
25.01486
23.75465
23.40468
25.13549
26.90322
28.81033
28.79922
29.8586
29.89102
28.64746
27.94491
27.09122
28.04604
22.81998
24.63939
25.52368
24.70775
24.10566
23.47534
23.40898
25.80612
29.35908
31.16463
30.32734
30.81345
30.38621
28.89199
27.81921
26.97288
27.46286
21.50822
23.35091
23.93211
23.40453
23.09293
23.39141
24.39592
26.30644
28.50724
28.69957
28.17183
28.90323
29.35143
29.02386
28.05675
27.52514
27.32277
20.70418
22.15426
23.34747
23.77766
23.78258
23.72697
24.42124
25.36977
26.35439
26.70574
27.60106
29.85176
31.4308
30.92329
29.61574
29.58685
29.49278
21.58149
22.60767
23.85719
24.53992
24.28611
24.16852
24.33237
25.30939
26.98312
28.59003
30.12504
32.65198
35.17903
35.52121
33.39538
32.11172
32.41067
22.80471
24.98817
25.87712
26.13881
26.26007
26.41978
26.09858
26.18872
27.87463
30.67311
32.94833
35.02238
37.43247
38.02121
36.60666
34.92256
34.24652
25.48211
27.28714
28.33398
29.3672
30.09839
30.10762
28.7693
27.40408
27.987
30.77511
34.10551
35.87
36.56358
36.34434
36.98711
37.14829
36.21722
25.7203
27.33763
29.06045
31.04993
32.31503
32.04997
30.28419
28.42432
28.09467
30.15688
33.63624
35.58522
35.10755
34.14812
35.40954
37.23286
37.73514
24.86567
26.19887
28.41282
30.66932
31.83731
31.27081
29.88511
28.55334
27.96396
29.09191
32.09254
34.70502
34.36175
32.94319
33.72588
35.9053
37.22368
24.79484
25.90541
28.02649
30.11933
30.77863
29.99668
28.9254
28.01653
27.08978
27.29682
29.57662
32.45401
33.59664
32.74169
33.10734
34.58009
34.82263
25.03342
26.09592
28.23251
30.03926
30.47877
29.6338
28.58485
27.74473
26.68785
25.64186
26.98532
29.90857
32.26604
32.28041
32.42909
33.26371
32.96636
25.33092
26.24629
28.37836
30.09949
30.32721
29.52627
28.4921
28.09704
27.705
26.24827
25.72576
28.07756
30.52062
31.1207
30.94491
31.68684
32.0302
25.39612
26.31398
28.22088
29.52928
29.76464
28.9817
28.23894
28.38244
28.42664
27.62692
26.11831
26.8186
29.15992
30.06931
29.9298
30.4849
31.57697
24.71846
25.78181
27.07747
28.17677
28.56591
28.31267
27.69026
27.9584
28.17599
27.66269
26.47545
26.18466
27.73653
28.81994
29.10942
29.81094
33.09327
23.83904
24.6208
25.48755
26.54738
27.49075
27.6452
26.9482
26.8606
27.01108
26.84806
26.42516
26.08179
26.37405
27.14895
27.84191
29.29419
34.31661
23.0174
23.55253
24.26741
25.29505
26.20975
26.69856
26.34875
25.74281
25.63371
25.72121
25.89074
26.01715
25.81782
25.69314
26.20482
28.33613
32.70716
22.30483
22.85037
23.49699
24.42239
25.13498
25.79746
25.85693
25.14746
24.90108
24.9363
25.07844
25.43674
25.50563
25.16753
25.24461
27.19188
29.63936
21.69376
22.27064
22.78058
23.64872
24.44392
25.09627
25.49821
25.26396
25.01125
24.93209
24.64976
24.63869
24.93179
25.03375
25.09983
26.34216
28.09043
21.29317
21.62959
22.20111
22.85922
23.76589
24.50824
24.86586
24.92514
24.87392
24.85683
24.44559
24.05785
24.26404
24.81404
25.3789
25.86428
26.59442
17.27235
15.93935
15.74182
15.27578
14.16381
13.8197
14.14876
14.91827
15.13083
15.48061
17.68039
19.323
21.04254
26.00254
29.90451
29.34013
26.36109
19.86323
19.02309
19.47429
19.74955
18.25885
16.53316
14.9655
15.19533
16.58295
18.82315
21.52178
22.4748
23.03119
25.93079
28.74065
28.74663
29.50273
23.20806
23.61301
23.43726
23.58889
23.48448
22.04796
19.27141
17.29634
18.70975
21.81686
25.52467
25.60793
25.33511
25.83068
26.99935
29.66986
30.38821
24.61945
26.62371
27.53151
26.55411
25.31954
25.25045
24.38418
22.41813
23.22929
25.53199
27.8666
27.93773
27.72127
27.37441
27.66668
29.44442
29.96109
24.63991
27.33129
28.62357
27.89684
25.92014
24.77304
25.17142
25.07837
24.94762
26.81186
28.15437
29.30733
30.06248
28.7943
28.21841
28.4017
29.30026
24.25405
26.69991
27.50548
26.82296
25.57463
24.31378
23.90281
25.52695
27.24187
29.23222
29.27101
30.45852
30.93375
29.94136
28.9776
27.66332
28.64806
22.99316
24.8708
25.827
25.1391
24.6754
24.1034
24.00518
26.30493
29.7833
31.63514
30.85529
31.34853
31.25084
30.115
28.91618
27.61899
28.08862
21.69085
23.61327
24.27356
23.86448
23.70271
24.09926
25.06316
26.87373
28.97734
29.16606
28.71597
29.44993
30.05737
30.07159
29.14886
28.21793
27.90107
20.86591
22.43093
23.73118
24.29025
24.44853
24.47722
25.10925
25.92393
26.79489
27.13227
28.13401
30.43047
31.99978
31.7389
30.68932
30.43695
30.08835
21.69258
22.847
24.24334
25.07734
24.93028
24.83976
24.9595
25.81681
27.40861
28.99759
30.63803
33.2668
35.76109
36.20814
34.35999
33.07257
33.11593
22.88527
25.17831
26.2201
26.57913
26.75553
26.98547
26.67215
26.67035
28.30744
31.10498
33.46806
35.69182
38.14029
38.73888
37.45705
35.88384
35.0351
25.55493
27.44575
28.58262
29.68422
30.52385
30.65535
29.34348
27.88773
28.4092
31.19223
34.61581
36.59605
37.42533
37.18227
37.77763
38.04937
37.06382
25.78752
27.47764
29.27921
31.33879
32.70816
32.5772
30.87658
28.94733
28.52057
30.53463
34.09202
36.30956
36.07899
35.15084
36.26554
38.07529
38.61034
24.92275
26.30559
28.60884
30.94537
32.17702
31.7431
30.47433
29.12003
28.42198
29.44937
32.48405
35.35851
35.36337
34.11406
34.78714
36.81322
38.12321
24.88634
26.03463
28.23561
30.40924
31.11958
30.43912
29.49421
28.61653
27.59531
27.68305
29.94083
33.02375
34.56116
34.04453
34.42515
35.69621
35.76635
25.18533
26.30404
28.50719
30.39656
30.91707
30.13888
29.16037
28.35826
27.23526
26.05349
27.31881
30.40137
33.1773
33.62687
33.96011
34.64064
34.05104
25.53099
26.5381
28.7506
30.55165
30.88398
30.13249
29.11322
28.73163
28.29071
26.7031
26.05026
28.46632
31.32034
32.42325
32.56086
33.25827
33.30885
25.60452
26.62376
28.63347
30.0292
30.36798
29.66021
28.92237
29.05624
29.04585
28.13404
26.47764
27.13682
29.80774
31.27072
31.53568
32.17004
32.95577
24.92009
26.06109
27.45959
28.66881
29.18666
29.05707
28.4543
28.68371
28.84038
28.22525
26.89185
26.51268
28.22447
29.8326
30.6488
31.50066
34.57529
24.04459
24.87317
25.84319
27.049
28.13656
28.43887
27.80463
27.67623
27.75531
27.47219
26.90434
26.48396
26.80268
27.96076
29.22298
30.99449
36.00977
23.24616
23.80787
24.61307
25.80254
26.87284
27.51458
27.27914
26.67259
26.47139
26.41501
26.43104
26.43926
26.23286
26.34686
27.40394
29.98574
34.50697
22.56821
23.13792
23.84398
24.91141
25.8002
26.61145
26.80078
26.14307
25.82599
25.71497
25.68197
25.87732
25.88554
25.73143
26.24624
28.72979
31.50399
21.98541
22.60763
23.16011
24.12169
25.07352
25.88515
26.41239
26.25987
25.99133
25.78848
25.31219
25.11344
25.3155
25.60169
26.10015
27.8575
29.91847
21.59718
22.0198
22.6374
23.3561
24.36702
25.25009
25.73457
25.88657
25.86656
25.77184
25.18347
24.59034
24.68732
25.38371
26.35294
27.2922
28.25759
17.29959
15.98323
15.8213
15.4215
14.39425
14.08071
14.39736
15.13601
15.38617
15.95249
18.33869
20.04597
22.03012
27.18779
31.00255
30.24923
27.17328
19.89195
19.06386
19.54351
19.87633
18.46854
16.77871
15.20651
15.40651
16.80786
19.17945
22.08841
23.14687
23.89641
26.99098
29.74797
29.65162
30.49089
23.24094
23.65431
23.50068
23.7018
23.6799
22.3013
19.51745
17.50724
18.91408
22.10952
26.02107
26.24932
26.10144
26.79616
28.03718
30.64722
31.47232
24.65849
26.6668
27.58854
26.65377
25.50341
25.51341
24.64948
22.64435
23.43178
25.77591
28.24555
28.50171
28.44383
28.26461
28.61158
30.38841
30.97801
24.68741
27.37751
28.67789
27.99262
26.10265
25.03775
25.46262
25.33709
25.16819
27.03423
28.4446
29.76979
30.76427
29.71162
29.1192
29.26408
30.22432
24.30835
26.75208
27.56445
26.92241
25.76213
24.58844
24.23112
25.84519
27.50581
29.45697
29.49271
30.81855
31.61823
30.9113
29.93608
28.53028
29.47304
23.04328
24.92543
25.8946
25.24805
24.87025
24.40465
24.38319
26.69496
30.11518
31.91386
31.11205
31.6715
31.84163
31.00494
29.8513
28.50484
28.80235
21.72912
23.66467
24.34623
23.98698
23.92324
24.43907
25.47527
27.30065
29.36003
29.49596
29.03405
29.78073
30.52518
30.75712
29.95354
29.05719
28.54658
20.88817
22.46752
23.79829
24.42539
24.68843
24.82046
25.52013
26.35919
27.19482
27.47461
28.45667
30.71778
32.31297
32.16115
31.32477
31.26496
30.81657
21.70674
22.87014
24.30154
25.2139
25.14489
25.12447
25.33889
26.25803
27.83382
29.35015
30.91652
33.50632
36.00858
36.49672
34.85777
33.91455
34.03096
22.89884
25.19925
26.27347
26.68636
26.91173
27.2126
26.99052
27.07238
28.73257
31.46862
33.74599
35.93307
38.39798
38.98256
37.83365
36.66646
36.07821
25.56708
27.46316
28.62283
29.76235
30.65778
30.86291
29.61955
28.23277
28.80535
31.56757
34.91017
36.83934
37.68114
37.42323
38.05693
38.66988
38.12393
25.80354
27.49194
29.31233
31.40649
32.8264
32.76249
31.14138
29.28145
28.90256
30.91682
34.40894
36.56068
36.32646
35.41037
36.50779
38.50249
39.57563
24.94894
26.3273
28.64311
31.01478
32.30207
31.92862
30.74283
29.46688
28.82626
29.87459
32.85172
35.63561
35.61199
34.40491
35.05957
37.11314
38.84379
24.93453
26.07892
28.28983
30.50575
31.28063
30.65116
29.77135
28.97481
28.02269
28.14677
30.3724
33.36031
34.83948
34.37623
34.77204
35.9991
36.21808
25.25865
26.37752
28.59261
30.53152
31.12133
30.39108
29.45452
28.72102
27.65837
26.52154
27.80038
30.81536
33.50867
33.98956
34.39952
35.02975
34.38441
25.62734
26.6404
28.86712
30.71588
31.11516
30.41097
29.4195
29.08816
28.70269
27.14991
26.52842
28.91041
31.70282
32.82473
33.06826
33.75988
33.71732
25.71321
26.74613
28.76486
30.20342
30.6041
29.95428
29.24216
29.40684
29.44658
28.56744
26.94129
27.56095
30.2241
31.72763
32.09911
32.80596
33.44841
25.03345
26.18883
27.59488
28.85168
29.43859
29.37508
28.79955
29.04594
29.24149
28.65027
27.35084
26.95486
28.63913
30.32157
31.27159
32.22324
35.19498
24.16507
25.00628
25.9886
27.25722
28.42594
28.79234
28.18126
28.06277
28.16575
27.89861
27.34177
26.93573
27.2199
28.4478
29.88966
31.82838
36.86119
23.37923
23.9623
24.77747
26.03699
27.21484
27.93368
27.70259
27.08398
26.8915
26.85026
26.8606
26.86533
26.63508
26.80943
28.10679
30.96345
35.64069
22.7109
23.32228
24.03884
25.1607
26.17594
27.10489
27.29698
26.58932
26.25514
26.1582
26.11753
26.27808
26.24941
26.14449
26.92238
29.74923
32.76562
22.12661
22.81701
23.40205
24.39144
25.43073
26.38598
26.96592
26.75687
26.44642
26.24897
25.76681
25.5182
25.65683
25.97537
26.75608
28.84295
31.15666
21.73129
22.24092
22.92444
23.67272
24.71919
25.70176
26.2841
26.42253
26.36004
26.26405
25.67769
25.03007
25.03578
25.73726
26.97558
28.28971
29.58417
17.32473
16.00226
15.83644
15.43969
14.42926
14.14346
14.49928
15.27929
15.53734
16.09224
18.53379
20.36762
22.47285
27.62952
31.3941
30.65974
27.72421
19.92174
19.08654
19.55949
19.89286
18.49795
16.83179
15.28967
15.5313
16.96076
19.32071
22.24697
23.40643
24.30321
27.43517
30.16187
30.11851
31.13918
23.27507
23.68225
23.52077
23.71917
23.70787
22.35073
19.59759
17.61627
19.05286
22.25097
26.15923
26.43789
26.39256
27.20575
28.5334
31.25513
32.26979
24.6997
26.70007
27.61401
26.67488
25.53235
25.56182
24.72692
22.74795
23.55488
25.90264
28.35838
28.63348
28.65911
28.60388
29.07661
31.02853
31.8664
24.73518
27.41755
28.70908
28.01876
26.13369
25.08849
25.53785
25.43641
25.28665
27.15593
28.54268
29.86246
30.94283
30.03751
29.59089
29.94603
31.18311
24.3651
26.79566
27.59871
26.95187
25.79675
24.64213
24.31305
25.95486
27.63086
29.57977
29.59769
30.90919
31.79056
31.27124
30.49226
29.32146
30.51398
23.09445
24.96536
25.92819
25.27728
24.90492
24.46346
24.47692
26.81942
30.25338
32.04648
31.23264
31.77727
32.00684
31.39215
30.46124
29.34726
29.88987
21.77052
23.69576
24.37092
24.0102
23.95546
24.49976
25.57421
27.43178
29.50913
29.64203
29.17926
29.9146
30.70461
31.17385
30.5797
29.8786
29.6102
20.91602
22.48458
23.81158
24.44156
24.71568
24.87204
25.61049
26.49074
27.35195
27.62674
28.60978
30.86618
32.50053
32.53632
31.85369
32.02417
31.83754
21.72675
22.88025
24.30971
25.22616
25.16508
25.16089
25.41489
26.38013
27.98664
29.49762
31.05364
33.63089
36.12135
36.68158
35.18377
34.51521
35.00621
22.91776
25.20859
26.28104
26.69611
26.92606
27.23919
27.05013
27.17408
28.86532
31.60467
33.8672
36.0395
38.4996
39.09791
38.03754
37.07454
36.8839
25.58583
27.47334
28.63077
29.77198
30.67362
30.88955
29.67286
28.32569
28.93156
31.70421
35.03353
36.9521
37.78664
37.50867
38.21378
38.99487
38.74507
25.82627
27.50524
29.32292
31.42027
32.85164
32.79884
31.20093
29.38736
29.05107
31.08027
34.55354
36.67776
36.43125
35.49853
36.6308
38.78314
40.07544
24.97454
26.34649
28.66027
31.03727
32.34138
31.98192
30.81258
29.58195
29.00022
30.083
33.04943
35.78884
35.73499
34.51086
35.17039
37.33096
39.21682
24.96985
26.10909
28.31797
30.54182
31.33409
30.72125
29.85309
29.09027
28.20469
28.38477
30.62308
33.57306
35.00336
34.5149
34.89743
36.17254
36.48229
25.30479
26.42295
28.63854
30.5832
31.18283
30.47356
29.55004
28.83713
27.83105
26.75593
28.06975
31.07854
33.72661
34.17214
34.55755
35.19257
34.59274
25.68319
26.70329
28.92711
30.77855
31.17636
30.49825
29.52861
29.21199
28.86704
27.37113
26.79415
29.19555
31.96668
33.05055
33.25802
33.93184
33.91108
25.7689
26.82193
28.83504
30.26882
30.6649
30.04357
29.36526
29.54829
29.61796
28.79286
27.21347
27.85787
30.51881
31.98953
32.31391
32.98627
33.63208
25.0866
26.26546
27.67048
28.92647
29.50869
29.46774
28.93697
29.21363
29.43645
28.89142
27.63851
27.2675
28.951
30.60387
31.50275
32.40624
35.37924
24.21772
25.08614
26.07948
27.34867
28.51246
28.89309
28.33114
28.25758
28.38987
28.16016
27.64512
27.26789
27.55931
28.75901
30.15456
32.04303
37.08373
23.43195
24.04512
24.88044
26.1482
27.32322
28.05415
27.86874
27.30195
27.13911
27.12835
27.17789
27.21455
27.00782
27.17057
28.43528
31.24562
35.91512
22.76254
23.4098
24.15251
25.29247
26.30941
27.25298
27.49018
26.83415
26.52767
26.44999
26.43914
26.62932
26.63621
26.54681
27.30026
30.08798
33.09184
22.17536
22.90386
23.53156
24.54422
25.588
26.56241
27.1907
27.04029
26.76184
26.56918
26.09281
25.8627
26.03688
26.38404
27.14988
29.21313
31.52542
21.78015
22.32226
23.05443
23.84255
24.90312
25.90813
26.53816
26.75352
26.73945
26.64359
26.03655
25.38449
25.41097
26.13451
27.36511
28.67179
29.993
17.35071
16.02438
15.85643
15.457
14.44468
14.16142
14.52057
15.30277
15.57022
16.14004
18.58012
20.40429
22.50211
27.66297
31.42953
30.68896
27.81622
19.95334
19.11287
19.57934
19.91075
18.51625
16.85185
15.30989
15.55353
16.99051
19.35968
22.29121
23.44533
24.33147
27.46844
30.19679
30.16124
31.238
23.31322
23.71611
23.54558
23.74407
23.73256
22.37459
19.61929
17.63748
19.07987
22.28813
26.20261
26.47593
26.42166
27.23905
28.57664
31.32458
32.3854
24.7422
26.74479
27.65045
26.70747
25.56225
25.588
24.75049
22.77121
23.5794
25.93073
28.39105
28.66852
28.69107
28.63725
29.1249
31.1036
32.00198
24.78922
27.46711
28.75239
28.05755
26.16579
25.11577
25.56308
25.46021
25.30986
27.17992
28.56844
29.89257
30.97497
30.07299
29.65188
30.02944
31.35494
24.43376
26.85132
27.64507
26.99148
25.82854
24.66893
24.33693
25.977
27.6528
29.6026
29.62206
30.93916
31.82356
31.3092
30.56925
29.43798
30.733
23.16584
25.02535
25.97725
25.31294
24.93238
24.48522
24.49453
26.83604
30.27244
32.06889
31.25887
31.80867
32.03857
31.42809
30.54937
29.50309
30.18798
21.83522
23.75267
24.41067
24.03543
23.97153
24.5112
25.58368
27.44214
29.52471
29.66337
29.20676
29.94706
30.7367
31.2121
30.67945
30.07063
30.04218
20.96162
22.51971
23.83383
24.45429
24.72336
24.87752
25.61525
26.49775
27.36544
27.64674
28.63519
30.89576
32.5315
32.57211
31.92334
32.19039
32.24181
21.7558
22.90018
24.32194
25.23287
25.16908
25.16456
25.41862
26.38667
28.00056
29.5182
31.07729
33.65687
36.14961
36.70744
35.20481
34.58413
35.22715
22.94116
25.22535
26.29142
26.70134
26.93023
27.24493
27.05607
27.18166
28.88025
31.62735
33.8926
36.06544
38.5301
39.13491
38.06936
37.12017
37.06733
25.60657
27.48959
28.64158
29.77845
30.68126
30.90003
29.68309
28.3359
28.94851
31.73112
35.06322
36.97978
37.81651
37.54357
38.24481
39.02858
38.87782
25.84974
27.52296
29.33665
31.42985
32.86504
32.81482
31.21651
29.4017
29.07238
31.11575
34.59445
36.71381
36.46183
35.5332
36.66264
38.8112
40.15557
25.00107
26.36733
28.68297
31.05158
32.36085
32.00311
30.83328
29.60084
29.02667
30.1299
33.11084
35.84759
35.78026
34.55351
35.20841
37.36117
39.26515
25.00172
26.13509
28.34683
30.56285
31.36022
30.74689
29.87855
29.11442
28.23445
28.4378
30.70461
33.66037
35.07438
34.57437
34.95135
36.21444
36.52831
25.3407
26.45549
28.67051
30.61361
31.21449
30.50283
29.57996
28.86745
27.8637
26.80758
28.15924
31.19115
33.83028
34.25634
34.63121
35.24936
34.64499
25.71907
26.74063
28.96351
30.81569
31.21027
30.5307
29.56334
29.24985
28.9072
27.42509
26.88236
29.32069
32.09774
33.16146
33.34998
34.00154
33.96696
25.79906
26.85896
28.87355
30.30871
30.70149
30.08082
29.40554
29.59491
29.67056
28.85777
27.30738
27.9908
30.67002
32.12807
32.42422
33.06222
33.68347
25.11077
26.30088
27.7085
28.97622
29.55687
29.51214
28.98368
29.26953
29.50305
28.97036
27.74237
27.41035
29.12331
30.7739
31.63338
32.48779
35.43224
24.23938
25.11968
26.12436
27.40196
28.57818
28.94941
28.38356
28.32015
28.46754
28.25209
27.75927
27.4217
27.75505
28.9665
30.31764
32.15327
37.16224
23.45211
24.07734
24.92795
26.21418
27.40078
28.12679
27.92901
27.36793
27.22199
27.2289
27.30059
27.37443
27.21715
27.40918
28.64475
31.40588
36.03743
22.78157
23.43938
24.19539
25.35805
26.38872
27.34289
27.56578
26.90519
26.61461
26.55532
26.56485
26.7838
26.83693
26.79205
27.54549
30.29165
33.25537
22.19416
22.93032
23.57231
24.60164
25.66148
26.66077
27.28467
27.12534
26.85921
26.68448
26.2229
26.01051
26.22224
26.61303
27.39633
29.44122
31.72013
21.80053
22.3475
23.09093
23.89531
24.97508
26.00658
26.65205
26.86319
26.85748
26.78231
26.18789
25.54346
25.59441
26.35834
27.60596
28.9084
30.21199
17.37785
16.04632
15.87847
15.47921
14.47089
14.1922
14.55157
15.33012
15.5951
16.15806
18.60494
20.42157
22.51165
27.67045
31.43514
30.69298
27.82082
19.98322
19.13561
19.60064
19.93535
18.54627
16.88459
15.34331
15.58079
17.01291
19.37731
22.30437
23.45424
24.33738
27.4746
30.20303
30.1674
31.24807
23.34198
23.74195
23.56958
23.77312
23.76762
22.41142
19.65224
17.66502
19.10207
22.3054
26.21413
26.48289
26.42572
27.24423
28.58385
31.3339
32.40281
24.77543
26.77399
27.67819
26.74082
25.60119
25.6267
24.78492
22.80004
23.60081
25.94536
28.3998
28.67354
28.69415
28.64113
29.13109
31.11514
32.02457
24.83205
27.50247
28.78774
28.09998
26.20769
25.15505
25.59848
25.48663
25.32632
27.18917
28.5728
29.89509
30.9769
30.07565
29.65816
30.0435
31.38094
24.48813
26.89276
27.68464
27.03766
25.87238
24.70824
24.36889
25.99833
27.66506
29.6089
29.62473
30.94085
31.82492
31.31102
30.57672
29.45286
30.76089
23.22042
25.07309
26.02015
25.35384
24.97209
24.51911
24.51865
26.85052
30.27996
32.07215
31.26
31.80957
32.03924
31.4293
30.55519
29.51287
30.22106
21.88597
23.7986
24.44843
24.06723
23.99893
24.53308
25.59821
27.44994
29.52834
29.66479
29.20734
29.94766
30.73734
31.21332
30.68237
30.07458
30.08305
20.99699
22.54819
23.85643
24.47377
24.73975
24.88945
25.62274
26.50216
27.36805
27.64814
28.63585
30.89648
32.53236
32.57368
31.92535
32.19317
32.2582
21.77761
22.91633
24.33519
25.24441
25.17834
25.17134
25.42399
26.39107
28.0039
29.52026
31.07838
33.65782
36.1507
36.70979
35.20819
34.58604
35.24045
22.95833
25.23957
26.30314
26.70965
26.93722
27.25171
27.06242
27.18672
28.88415
31.63029
33.89451
36.06674
38.53168
39.13802
38.07411
37.12256
37.07732
25.62341
27.50574
28.65319
29.78611
30.69043
30.90932
29.69104
28.34144
28.95298
31.73524
35.06648
36.98209
37.81861
37.54689
38.24969
39.03291
38.88269
25.87131
27.54074
29.35029
31.44025
32.8801
32.82684
31.22597
29.40819
29.07788
31.12145
34.59985
36.71838
36.46562
35.53814
36.66924
38.81712
40.16133
25.02728
26.38793
28.70226
31.06603
32.38215
32.01826
30.84428
29.60856
29.0335
30.13756
33.11926
35.85575
35.78761
34.56205
35.21854
37.37067
39.2727
25.03304
26.15982
28.36779
30.58167
31.38132
30.76599
29.89216
29.12416
28.2427
28.44724
30.71611
33.67309
35.08736
34.58851
34.96819
36.23023
36.54071
25.37262
26.48212
28.69327
30.63747
31.23779
30.52671
29.5956
28.8795
27.87306
26.8182
28.17273
31.20857
33.85047
34.27763
34.65557
35.27309
34.66231
25.74903
26.76963
28.99031
30.843
31.23371
30.55218
29.58198
29.26459
28.91803
27.43729
26.89772
29.3421
32.12546
33.1917
33.38279
34.03379
33.98836
25.82094
26.88607
28.90362
30.33751
30.72553
30.10514
29.42942
29.61351
29.68786
28.87316
27.32655
28.01626
30.70509
32.17017
32.46857
33.10279
33.71017
25.12675
26.32327
27.73723
29.00673
29.58638
29.54305
29.01307
29.29283
29.53159
28.99477
27.76676
27.44099
29.166
30.8313
31.69401
32.54053
35.47359
24.25372
25.13824
26.1505
27.43445
28.61544
28.98598
28.4188
28.34933
28.49409
28.28941
27.78983
27.45805
27.80477
29.03905
30.39959
32.22812
37.23111
23.4667
24.09497
24.95184
26.24517
27.44016
28.17176
27.97035
27.40404
27.25332
27.2609
27.33565
27.41581
27.26993
27.48787
28.74666
31.50897
36.13705
22.79643
23.45576
24.21626
25.38515
26.42318
27.3908
27.61592
26.95034
26.65355
26.59368
26.60523
26.82941
26.88978
26.86503
27.65196
30.41497
33.3796
22.20903
22.94487
23.59003
24.62542
25.6916
26.70501
27.3416
27.18162
26.91
26.73591
26.27236
26.06379
26.28156
26.68183
27.4893
29.56453
31.85612
21.81585
22.36162
23.10783
23.91843
25.00426
26.04812
26.71112
26.93016
26.92433
26.85002
26.25664
25.61311
25.66983
26.44315
27.70149
29.02568
30.3471
17.4063
16.06913
15.89953
15.49767
14.4914
14.21789
14.58147
15.3609
15.62259
16.17962
18.62041
20.43229
22.51861
27.67443
31.43684
30.6932
27.8213
20.01254
19.1579
19.62009
19.95573
18.56982
16.91325
15.37463
15.61244
17.04081
19.39857
22.31895
23.46303
24.34184
27.47665
30.20389
30.16738
31.24909
23.3778
23.76629
23.58944
23.79676
23.79518
22.44412
19.68541
17.696
19.12998
22.32681
26.2271
26.48974
26.42847
27.2453
28.58438
31.33387
32.40407
24.81527
26.80256
27.70141
26.76657
25.63227
25.66087
24.81772
22.82905
23.6245
25.96264
28.4106
28.67879
28.69588
28.64156
29.13118
31.11517
32.0257
24.88002
27.53619
28.81486
28.12929
26.24061
25.18798
25.62845
25.51139
25.34514
27.20227
28.58006
29.8982
30.97782
30.07582
29.65816
30.04381
31.38176
24.54638
26.93218
27.71838
27.06973
25.90533
24.73699
24.39336
26.0185
27.67989
29.61804
29.6292
30.94254
31.82535
31.31109
30.57665
29.45317
30.76118
23.27873
25.11917
26.05598
25.38426
24.99974
24.54161
24.53739
26.86593
30.29003
32.07702
31.26188
31.81021
32.03941
31.42932
30.55519
29.51303
30.221
21.93567
23.83927
24.47755
24.08924
24.0164
24.54742
25.61138
27.45974
29.53364
29.66697
29.20836
29.94823
30.73751
31.21334
30.68237
30.07468
30.08305
21.03017
22.57229
23.8735
24.48697
24.74947
24.89763
25.63082
26.50752
27.37064
27.64954
28.63701
30.89731
32.53268
32.57375
31.92536
32.19326
32.25834
21.80119
22.93309
24.3468
25.25348
25.18429
25.17676
25.42886
26.39416
28.00569
29.52186
31.07994
33.65919
36.15156
36.71008
35.20833
34.5861
35.24064
22.98294
25.25808
26.31549
26.71822
26.9409
27.25671
27.06684
27.18981
28.88581
31.63196
33.8963
36.06857
38.53312
39.13873
38.0745
37.12273
37.07757
25.6504
27.52614
28.66632
29.79496
30.69482
30.91737
29.6962
28.34374
28.95426
31.73661
35.06808
36.98395
37.82038
37.5481
38.25062
39.03343
38.88301
25.9023
27.5624
29.36438
31.45189
32.88985
32.83883
31.23176
29.41125
29.07924
31.12234
34.60118
36.71999
36.46743
35.53997
36.67097
38.81841
40.1621
25.06058
26.41223
28.71927
31.08136
32.39666
32.03242
30.85235
29.61304
29.03538
30.13858
33.12018
35.85704
35.78934
34.56466
35.22149
37.3734
39.27445
25.07146
26.18948
28.39043
30.60266
31.39904
30.78157
29.90289
29.13422
28.2458
28.44836
30.71751
33.67453
35.08941
34.59211
34.97292
36.23522
36.54393
25.41024
26.51476
28.72118
30.66467
31.25846
30.54583
29.60892
28.89364
27.87688
26.81933
28.17429
31.21074
33.85406
34.28301
34.66277
35.28095
34.66723
25.78
26.80016
29.02044
30.87282
31.25751
30.57325
29.59687
29.27894
28.92238
27.43801
26.9001
29.34751
32.13233
33.19966
33.39287
34.04452
33.99493
25.84214
26.9098
28.93085
30.36613
30.75182
30.1279
29.44676
29.62893
29.6925
28.87471
27.33149
28.02322
30.71332
32.18045
32.48176
33.11628
33.71903
25.14315
26.34235
27.76053
29.03427
29.61642
29.57033
29.03485
29.3104
29.54256
29.00148
27.77876
27.44986
29.17573
30.84488
31.71146
32.55816
35.48793
24.2703
25.15738
26.173
27.4601
28.645
29.0176
28.4448
28.3701
28.51452
28.30662
27.80498
27.47153
27.81824
29.056
30.42223
32.25259
37.25651
23.48613
24.11569
24.97301
26.26651
27.46478
28.20263
28.00289
27.43252
27.27541
27.28182
27.3548
27.43356
27.28743
27.50834
28.77431
31.54211
36.1786
22.81811
23.47621
24.23409
25.40178
26.44299
27.41893
27.65443
26.98893
26.68722
26.62167
26.63012
26.85366
26.91206
26.88906
27.68322
30.45702
33.43431
22.23103
22.96271
23.60406
24.63895
25.70919
26.73071
27.37955
27.23004
26.956
26.77592
26.30727
26.0945
26.30966
26.7112
27.52392
29.60979
31.9134
21.83691
22.37767
23.12105
23.93195
25.02223
26.07341
26.74655
26.98044
26.98157
26.9047
26.30441
25.65443
25.70842
26.48236
27.74523
29.07608
30.40797
