 1
 1
 1
 1
 1
 1
 1
 1
 1
 1
 1
 1
 1
 1
 0
 0
 0
 1
 1
 1
 1
 1
 1
 1
 1
 1
 1
 1
 1
 1
 1
 0
 0
 0
 1
 1
 1
 1
 1
 1
 1
 1
 1
 1
 1
 1
 1
 1
 1
 0
 0
 1
 1
 1
 1
 1
 1
 1
 1
 1
 1
 1
 1
 1
 1
 1
 1
 0
 1
 1
 1
 1
 1
 1
 1
 1
 1
 1
 1
 1
 1
 1
 1
 1
 1
 1
 1
 1
 1
 1
 1
 1
 1
 1
 1
 1
 1
 1
 1
 1
 1
 1
 1
 1
 1
 1
 1
 1
 1
 1
 1
 1
 1
 1
 1
 1
 1
 1
 1
 1
 1
 1
 1
 1
 1
 1
 1
 1
 1
 1
 1
 1
 1
 1
 1
 1
 1
 1
 1
 1
 1
 1
 1
 1
 1
 1
 1
 1
 1
 1
 1
 1
 1
 1
 1
 1
 1
 1
 1
 1
 1
 1
 1
 1
 1
 1
 1
 1
 1
 1
 0
 1
 1
 1
 1
 1
 1
 1
 1
 1
 1
 1
 1
 1
 1
 1
 1
 1
 1
 1
 1
 1
 1
 1
 1
 1
 1
 1
 1
 1
 1
 1
 1
 1
 1
 1
 1
 1
 1
 1
 1
 1
 1
 1
 1
 1
 1
 1
 1
 1
 1
 1
 1
 1
 1
 1
 1
 1
 1
 1
 1
 1
 1
 1
 1
 1
 1
 1
 1
 1
 1
 1
 1
 1
 1
 1
 1
 1
 1
 1
 1
 1
 1
 1
 1
 1
 1
 1
 1
 1
 1
 1
 1
 1
 1
 1
 1
 1
 1
 1
 1
 1
 1
 1
 1
 1
 1
 1
 1
 1
 1
 1
 1
 1
 1
 1
 1
 1
 1
 1
 1
 1
 1
 1
 1
 1
 1
 1
 1
 1
 1
 1
 1
 1
 1
 1
 1
 1
 1
 1
 1
 1
 1
 1
 1
 1
 1
 1
 1
 1
 1
 1
 1
 1
 1
 1
 1
 1
 1
 1
 1
 1
 1
 1
 1
 1
 1
 1
 1
 1
 1
 1
 1
 1
 1
 1
 1
 1
 1
 1
 1
 1
 1
 1
 1
 1
 1
 1
 1
 1
 1
 1
 1
 1
 1
 1
 1
 1
 1
 1
 1
 1
 1
 1
 1
 1
 1
 1
 1
 1
 1
 1
 1
 1
 1
 1
 1
 1
 1
 1
 1
 1
 1
 1
 1
 1
 1
 1
 1
 1
 1
 1
 1
 1
 1
 1
 1
 1
0.8516256
0.8427203
0.8335571
0.5559313
0.5610853
0.8361997
0.840233
0.8419364
0.8105904
0.7755355
0.7363865
0.4339428
0.3839268
0.3298916
0.2704262
0.2054085
0.1951157
0.6000384
0.5923618
0.8544772
0.8477915
0.575785
0.8437348
0.5707206
0.5667834
0.5349227
0.7696209
0.7296234
0.4274864
0.3841485
0.3378091
0.4968335
0.233624
0.2242839
0.6154434
0.6082198
0.6007154
0.8623976
0.8555177
0.8485893
0.5712345
0.5639461
0.5332744
0.5009188
0.4668899
0.4310677
0.3933719
0.3537432
0.3116347
0.2664393
0.2544706
0.8786783
0.6035353
0.5958079
0.8576329
0.8519229
0.8462211
0.8404779
0.8346788
0.8075067
0.7769926
0.7435402
0.4456986
0.4122479
0.6216136
0.5725706
0.5175524
0.2851259
0.6058023
0.5985294
0.8601156
0.8526295
0.8481249
0.8436883
0.8392569
0.8347973
0.5406286
0.5148077
0.4878834
0.7231842
0.6885518
0.6509721
0.6098522
0.5644106
0.5364047
0.8694446
0.5932324
0.8550578
0.8474966
0.5738847
0.8410197
0.837927
0.8348667
0.8147066
0.7912679
0.7659714
0.7387834
0.7096339
0.6782655
0.3949188
0.3663654
0.5763872
0.8644199
0.5877159
0.8498951
0.8422899
0.8400442
0.8382142
0.8364851
0.834855
0.818045
0.7978486
0.7763549
0.7535794
0.7293535
0.7035591
0.6760797
0.396657
0.3713361
0.8594069
0.852195
0.8446904
0.8369989
0.8357298
0.835266
0.8349213
0.8346603
0.820967
0.8040307
0.786282
0.7676753
0.7479998
0.7273039
0.705564
0.6826532
0.3985121
0.8626896
0.8591427
0.8559166
0.853019
0.8510912
0.8490116
0.8467056
0.8440243
0.8323857
0.8181487
0.5328662
0.5179989
0.504785
0.491985
0.4792436
0.4665169
0.4428321
0.872063
0.8734104
0.8751203
0.877134
0.8731952
0.8676911
0.5925335
0.8556166
0.8450007
0.5621647
0.5495219
0.5366957
0.5277576
0.5197195
0.5120526
0.5047935
0.4843726
1.098812e-05
0.6195825
0.6264096
0.6334751
0.8937608
0.8853782
0.6083171
0.597924
0.5873578
0.5766416
0.5657411
0.5547438
0.5494785
0.5459173
0.5429853
0.5405422
0.5231451
0.6220407
0.6333908
0.6448646
0.9182722
0.6499673
0.6373048
0.6239175
0.6098769
0.5995743
0.5907165
0.5815122
0.5719328
0.5696831
0.5705836
0.5720844
0.5739779
0.5593717
0.6303759
0.6463876
0.6622697
0.6779073
0.6714391
0.6557789
0.6392524
0.621946
0.61143
0.6042321
0.5966757
0.5883414
0.5888898
0.5939801
0.5994584
0.6052099
0.5932705
0.6379926
0.6573594
0.6760905
0.6940352
0.9435961
0.6701589
0.6527777
0.6353586
0.6260267
0.6210543
0.6159866
0.6100097
0.6124553
0.6199056
0.6274428
0.634937
0.6225842
0.6222582
0.6424177
0.661949
0.6804641
0.9375081
0.6700781
0.6608843
0.6520789
0.6471446
0.6445782
0.6423083
0.6396337
0.6425287
0.6493702
0.6564664
0.663407
0.6477754
0.6058797
0.6268572
0.6470654
0.6661006
0.9306002
0.6694832
0.6683317
0.6676779
0.6671926
0.6667644
0.6666945
0.6667608
0.6705979
0.676927
0.6835618
0.6900535
0.6718949
0.588819
0.6104831
0.6313936
0.9137195
0.6620827
0.6683447
0.6751462
0.6823092
0.6863517
0.6880383
0.6899098
0.6919798
0.6966042
0.7027636
0.708957
0.7150735
0.6949725
0.8415249
0.5935882
0.8825472
0.9003592
0.9146656
0.6666883
0.6813763
0.6960168
0.7046075
0.7082946
0.7120245
0.7158657
0.7210403
0.7270123
0.7328247
0.7385715
0.716994
0.8236192
0.8463345
0.8672029
0.8863712
0.6413985
0.6645084
0.6870377
0.70884
0.7219304
0.7274306
0.7329264
0.7384316
0.7440909
0.7497525
0.7552499
0.7606765
0.7380654
0.8077025
0.8326582
0.8556403
0.6087783
0.6360031
0.6678488
0.6980388
0.7265249
0.7464508
0.7587432
0.7709823
0.7831028
0.7857111
0.7787268
0.7709485
0.7624424
0.7337356
0.7946205
0.8222049
0.8474578
0.6019065
0.6336491
0.673733
0.7108105
0.7450619
0.7714018
0.7903406
0.8085366
0.8259283
0.8258611
0.8067967
0.7858229
0.7627839
0.7271179
0.7807666
0.8111658
0.8388535
0.8640363
0.6306086
0.6789868
0.7227158
0.7622849
0.7941899
0.8186737
0.8415207
0.862788
0.861478
0.8329455
0.8005047
0.7635866
0.7202088
0.766103
0.7995861
0.5591378
0.8571513
0.8929752
0.6836017
0.7338299
0.7783059
0.8150045
0.8441373
0.8705997
0.8946574
0.893088
0.8573017
0.8150336
0.7649415
0.7132632
0.7506037
0.5176451
0.5496262
0.5799147
0.889029
0.9435408
0.744163
0.7932268
0.8340269
0.8670077
0.8963123
0.9223175
0.9211483
0.879967
0.8293837
0.766895
0.7062275
0.9100195
0.9069603
0.8973259
0.6125403
0.6114387
0.8842513
0.8919463
0.8953406
0.8519562
0.799933
0.7631969
0.4683802
0.421591
0.3969629
0.3266031
0.2448369
0.2197134
0.6620308
0.6610449
0.9247644
0.9110703
0.6263835
0.8866073
0.6119692
0.6076922
0.5737404
0.8098394
0.7828912
0.4816301
0.4360375
0.3931052
0.55494
0.2781575
0.253036
0.6888505
0.6894102
0.6781425
0.9286176
0.9086454
0.8898904
0.6063486
0.5971387
0.5704148
0.5459169
0.5180053
0.483146
0.4540573
0.4170464
0.3758371
0.320768
0.2848994
0.9637536
0.6954134
0.678575
0.9178268
0.9011937
0.8864
0.8744449
0.8654097
0.841841
0.819433
0.7935386
0.5023022
0.4638031
0.6505281
0.6041026
0.5787722
0.3162088
0.6993448
0.6854011
0.9235525
0.903174
0.8898371
0.8821021
0.8742004
0.865675
0.5732044
0.5548647
0.5367272
0.7748374
0.7284243
0.6915086
0.668388
0.6143693
0.5685119
0.9594436
0.6706561
0.9048444
0.8897703
0.609832
0.876148
0.873687
0.869876
0.8512475
0.8351748
0.8099669
0.7752745
0.7512808
0.7363707
0.4630692
0.4160937
0.6134663
0.9374532
0.6534628
0.8943938
0.8779317
0.8732549
0.8719441
0.8731402
0.8745601
0.8601012
0.8454497
0.8277766
0.8087887
0.792282
0.7776996
0.7492818
0.4549298
0.4145662
0.9058951
0.8977579
0.880328
0.8662174
0.8653495
0.867919
0.8715544
0.8756028
0.8663867
0.8577408
0.85269
0.8478563
0.8350056
0.8143659
0.78703
0.750338
0.4533284
0.8869576
0.8855419
0.881405
0.8773899
0.8770869
0.8802541
0.8849042
0.8893762
0.8854534
0.8838708
0.6203586
0.6301387
0.6261169
0.6035601
0.5802534
0.5627573
0.5140207
0.8887873
0.8915928
0.8952596
0.8989216
0.8982317
0.9002092
0.636005
0.9119305
0.9152291
0.6467866
0.6578702
0.6749319
0.6795637
0.6511236
0.6201066
0.6109034
0.5687619
0.01903489
0.6389349
0.6461923
0.6564437
0.9219881
0.922608
0.6584712
0.6643142
0.6742344
0.6865621
0.6904156
0.7053218
0.7085884
0.6777869
0.6552214
0.6411818
0.5996861
0.6483181
0.6614412
0.6745335
0.9505584
0.6891663
0.6837626
0.6759223
0.6711933
0.6808965
0.6971111
0.7194377
0.717433
0.7139627
0.6923832
0.6866582
0.6709865
0.6240612
0.6602997
0.6821729
0.7056435
0.7288377
0.725734
0.7130262
0.6982049
0.6879501
0.6916641
0.7044962
0.737278
0.7239214
0.7161295
0.7050714
0.7028264
0.6910406
0.6490685
0.6698076
0.7028028
0.7363038
0.7601091
1.008597
0.7302742
0.7168256
0.7116838
0.7161527
0.7275763
0.7541088
0.7397398
0.7259759
0.7225267
0.7151092
0.6954929
0.6701808
0.6593494
0.6884671
0.7208928
0.7568915
1.005264
0.7286915
0.7256705
0.7273492
0.7326806
0.743203
0.7645133
0.7634181
0.7446508
0.7249558
0.7167273
0.7163032
0.6835454
0.6482469
0.6761521
0.701552
0.7415938
0.9918224
0.721109
0.7234215
0.7332405
0.7336234
0.737331
0.7521459
0.764115
0.7554307
0.7296298
0.7242674
0.7378574
0.702943
0.6248919
0.6581169
0.6833693
0.9737799
0.7099665
0.7110388
0.7207072
0.7351339
0.7352381
0.7317114
0.7371943
0.7525538
0.7567301
0.7438486
0.739907
0.7502663
0.7215191
0.8734699
0.6344093
0.9277231
0.9423341
0.9488114
0.6999374
0.7173322
0.7354819
0.7419497
0.7400206
0.7393033
0.7477722
0.7595193
0.7625145
0.7627706
0.7662014
0.743802
0.8526386
0.8778428
0.9003981
0.9167902
0.6682712
0.6886793
0.712114
0.7366849
0.7497019
0.7518269
0.7532065
0.7575831
0.7677703
0.7742519
0.7740372
0.7842768
0.7690058
0.83428
0.858263
0.8812866
0.6340822
0.6585495
0.6858493
0.7147749
0.7451918
0.7652094
0.7761184
0.78698
0.7978711
0.8009548
0.7933804
0.7821586
0.7820081
0.767596
0.820838
0.8463314
0.870905
0.6253909
0.6542605
0.6903463
0.7249675
0.7588356
0.7842026
0.8025159
0.8205242
0.8376192
0.8367046
0.8166743
0.7945819
0.7769139
0.7523882
0.8072782
0.8363993
0.8627007
0.8872973
0.652211
0.6976199
0.7385337
0.7761177
0.8065295
0.8291239
0.8511678
0.8724532
0.8705431
0.8405957
0.8068206
0.7733247
0.7371116
0.7918788
0.8250448
0.5837365
0.8805321
0.9151604
0.7043757
0.7522543
0.7940578
0.8291432
0.8558986
0.8803374
0.9039572
0.9023412
0.8651806
0.8209383
0.7734301
0.7259495
0.7743576
0.54097
0.5726468
0.6020298
0.9100269
0.9640723
0.7640104
0.8111336
0.849513
0.8804658
0.9078487
0.9327542
0.9312058
0.8893435
0.8373194
0.7754694
0.7156152
1.204773
1.220457
1.231235
0.9635151
0.9878469
1.312478
1.424199
1.546978
1.592814
1.594164
1.564429
1.157274
1.034867
1.018884
0.8807873
0.6867628
0.5999984
0.9798774
0.9989945
1.29764
1.320382
1.090988
1.398139
1.222486
1.349744
1.41511
1.72969
1.749269
1.366436
1.268478
1.191568
1.281026
0.9079945
0.7945471
1.060667
1.093503
1.087475
1.38257
1.457744
1.53515
1.343835
1.407022
1.470586
1.534496
1.575579
1.500674
1.374893
1.265691
1.213822
1.139433
0.9460315
1.428033
1.165666
1.155094
1.401031
1.467939
1.563336
1.659524
1.714227
1.750797
1.82521
1.874242
1.569151
1.445405
1.563972
1.506142
1.45302
1.021502
1.320965
1.230574
1.451666
1.447641
1.510131
1.603978
1.690083
1.768968
1.500655
1.533556
1.570655
1.825658
1.676742
1.513668
1.482383
1.386572
1.267888
1.723591
1.335771
1.511839
1.549466
1.358611
1.697331
1.753323
1.804033
1.801145
1.816581
1.758442
1.657843
1.568587
1.542521
1.220817
1.105509
1.307079
1.736945
1.427522
1.619444
1.665451
1.724376
1.747841
1.780439
1.783653
1.772734
1.765497
1.668401
1.590605
1.551632
1.492002
1.43382
1.074609
1.030305
1.637539
1.688655
1.680058
1.716247
1.729535
1.724815
1.743841
1.716987
1.712654
1.710152
1.653114
1.649719
1.572271
1.453598
1.393145
1.321547
1.011195
1.552397
1.642524
1.68912
1.707701
1.679206
1.687266
1.747201
1.752768
1.755388
1.777878
1.523762
1.509346
1.384647
1.233411
1.134061
1.090039
1.058269
1.55228
1.606601
1.658328
1.696227
1.691782
1.726212
1.53229
1.858876
1.892799
1.612229
1.625333
1.616767
1.450811
1.274823
1.15905
1.145524
1.148296
0.6972934
1.350987
1.371367
1.390139
1.68927
1.74684
1.534811
1.588147
1.695356
1.760339
1.744065
1.663436
1.499908
1.313687
1.192938
1.142301
1.141714
1.324584
1.376742
1.399216
1.666032
1.404412
1.40887
1.447746
1.497091
1.624008
1.728345
1.810224
1.749505
1.580799
1.397154
1.272347
1.161824
1.112644
1.306479
1.359464
1.418993
1.457217
1.403732
1.339049
1.383849
1.455322
1.570388
1.681965
1.786664
1.761127
1.69351
1.511392
1.370453
1.229017
1.118837
1.250403
1.362379
1.491656
1.570318
1.699288
1.309056
1.368022
1.482195
1.615726
1.730866
1.796694
1.773412
1.799036
1.660006
1.467544
1.255801
1.146359
1.225737
1.31763
1.453174
1.584879
1.7266
1.336838
1.39283
1.469383
1.562511
1.698251
1.79702
1.821975
1.849998
1.649967
1.430345
1.286071
1.196853
1.16486
1.300529
1.471778
1.513206
1.710471
1.383005
1.400209
1.438416
1.432967
1.516181
1.64867
1.748919
1.809363
1.591533
1.391766
1.335281
1.279058
1.05879
1.224626
1.354018
1.64712
1.38133
1.358484
1.373823
1.427881
1.390463
1.335658
1.443887
1.583018
1.674821
1.560742
1.403445
1.39434
1.367846
1.34766
1.14818
1.453887
1.54284
1.573235
1.324175
1.340843
1.435357
1.450238
1.348337
1.369875
1.454641
1.565556
1.557182
1.467344
1.44523
1.417742
1.408582
1.405749
1.412859
1.488515
1.257282
1.269567
1.292917
1.412374
1.477808
1.425706
1.402112
1.41566
1.482979
1.525227
1.480815
1.468897
1.513065
1.396408
1.403434
1.436862
1.212408
1.213211
1.187496
1.238476
1.33815
1.413237
1.421993
1.389192
1.405454
1.414168
1.426135
1.394039
1.394576
1.504664
1.30508
1.321018
1.357617
1.136498
1.155345
1.133314
1.194371
1.254382
1.304034
1.330428
1.314979
1.353145
1.338132
1.309718
1.263165
1.260057
1.344064
1.183894
1.198532
1.207254
1.268219
1.063168
1.092742
1.152581
1.189326
1.218622
1.235709
1.241436
1.278793
1.27659
1.216331
1.140323
1.137447
1.178018
1.071207
1.089862
0.8325367
1.158392
1.219675
1.025222
1.085658
1.118414
1.15511
1.181791
1.209934
1.250573
1.233758
1.165173
1.086842
1.072805
1.085034
1.000979
0.7501551
0.7814353
0.8178515
1.134249
1.20061
1.014107
1.059032
1.097412
1.139212
1.178876
1.198764
1.188339
1.14564
1.080792
1.031073
0.9953021
2.127278
2.149308
2.158912
1.83261
1.799975
2.149327
2.310392
2.468936
2.540338
2.586631
2.570315
2.077149
1.909739
1.968782
1.917359
1.761067
1.644079
2.096807
2.1103
2.436604
2.452936
2.132547
2.389553
2.22604
2.37024
2.461419
2.855555
2.956378
2.569185
2.459655
2.413942
2.510232
2.108599
1.965271
2.403445
2.451382
2.437351
2.725095
2.757758
2.774155
2.536639
2.561815
2.641399
2.782748
2.944204
2.959828
2.863206
2.766515
2.729298
2.646651
2.38335
2.885178
2.688301
2.661865
2.841655
2.881824
2.956001
3.028317
3.060475
3.128764
3.278475
3.401988
3.147301
3.051196
3.213148
3.229686
3.216259
2.702848
2.780377
2.782475
2.975408
2.874052
2.906797
3.007454
3.110633
3.210382
3.013709
3.142351
3.211199
3.455551
3.305089
3.193804
3.267046
3.22864
3.073186
3.180259
2.876868
2.999989
2.940525
2.723413
3.067035
3.146247
3.231985
3.31433
3.444567
3.447001
3.35135
3.259348
3.272953
3.012252
2.921164
3.114932
3.18161
2.974972
3.120647
3.075333
3.119066
3.141073
3.179163
3.211922
3.274511
3.371827
3.377489
3.351795
3.323115
3.261876
3.208702
2.833773
2.765214
3.049361
3.237262
3.220751
3.191294
3.199447
3.207013
3.224694
3.210698
3.258892
3.329221
3.362218
3.442446
3.399376
3.246889
3.141744
3.039246
2.679751
2.99756
3.221097
3.304135
3.302624
3.273018
3.299821
3.374548
3.401927
3.428813
3.458261
3.266536
3.361776
3.298916
3.103404
2.907167
2.820784
2.73777
3.192721
3.330671
3.445318
3.510406
3.497596
3.527098
3.341272
3.681741
3.730007
3.426475
3.43779
3.519955
3.437063
3.218277
2.956699
2.871516
2.825145
2.563997
3.349311
3.423141
3.459557
3.732599
3.739888
3.462062
3.465626
3.576951
3.637623
3.593492
3.548967
3.44815
3.206215
2.928948
2.7571
2.676525
3.298966
3.503872
3.600775
3.857616
3.550774
3.467609
3.376658
3.306485
3.397107
3.515378
3.596883
3.536811
3.372622
3.096665
2.837867
2.602947
2.43239
3.215635
3.397673
3.542715
3.59207
3.461285
3.252575
3.139055
3.099021
3.169037
3.286129
3.413435
3.390131
3.294178
3.001338
2.731968
2.478956
2.258859
3.043265
3.239214
3.459002
3.563033
3.579481
2.984219
2.865571
2.912459
3.019442
3.136503
3.240096
3.245839
3.239473
2.994127
2.688314
2.371652
2.159493
2.970824
3.108402
3.314088
3.463134
3.469619
2.838962
2.708292
2.719347
2.779341
2.916109
3.061303
3.146728
3.177198
2.88863
2.5811
2.348412
2.138699
2.810486
3.000145
3.229461
3.282175
3.371034
2.835544
2.697274
2.64522
2.549679
2.578372
2.750371
2.94631
3.070224
2.805303
2.522575
2.400842
2.229763
2.564837
2.765781
2.97952
3.301435
3.011758
2.854125
2.745887
2.73274
2.583313
2.385083
2.451559
2.689342
2.878972
2.760854
2.523391
2.472051
2.397242
2.817679
2.621363
2.995735
3.139319
3.182508
2.844216
2.743316
2.80918
2.755978
2.518246
2.415632
2.51397
2.715895
2.737475
2.598648
2.564625
2.566195
2.842788
2.835462
2.862098
3.002778
2.807406
2.748902
2.629115
2.715904
2.760005
2.63805
2.509386
2.466222
2.571506
2.666737
2.607777
2.623649
2.829265
2.766532
2.773896
2.772478
2.583906
2.605462
2.533128
2.435879
2.466003
2.543455
2.548373
2.476044
2.437692
2.412783
2.427202
2.391406
2.446446
2.7879
2.562953
2.580279
2.562817
2.332086
2.341765
2.269821
2.222731
2.192127
2.25659
2.313069
2.30461
2.330399
2.271125
2.195282
2.107162
2.144405
2.414161
2.302586
2.304545
2.269729
2.279341
2.058274
2.039418
2.033248
1.99142
2.046778
2.100922
2.1336
2.193155
2.180639
2.072345
1.919066
1.923433
2.074949
2.054609
2.042896
1.700991
2.007443
2.075444
1.858713
1.892568
1.874281
1.916803
1.982985
2.040351
2.099341
2.092443
2.011948
1.898879
1.878951
1.958782
1.88783
1.556153
1.482364
1.543396
1.911021
1.990772
1.808405
1.830476
1.836111
1.883918
1.941552
1.971887
1.9679
1.952613
1.924563
1.883013
1.852539
3.370522
3.379343
3.375613
2.979133
2.857463
3.153956
3.327972
3.52407
3.613084
3.735813
3.834605
3.437793
3.42065
3.747363
3.936126
3.881483
3.73074
3.566779
3.57958
3.92761
3.916449
3.48605
3.625689
3.396873
3.501996
3.567188
3.988777
4.130495
3.776087
3.771152
3.899285
4.15338
3.848671
3.755206
4.135379
4.243536
4.25335
4.502729
4.469438
4.415089
4.057193
3.937959
3.948897
4.103652
4.292859
4.316523
4.245527
4.216595
4.275634
4.273066
4.010762
4.820842
4.770777
4.783113
4.853601
4.83431
4.927248
4.95506
4.84987
4.838364
5.001575
5.140947
4.865562
4.729837
4.89109
4.971171
5.001718
4.417982
4.778049
4.973247
5.207393
4.987358
4.960248
5.135401
5.315966
5.402114
5.186152
5.35938
5.438217
5.623381
5.375152
5.215863
5.309918
5.268197
5.030852
5.124914
4.99102
5.149441
5.020711
4.782615
5.198803
5.407274
5.606569
5.788666
6.016433
6.033857
5.858335
5.65451
5.595715
5.298493
5.150597
5.281474
4.991203
4.931439
5.121207
5.041181
5.101808
5.200475
5.373148
5.581923
5.807388
6.003704
6.032082
5.961102
5.854805
5.713101
5.594691
5.154089
5.034992
4.760302
5.061911
5.071567
5.03426
5.092304
5.201326
5.349359
5.495098
5.685371
5.823389
5.888867
5.997981
5.932343
5.703273
5.522291
5.362639
4.941404
4.704986
4.966415
5.061842
5.073625
5.104486
5.247785
5.465162
5.63898
5.763013
5.822071
5.708358
5.90605
5.859093
5.568881
5.254313
5.120288
4.975748
5.133639
5.250638
5.368569
5.445037
5.453754
5.558462
5.49682
5.974249
6.134677
5.875014
5.9219
6.099924
6.052042
5.705668
5.253172
5.105368
5.029276
4.868763
5.723638
5.810492
5.83812
6.074205
6.056287
5.77884
5.832936
6.055507
6.189749
6.149909
6.140089
6.046885
5.660809
5.181366
4.899046
4.789261
5.779862
6.084118
6.244534
6.516814
6.186299
6.031829
5.832068
5.683973
5.809322
6.008197
6.124329
6.056362
5.843875
5.423194
5.015236
4.670356
4.434704
5.567604
5.838744
6.068436
6.175683
6.032438
5.725441
5.479115
5.341856
5.39547
5.558688
5.738906
5.713626
5.549078
5.141497
4.770308
4.434367
4.143934
5.226498
5.469285
5.759136
5.913344
5.868441
5.133761
4.881824
4.873645
4.966025
5.101906
5.263909
5.300961
5.232973
4.890877
4.518637
4.150204
3.87518
5.075072
5.23389
5.469074
5.628191
5.528566
4.704094
4.426619
4.38017
4.409785
4.546856
4.744825
4.888466
4.899616
4.517412
4.160659
3.901577
3.627002
4.773261
4.985785
5.244593
5.288657
5.265951
4.55162
4.274759
4.131653
3.947828
3.918944
4.128067
4.401135
4.55567
4.212523
3.864425
3.735008
3.506967
4.384562
4.551731
4.820983
5.147749
4.788393
4.486354
4.280194
4.199589
3.944451
3.604712
3.624484
3.938054
4.175766
4.002398
3.665698
3.602838
3.510174
4.586082
4.332706
4.735393
4.895925
4.889893
4.419061
4.245252
4.297978
4.187802
3.819361
3.581037
3.664747
3.901995
3.881549
3.652207
3.617634
3.645441
4.50881
4.488225
4.535647
4.702857
4.478346
4.284403
4.066098
4.162872
4.201257
4.009629
3.749135
3.609094
3.706249
3.78608
3.67404
3.726771
4.056261
4.299464
4.331834
4.352321
4.192443
4.201175
4.018082
3.775315
3.786982
3.876754
3.866525
3.72363
3.581093
3.477786
3.466634
3.423491
3.52352
4.031194
3.949735
3.983953
3.976085
3.777184
3.793095
3.666578
3.47549
3.361702
3.424247
3.490645
3.467346
3.443675
3.29849
3.14386
3.011128
3.069442
3.47061
3.5202
3.530558
3.491897
3.518014
3.318856
3.307821
3.215254
3.049611
3.102567
3.174724
3.212908
3.264677
3.201261
2.989587
2.696453
2.685065
2.908292
3.130876
3.110641
2.758055
3.066755
3.159154
2.995109
3.038327
2.938831
2.957354
3.039459
3.092629
3.124128
3.082766
2.930216
2.688741
2.604049
2.715717
2.892124
2.533583
2.439063
2.491155
2.8714
3.00587
2.881668
2.899955
2.868353
2.898287
2.926817
2.916767
2.895454
2.874605
2.787544
2.645718
2.578718
4.791187
4.720115
4.644571
4.189914
3.995452
4.251079
4.456811
4.753496
5.013235
5.32182
5.646819
5.471462
5.708861
6.370273
6.781034
6.694501
6.374467
5.131968
5.039457
5.293109
5.248557
4.77313
4.871626
4.643371
4.852435
5.060489
5.627369
5.959785
5.789126
6.007629
6.432419
6.883655
6.639147
6.539655
5.803229
5.859172
5.777826
5.943464
5.891302
5.844791
5.460571
5.384637
5.487067
5.785184
6.159408
6.341556
6.396954
6.551735
6.778487
6.900866
6.658427
6.567167
6.562534
6.527396
6.445452
6.387423
6.525485
6.548176
6.447438
6.496904
6.795268
7.075046
6.894635
6.807646
7.060054
7.289992
7.445203
6.885425
6.59432
6.901872
7.127441
6.75612
6.664127
6.90626
7.145672
7.263851
7.113221
7.396701
7.530771
7.716958
7.455655
7.321577
7.519427
7.578922
7.402777
6.965617
6.969308
7.159537
6.943491
6.669086
7.149821
7.466524
7.786365
8.100662
8.431986
8.448599
8.22113
7.955244
7.8699
7.606491
7.492014
7.66347
6.777863
6.876138
7.131617
7.033741
7.110418
7.285213
7.610424
8.034575
8.473784
8.814075
8.876703
8.774943
8.602867
8.369748
8.192042
7.724163
7.597388
6.477605
6.945045
7.045829
7.032921
7.157501
7.405839
7.749701
8.132484
8.544736
8.814996
8.959934
9.173529
9.133989
8.806359
8.515153
8.297451
7.829048
6.391757
6.815209
7.024589
7.092239
7.217586
7.536659
7.961592
8.344282
8.630125
8.784413
8.832592
9.259302
9.347718
9.015899
8.593406
8.435121
8.244773
7.053638
7.264517
7.470864
7.58901
7.657153
7.915107
8.057799
8.739734
9.077315
8.931122
9.101748
9.506209
9.633989
9.272704
8.707767
8.582314
8.525908
7.325317
8.310619
8.449558
8.465449
8.674379
8.698993
8.512209
8.721493
9.148189
9.423518
9.455059
9.566135
9.581075
9.150984
8.555749
8.279173
8.222875
8.630922
9.139974
9.460406
9.748516
9.39073
9.172153
8.908937
8.778482
9.035024
9.373402
9.552915
9.497371
9.258347
8.728222
8.214166
7.841768
7.621553
8.403978
8.909372
9.37545
9.638
9.497819
9.085827
8.733858
8.571724
8.673386
8.921954
9.153176
9.085173
8.80072
8.253764
7.771711
7.372011
7.051785
7.885463
8.305634
8.811995
9.149288
9.098007
8.253168
7.877071
7.863536
8.000513
8.201234
8.435263
8.458416
8.242136
7.751321
7.282239
6.830784
6.481441
7.603583
7.878522
8.253096
8.5238
8.364508
7.372819
6.936343
6.858171
6.91337
7.104509
7.395212
7.602897
7.546239
7.012515
6.58954
6.273514
5.891293
7.154728
7.442616
7.801938
7.886549
7.75519
6.847501
6.392313
6.150321
5.907655
5.87029
6.170243
6.557221
6.750193
6.300764
5.882153
5.745934
5.428062
6.662809
6.806712
7.163268
7.505227
7.042276
6.54789
6.185692
5.997601
5.620511
5.151934
5.175534
5.611483
5.920416
5.683306
5.241788
5.187849
5.081875
6.73298
6.443661
6.87784
7.040133
6.934274
6.306402
6.01395
6.003518
5.799429
5.272043
4.910451
5.018996
5.322164
5.271234
4.945979
4.924398
4.997578
6.477605
6.42828
6.475645
6.631524
6.337437
6.001894
5.680983
5.75685
5.7551
5.452582
5.041987
4.82815
4.948551
5.03006
4.870287
4.957746
5.429415
6.140918
6.14215
6.128366
5.945679
5.901097
5.592116
5.215669
5.206318
5.28745
5.233302
4.996244
4.754821
4.602226
4.581361
4.537387
4.693696
5.382317
5.685949
5.688915
5.634889
5.405756
5.37461
5.154332
4.806821
4.60611
4.653071
4.713977
4.665278
4.58219
4.355467
4.134287
3.979198
4.090813
4.66258
5.102198
5.114661
5.047368
5.043956
4.819187
4.765398
4.546924
4.221872
4.243974
4.319388
4.356962
4.390477
4.265873
3.940507
3.532079
3.546658
3.867733
4.521607
4.532649
4.187538
4.49114
4.584814
4.440644
4.464863
4.261194
4.199183
4.257718
4.277169
4.260706
4.163266
3.918044
3.554726
3.43747
3.596303
4.104763
3.791385
3.729815
3.808069
4.212318
4.391735
4.308557
4.311266
4.218091
4.178472
4.129697
4.041072
3.969129
3.915011
3.766451
3.546661
3.461161
5.868509
5.726385
5.578345
5.101802
4.85578
5.002828
5.164548
5.470886
5.855455
6.333148
6.865174
6.897594
7.36987
8.294656
8.775764
8.482502
7.824611
6.34774
6.142372
6.334769
6.34767
5.901691
5.88712
5.570669
5.786088
6.099041
6.81862
7.347367
7.389756
7.886103
8.588982
9.162613
8.842479
8.558348
7.08286
7.078963
6.950573
7.161263
7.192532
7.119587
6.666366
6.544698
6.706603
7.138867
7.727897
8.135993
8.387626
8.739119
9.131605
9.328201
9.026912
7.896894
7.840792
7.828025
7.765633
7.736877
7.922712
7.991248
7.845578
7.915868
8.353739
8.838343
8.862679
8.895787
9.262958
9.663498
9.93136
9.364001
8.011327
8.309364
8.603958
8.224273
8.11418
8.422903
8.788797
8.925111
8.783404
9.20686
9.515336
9.841147
9.633234
9.567286
9.901608
10.04273
9.856318
8.43672
8.51351
8.78199
8.571623
8.298183
8.82942
9.299075
9.709276
10.07022
10.53446
10.66556
10.51062
10.26869
10.22267
10.04491
9.9549
10.10465
8.206119
8.452691
8.802797
8.734332
8.855046
9.106096
9.587253
10.16966
10.7383
11.1868
11.31422
11.24113
11.09069
10.85935
10.70804
10.25985
10.12872
7.821082
8.461667
8.670383
8.71972
8.941816
9.327782
9.851144
10.4241
10.99588
11.35586
11.57621
11.88321
11.87555
11.50579
11.18662
10.99594
10.54867
7.686221
8.284823
8.621379
8.794367
9.054359
9.541664
10.15659
10.72074
11.13616
11.39494
11.6321
12.27816
12.48423
12.11932
11.61138
11.47123
11.30603
8.452252
8.820233
9.135175
9.350247
9.547905
9.984783
10.33097
11.20196
11.70482
11.71479
12.08737
12.77607
13.13038
12.8029
12.14659
12.04686
12.03695
9.035149
10.16282
10.40627
10.47464
10.7425
10.90947
10.90391
11.31286
11.97102
12.45287
12.65922
13.01709
13.28566
12.9438
12.32664
12.09913
12.10429
10.77915
11.41556
11.92768
12.27869
11.97144
11.80415
11.60277
11.58808
12.06698
12.64586
13.00995
13.10942
13.0263
12.56287
12.10371
11.827
11.66502
10.86971
11.53419
12.28395
12.73197
12.63433
12.20006
11.86185
11.74889
11.98527
12.42788
12.82313
12.83613
12.57374
12.03315
11.6147
11.31774
11.05827
10.54546
11.12408
11.92835
12.52122
12.50899
11.61694
11.22883
11.28191
11.52002
11.86364
12.24638
12.31544
12.02055
11.46286
11.01375
10.62012
10.30541
10.4074
10.80674
11.4075
11.89146
11.75419
10.68638
10.20138
10.17224
10.3133
10.62242
11.0706
11.38007
11.26953
10.60874
10.17709
9.872519
9.452559
9.990913
10.35957
10.88042
11.07636
10.89958
9.889421
9.3636
9.133056
8.928254
8.959596
9.41096
9.966372
10.23531
9.700717
9.238521
9.108052
8.707499
9.477375
9.622728
10.09497
10.45521
9.934521
9.278013
8.833879
8.650344
8.279536
7.790973
7.890967
8.51251
8.953125
8.690513
8.166931
8.120037
7.984431
9.347781
9.117987
9.623348
9.784727
9.557528
8.779969
8.395386
8.390419
8.193735
7.608339
7.192169
7.400183
7.847182
7.809023
7.395859
7.37569
7.506314
8.818786
8.855629
8.978839
9.153503
8.780482
8.269107
7.831017
7.908206
7.913267
7.550735
7.039409
6.819501
7.040045
7.14802
6.901433
6.989669
7.672682
8.32341
8.368667
8.379093
8.225518
8.149438
7.686312
7.146131
7.114817
7.202113
7.112668
6.789591
6.474802
6.305045
6.277114
6.197723
6.389159
7.339988
7.82443
7.793427
7.686058
7.457287
7.413563
7.100801
6.588765
6.289298
6.317382
6.357211
6.260426
6.096314
5.769832
5.476928
5.301036
5.485718
6.317319
7.179108
7.14015
6.97809
6.921958
6.687532
6.607203
6.278677
5.783367
5.744819
5.795889
5.800528
5.777024
5.545305
5.072479
4.567405
4.654166
5.125689
6.480865
6.456399
6.041056
6.278849
6.344156
6.209201
6.20531
5.888874
5.712092
5.712718
5.663504
5.561425
5.371006
5.005803
4.526785
4.418451
4.647216
5.929403
5.602813
5.501514
5.541974
5.90993
6.073712
5.986855
5.926976
5.739522
5.603202
5.449785
5.259112
5.123785
5.031324
4.835618
4.569263
4.478867
6.579074
6.228921
5.87063
5.396195
5.246254
5.424246
5.647986
5.971739
6.395993
6.988255
7.732894
8.019145
8.653905
9.70114
10.14702
9.669661
8.74901
7.195156
6.788091
6.779021
6.812791
6.502929
6.490936
6.158443
6.397661
6.789564
7.639803
8.348536
8.60083
9.314662
10.23675
10.88655
10.48251
9.963926
7.965709
7.838334
7.527901
7.736966
7.951075
7.964483
7.505302
7.348634
7.559608
8.096429
8.86061
9.480349
9.909673
10.44586
11.01058
11.27867
10.87345
8.788111
8.653026
8.522337
8.476697
8.595909
8.873168
9.014422
8.912523
8.978477
9.496004
10.13233
10.33801
10.52837
11.04435
11.63194
12.04094
11.47179
8.946696
9.187689
9.371105
9.018023
8.974951
9.397514
9.928719
10.17251
10.09641
10.6091
11.0218
11.43706
11.31718
11.3903
11.90909
12.19275
12.03964
9.401875
9.43963
9.628674
9.460842
9.240065
9.879539
10.4982
11.08702
11.70277
12.21679
12.4095
12.27141
12.06369
12.13168
12.0843
12.06962
12.24417
9.190935
9.459029
9.803659
9.794968
9.963897
10.27801
10.87065
11.6995
12.62775
13.12953
13.28414
13.20602
13.07157
12.88218
12.76952
12.34735
12.25558
8.823826
9.551379
9.821799
9.935293
10.20297
10.66422
11.33147
12.16189
12.98316
13.4148
13.6907
14.06766
14.07983
13.6587
13.3154
13.15117
12.74935
8.685936
9.401084
9.839462
10.09068
10.41202
11.00821
11.79113
12.54295
13.10344
13.46505
13.87495
14.71065
14.99688
14.55523
13.95755
13.83343
13.69072
9.454296
9.930169
10.35148
10.64633
10.92522
11.47734
11.9762
13.00198
13.67459
13.86986
14.46807
15.423
15.95588
15.5779
14.78015
14.71868
14.73135
10.11078
11.33956
11.68501
11.83026
12.16219
12.4304
12.56713
13.15416
14.0373
14.73957
15.1828
15.83827
16.33312
15.99591
15.28273
15.09799
15.13982
11.98532
12.67218
13.28924
13.70011
13.49909
13.44345
13.34216
13.48976
14.23143
15.07904
15.71165
16.07662
16.17645
15.74694
15.32798
15.13701
15.00721
12.2212
12.89184
13.74891
14.28424
14.29358
13.96803
13.73074
13.77335
14.25609
14.98641
15.67845
15.92069
15.74437
15.25041
14.98445
14.82868
14.63821
12.13672
12.68312
13.61016
14.30147
14.34177
13.51347
13.23835
13.48572
13.94322
14.5483
15.23475
15.50892
15.21802
14.6739
14.41438
14.2005
13.99531
12.39013
12.73226
13.45046
14.03393
13.88681
12.78748
12.36634
12.53903
12.85506
13.37845
14.11849
14.63882
14.51638
13.82402
13.56714
13.42824
13.09684
12.34477
12.66082
13.30629
13.59288
13.37697
12.27494
11.73784
11.64007
11.52193
11.66762
12.35956
13.17685
13.5459
12.97759
12.61772
12.61635
12.24212
12.16716
12.24867
12.81042
13.22357
12.69089
11.88586
11.40339
11.30988
10.94477
10.44064
10.65804
11.55089
12.18093
11.93688
11.41195
11.45913
11.34888
12.08612
11.9133
12.45834
12.64485
12.3594
11.47913
11.06222
11.13187
10.94923
10.28835
9.796807
10.15596
10.84025
10.90428
10.48222
10.51501
10.72507
11.40853
11.56111
11.76562
11.95899
11.56091
10.92891
10.42619
10.58238
10.65609
10.25941
9.605029
9.355126
9.725463
9.95278
9.709855
9.868564
10.81848
10.73754
10.87525
10.95474
10.87136
10.80211
10.23321
9.566445
9.569727
9.751061
9.713172
9.327304
8.900586
8.700099
8.70212
8.643729
8.956322
10.27174
10.15649
10.13311
10.04253
9.884498
9.877287
9.535398
8.884187
8.493577
8.57756
8.696866
8.644857
8.438416
8.015356
7.640493
7.448897
7.78441
8.991529
9.486356
9.415954
9.217761
9.173036
8.979024
8.942796
8.578626
7.93504
7.852299
7.933547
7.97543
7.960465
7.661067
7.066325
6.456206
6.656029
7.362311
8.75834
8.70013
8.251174
8.466411
8.535316
8.465455
8.519552
8.174433
7.902191
7.847436
7.746439
7.59271
7.346741
6.903635
6.328136
6.261033
6.603748
8.155931
7.805628
7.679143
7.70701
8.051102
8.209842
8.177387
8.120818
7.886382
7.683362
7.444021
7.174155
6.993929
6.891413
6.682753
6.380969
6.261936
6.833885
6.37264
5.920793
5.425351
5.270727
5.468169
5.710557
6.037158
6.466319
7.098074
7.975857
8.484074
9.243184
10.32463
10.8292
10.24029
9.231443
7.552535
7.013845
6.867624
6.876885
6.583678
6.604162
6.297387
6.546447
6.951428
7.833539
8.641691
9.11115
10.00488
11.01478
11.74721
11.28305
10.68012
8.395271
8.133467
7.680507
7.829331
8.08338
8.185602
7.803292
7.64501
7.843189
8.434394
9.333242
10.14595
10.6973
11.31607
11.97369
12.27161
11.82415
9.270739
8.999696
8.737309
8.628714
8.796126
9.168264
9.412992
9.383154
9.458723
10.03805
10.78457
11.12978
11.42515
12.00587
12.70647
13.1955
12.63239
9.55485
9.659938
9.658522
9.226753
9.21953
9.726025
10.41602
10.79636
10.75995
11.35715
11.84113
12.33137
12.28341
12.43674
13.08174
13.46819
13.34828
10.02875
9.913867
9.970005
9.775644
9.568682
10.22529
10.94851
11.74758
12.61364
13.20951
13.40327
13.31314
13.13787
13.29167
13.36164
13.41682
13.61393
9.797145
9.924253
10.22348
10.16062
10.23047
10.64827
11.37459
12.39708
13.65608
14.29751
14.51134
14.41166
14.33307
14.20803
14.15402
13.76157
13.68422
9.479836
10.09406
10.31445
10.34218
10.57126
11.19628
12.05813
13.09649
14.13753
14.68507
15.07178
15.47135
15.56882
15.15407
14.79686
14.63647
14.24923
9.482564
10.11901
10.503
10.6995
11.05234
11.83818
12.82422
13.68197
14.32939
14.78141
15.36056
16.36655
16.78968
16.33904
15.65419
15.51916
15.36561
10.41566
10.87656
11.27374
11.55989
11.86115
12.51439
13.13507
14.22792
14.99214
15.3142
16.08906
17.28576
18.01789
17.65205
16.75936
16.71193
16.70322
11.22949
12.5062
12.84892
12.97308
13.28798
13.58557
13.75478
14.40899
15.41619
16.26742
16.9189
17.85258
18.56661
18.2505
17.49269
17.38202
17.42591
13.27021
13.95746
14.54971
14.8977
14.706
14.67528
14.5742
14.77357
15.64542
16.67043
17.54176
18.1845
18.45599
18.05091
17.7101
17.68445
17.61302
13.65039
14.21873
14.99898
15.49075
15.52196
15.22001
14.98505
15.10785
15.73372
16.63563
17.57892
18.10818
18.05555
17.63094
17.5568
17.60679
17.51625
13.67506
14.05192
14.93025
15.59145
15.60631
14.80229
14.53285
14.88932
15.50072
16.27924
17.22579
17.77002
17.6324
17.16933
17.15522
17.18774
17.11575
14.15693
14.35194
15.05618
15.58765
15.32404
14.2199
13.77391
14.03366
14.48052
15.18256
16.21661
17.02298
17.06368
16.42798
16.4335
16.55323
16.3529
14.43506
14.66238
15.34843
15.56557
15.12841
13.89337
13.31368
13.30154
13.23505
13.52697
14.51076
15.62292
16.22153
15.7311
15.58419
15.80446
15.51305
14.58922
14.67151
15.27247
15.60818
14.84591
13.74537
13.20094
13.20461
12.84355
12.38243
12.799
13.99107
14.87306
14.72624
14.3031
14.55178
14.55711
14.59974
14.55612
15.14912
15.29889
14.78744
13.61635
13.10234
13.25292
13.0455
12.33318
11.87363
12.48364
13.46374
13.65908
13.29539
13.48295
13.85643
13.90573
14.20537
14.50006
14.70115
14.20534
13.32039
12.67191
12.87192
12.91393
12.3957
11.64268
11.52664
12.16471
12.54476
12.33902
12.62861
13.9109
13.16421
13.42175
13.58954
13.60181
13.55116
12.84406
11.98231
11.92595
12.07909
11.95107
11.44427
11.00971
10.89525
10.99315
10.98187
11.46691
13.23932
12.5117
12.54733
12.52476
12.48813
12.5833
12.24549
11.43643
10.86427
10.8954
11.00466
10.94436
10.7023
10.19406
9.740057
9.574148
10.16042
11.84179
11.78532
11.7476
11.57693
11.61065
11.54693
11.62402
11.25277
10.42926
10.22452
10.31229
10.39815
10.40582
9.997195
9.199805
8.486004
8.897574
9.926852
11.04467
11.00337
10.56534
10.81075
10.96091
11.04265
11.19847
10.83749
10.4643
10.33309
10.20417
10.06221
9.800854
9.246511
8.514669
8.500707
9.04215
10.48145
10.14498
10.01627
10.05278
10.42555
10.64918
10.73249
10.74118
10.51621
10.28367
9.967598
9.639441
9.484758
9.416828
9.183099
8.816423
8.674508
6.859514
6.394967
5.930245
5.432043
5.274778
5.470363
5.712803
6.041193
6.472198
7.108481
8.017783
8.597544
9.412205
10.53924
11.19237
10.58863
9.469595
7.593218
7.050661
6.877607
6.880963
6.608206
6.614344
6.303174
6.552017
6.965487
7.853823
8.67252
9.149607
10.08432
11.28071
12.34963
11.85145
11.07509
8.459504
8.179278
7.717592
7.837007
8.089562
8.193634
7.841147
7.681569
7.869702
8.462873
9.379676
10.24857
10.91768
11.79005
12.72367
12.97362
12.36475
9.361458
9.072312
8.787214
8.647186
8.80927
9.180597
9.425806
9.399303
9.500797
10.1045
10.91897
11.40601
11.8841
12.68686
13.54238
14.0342
13.31175
9.755603
9.795862
9.719675
9.268858
9.258116
9.768091
10.47552
10.87618
10.88228
11.54274
12.12975
12.76742
12.88291
13.21435
13.99493
14.40045
14.13274
10.30447
10.14846
10.07882
9.830629
9.622276
10.25674
10.99324
11.87562
12.89431
13.56475
13.87744
13.90596
13.85653
14.1583
14.3437
14.39809
14.49717
10.15459
10.22774
10.37607
10.22036
10.27306
10.6855
11.42475
12.57703
14.06478
14.83177
15.17416
15.12913
15.18628
15.16796
15.20396
14.83852
14.6502
9.983629
10.50394
10.54343
10.42516
10.61029
11.24516
12.18482
13.41156
14.67158
15.33337
15.81785
16.31345
16.55874
16.22373
15.9197
15.78049
15.29375
10.08874
10.55723
10.76531
10.84737
11.23174
12.19012
13.32326
14.2693
14.99499
15.50656
16.19318
17.37979
17.98699
17.60943
16.94482
16.81005
16.5462
11.24681
11.61035
11.93909
12.20089
12.57809
13.38119
14.02854
15.09618
15.8794
16.22615
17.08026
18.46183
19.38344
19.08905
18.18361
18.14915
18.05997
12.39396
13.70028
14.04065
14.15376
14.46655
14.81259
14.89423
15.46848
16.48408
17.35752
18.08639
19.18182
20.03066
19.75789
19.01073
18.96535
18.94435
14.68897
15.39913
15.94377
16.2345
16.03751
16.0152
15.84335
15.93847
16.74479
17.83933
18.86786
19.65797
20.0167
19.60326
19.29654
19.37469
19.28538
15.22022
15.80777
16.52175
16.9086
16.85243
16.53163
16.26446
16.34886
16.93232
17.8923
19.01504
19.72324
19.73724
19.30046
19.28944
19.48542
19.44231
15.3565
15.72576
16.5618
17.1655
17.03345
16.13365
15.83927
16.19652
16.83915
17.67492
18.74263
19.48022
19.46792
19.0069
19.11414
19.31367
19.30339
15.9457
16.1911
16.94213
17.47086
17.00384
15.64258
15.16147
15.46406
15.94492
16.69301
17.83763
18.83191
19.04619
18.46175
18.66409
18.96677
18.77352
16.38912
16.733
17.57514
17.85109
17.18552
15.5474
14.86361
14.92554
14.87444
15.08906
16.19124
17.54347
18.37796
18.00469
18.05741
18.42788
18.1108
16.60931
16.90902
17.75543
18.17777
17.23561
15.6716
14.96952
15.06787
14.74315
14.133
14.5581
16.00419
17.1397
17.15766
16.86687
17.25262
17.32487
16.62139
16.83194
17.6722
17.96057
17.31551
15.8027
15.11902
15.36297
15.1775
14.33521
13.79498
14.56245
15.81791
16.16775
15.86321
16.18548
16.73351
15.90167
16.4199
16.95273
17.30705
16.80878
15.73913
14.94143
15.16889
15.14821
14.49963
13.68959
13.65142
14.48964
14.99845
14.81503
15.21988
16.83392
15.08276
15.52549
15.88145
16.09663
16.15746
15.42938
14.44196
14.29692
14.32134
14.09999
13.62248
13.25253
13.18734
13.35485
13.36164
13.97629
16.17002
14.31633
14.51836
14.6617
14.83348
15.09452
14.85916
14.03538
13.31278
13.2012
13.26214
13.27843
13.12917
12.57535
12.04997
11.86878
12.64315
14.75861
13.52889
13.6338
13.62736
13.82142
13.94623
14.18698
13.91086
13.04103
12.69407
12.68882
12.79645
12.90964
12.48199
11.53366
10.76847
11.41078
12.7209
12.76768
12.85191
12.57152
12.96144
13.25366
13.52149
13.80741
13.47668
13.05027
12.83883
12.65876
12.58003
12.352
11.69441
10.90375
11.06566
11.81043
12.19712
11.98652
11.9994
12.17673
12.66462
13.03289
13.25862
13.33599
13.12906
12.89369
12.51458
12.14532
12.02762
11.94202
11.66321
11.31831
11.26329
6.859914
6.400247
5.935241
5.438663
5.277538
5.469781
5.712167
6.042538
6.475269
7.114004
8.023651
8.604864
9.427373
10.57235
11.24408
10.6532
9.507121
7.614264
7.073677
6.87776
6.881068
6.624887
6.616416
6.306034
6.555325
6.971275
7.859832
8.681661
9.165334
10.11092
11.32212
12.40439
11.9151
11.13069
8.482617
8.198648
7.739599
7.837363
8.089976
8.194025
7.866229
7.689402
7.877752
8.478269
9.397866
10.27115
10.95144
11.84267
12.81753
13.11766
12.47003
9.380581
9.097454
8.808908
8.64859
8.809382
9.180622
9.426321
9.400667
9.502356
10.11384
10.93783
11.45165
11.97091
12.82713
13.74139
14.28527
13.51012
9.824129
9.844719
9.72971
9.274319
9.264099
9.772472
10.47878
10.87926
10.91208
11.58249
12.18414
12.84689
13.04593
13.47078
14.33914
14.77567
14.39969
10.40598
10.23984
10.11472
9.843292
9.644275
10.25934
10.99461
11.88002
12.91223
13.60974
13.97314
14.06046
14.11457
14.55882
14.86502
14.88184
14.84325
10.2679
10.37683
10.46813
10.25155
10.28675
10.69682
11.43462
12.60624
14.16798
14.98078
15.34184
15.36193
15.53352
15.63251
15.71923
15.34695
15.13622
10.14721
10.64661
10.63071
10.51482
10.64976
11.25779
12.2103
13.49006
14.8179
15.44061
15.99905
16.61147
16.95941
16.75873
16.53976
16.44267
15.89886
10.25946
10.73622
10.97469
11.0653
11.41109
12.37341
13.55897
14.52999
15.22145
15.717
16.49431
17.81898
18.53296
18.31803
17.7704
17.69695
17.33274
11.70311
12.15625
12.53086
12.78978
13.15661
13.94917
14.61012
15.63106
16.374
16.70835
17.60052
19.07512
20.09977
19.94728
19.15846
19.20238
19.02526
13.21334
14.6786
15.05261
15.09392
15.33755
15.65738
15.74927
16.26312
17.21426
18.06739
18.83813
19.99749
20.90499
20.69985
20.02266
20.11999
20.08473
15.80044
16.63626
17.16686
17.37174
17.11678
17.03717
16.85571
16.9177
17.64443
18.73016
19.82591
20.69118
21.04386
20.61531
20.40373
20.69027
20.62637
16.45086
17.13456
17.93156
18.36403
18.24959
17.79375
17.43021
17.47824
18.03302
18.98056
20.15784
20.95658
20.9751
20.48895
20.5983
21.01838
21.0105
16.61021
17.11965
18.17106
18.91299
18.7647
17.74096
17.27639
17.53248
18.19508
19.02628
20.10905
20.90971
20.97294
20.5076
20.74035
21.13922
21.10609
17.25246
17.66322
18.71055
19.49002
19.08212
17.61554
16.9509
17.11214
17.54199
18.28079
19.45334
20.52622
20.86217
20.32947
20.69585
21.13388
20.82055
17.72686
18.27182
19.42695
20.03383
19.52017
17.84411
17.00841
16.9666
16.76847
16.84132
17.97908
19.50981
20.52744
20.24679
20.46133
20.90842
20.42331
17.95471
18.48046
19.64787
20.39332
19.70276
18.15174
17.32823
17.36474
16.94489
16.16775
16.5216
18.18205
19.52949
19.66595
19.46811
19.93393
19.92768
17.98165
18.41291
19.53864
20.15558
19.77822
18.35935
17.59963
17.82291
17.59342
16.65098
15.96695
16.8522
18.33227
18.79274
18.51225
18.91759
19.52045
17.25089
17.96381
18.75255
19.39502
19.186
18.28659
17.47602
17.69668
17.65714
16.94783
16.02568
16.00456
16.99784
17.59287
17.41001
17.89824
19.7649
16.3778
16.98997
17.53922
18.01582
18.37101
17.89518
16.94452
16.78891
16.84261
16.61829
16.13656
15.75304
15.71498
15.91677
15.90859
16.62566
19.18438
15.54309
15.88369
16.21473
16.62499
17.14083
17.18557
16.55085
15.84216
15.74597
15.85299
15.92179
15.78503
15.17804
14.58058
14.34606
15.29107
17.79507
14.71075
14.93846
15.09441
15.50047
15.86268
16.34568
16.29255
15.5486
15.25269
15.27175
15.42129
15.58219
15.1581
14.13465
13.31937
14.16023
15.6959
13.94136
14.11537
13.98132
14.54425
15.04846
15.55379
16.05089
15.88215
15.56442
15.40072
15.21943
15.18864
15.03594
14.37986
13.57319
13.88952
14.82458
13.39643
13.257
13.38097
13.71646
14.3784
14.95842
15.39113
15.6241
15.55581
15.4206
15.04403
14.67789
14.64763
14.60652
14.31816
14.0274
14.11528
6.90033
6.404072
5.942628
5.44238
5.278944
5.469325
5.710841
6.041886
6.47701
7.117159
8.02868
8.613018
9.437784
10.58527
11.26255
10.66724
9.518997
7.731898
7.112243
6.881422
6.88146
6.638528
6.62465
6.321935
6.563843
6.976377
7.865795
8.690311
9.179981
10.12522
11.33832
12.4218
11.93422
11.15379
8.628174
8.259133
7.767323
7.838918
8.09049
8.194273
7.888362
7.706535
7.890254
8.495497
9.417372
10.291
10.96981
11.86143
12.83787
13.14083
12.49157
9.529535
9.189997
8.847062
8.651424
8.810789
9.180912
9.426508
9.400778
9.502636
10.11492
10.94073
11.47845
11.99314
12.84538
13.7608
14.30692
13.53379
10.02938
9.990458
9.770451
9.284143
9.267702
9.773794
10.47899
10.8796
10.93509
11.60764
12.21465
12.8547
13.05877
13.49714
14.36739
14.80276
14.42438
10.63019
10.42546
10.23056
9.879568
9.676241
10.26191
10.99557
11.88121
12.91622
13.62134
13.99373
14.08691
14.14579
14.59717
14.91499
14.92471
14.88383
10.50373
10.61994
10.65479
10.3677
10.33584
10.71746
11.44393
12.61319
14.18492
15.01183
15.37941
15.40266
15.5785
15.66673
15.7561
15.40875
15.21816
10.42831
10.91653
10.85843
10.68924
10.75469
11.3057
12.22892
13.50799
14.84197
15.45909
16.03045
16.65683
17.02261
16.82702
16.60916
16.53907
16.02407
10.58187
10.99965
11.19674
11.2547
11.54845
12.47382
13.6525
14.62195
15.29432
15.75151
16.56657
17.91983
18.67725
18.49706
17.96189
17.88776
17.52117
12.26022
12.55403
12.83072
13.06361
13.42135
14.24916
14.94791
15.93475
16.6287
16.88891
17.77035
19.26738
20.35003
20.23159
19.45396
19.52776
19.35105
14.22
15.45044
15.70324
15.70573
15.90634
16.21845
16.27589
16.68378
17.55656
18.39196
19.18419
20.31444
21.27659
21.07285
20.42413
20.61029
20.57738
17.26041
17.83238
18.23271
18.39808
18.08663
17.89961
17.57485
17.49891
18.15519
19.28115
20.43035
21.24284
21.57502
21.08139
20.92473
21.37499
21.37616
18.12555
18.67418
19.44881
19.9058
19.71771
19.0437
18.39866
18.28582
18.80847
19.80903
21.04357
21.8236
21.74398
21.14622
21.33766
21.98356
22.0626
18.30762
18.83527
20.00434
20.8463
20.6621
19.43994
18.61673
18.63565
19.21297
20.02758
21.14149
22.05122
22.10151
21.51675
21.82146
22.43067
22.49037
18.88275
19.43335
20.68373
21.65561
21.29477
19.73837
18.73786
18.60709
18.85547
19.47045
20.68936
21.92212
22.33586
21.7894
22.21884
22.77948
22.48887
19.24611
19.99724
21.42305
22.28106
21.88889
20.247
19.20486
18.94546
18.52993
18.30622
19.42768
21.15535
22.3118
22.11761
22.40107
22.91248
22.37014
19.438
20.15241
21.60341
22.60078
22.12156
20.67843
19.75867
19.70517
19.16942
18.0969
18.28314
20.04666
21.56026
21.81698
21.67715
22.21774
22.1888
19.48085
20.06152
21.39998
22.27113
22.1172
20.86274
20.10943
20.35075
20.08364
18.95415
18.05533
18.88147
20.52502
21.09225
20.83548
21.31532
21.9905
18.71558
19.55649
20.49214
21.33702
21.3822
20.68396
19.94089
20.2317
20.22663
19.4249
18.35634
18.21314
19.26
19.90436
19.71201
20.27065
22.35261
17.67814
18.41868
19.09072
19.7714
20.3889
20.18336
19.37173
19.28138
19.40577
19.17919
18.68021
18.22441
18.12738
18.29701
18.23452
19.01963
21.88477
16.66213
17.13468
17.61541
18.21772
18.95354
19.27577
18.90288
18.34381
18.3041
18.45232
18.55064
18.40971
17.7256
17.00768
16.67708
17.75187
20.57407
15.74806
16.08761
16.39133
16.95077
17.4986
18.21069
18.41414
17.87509
17.71613
17.80204
17.9881
18.19564
17.78095
16.69843
15.79058
16.77742
18.49088
14.9922
15.24375
15.2351
15.90788
16.53183
17.21971
17.92815
17.98142
17.86462
17.82701
17.68733
17.70207
17.61478
16.9955
16.18187
16.62851
17.72934
14.52777
14.43453
14.62497
15.04355
15.76774
16.46059
17.07238
17.51303
17.6824
17.75553
17.45865
17.09785
17.12049
17.14957
16.883
16.65001
16.85845
7.094365
6.473785
5.97276
5.473886
5.30171
5.481388
5.716866
6.04238
6.479451
7.119549
8.032656
8.621724
9.450457
10.59923
11.27648
10.67871
9.536402
8.090395
7.254876
6.925267
6.895451
6.668511
6.629695
6.361673
6.58815
6.988371
7.875249
8.699859
9.194418
10.14281
11.35901
12.43739
11.95152
11.17345
9.158995
8.523662
7.865217
7.863014
8.101038
8.199976
7.919769
7.742545
7.924131
8.520385
9.438453
10.31096
10.99288
11.88473
12.85593
13.16023
12.51162
10.15122
9.626654
9.042862
8.697271
8.827922
9.194729
9.436232
9.401224
9.502827
10.11553
10.94178
11.50093
12.01684
12.86453
13.77568
14.322
13.55453
10.7425
10.58748
10.12515
9.408928
9.311329
9.796158
10.49461
10.88345
10.95266
11.62875
12.23934
12.8574
13.06109
13.50863
14.38242
14.81674
14.44035
11.40533
11.14246
10.78427
10.17916
9.83661
10.31509
11.01264
11.89181
12.91752
13.62493
13.9985
14.09151
14.15018
14.60069
14.93502
14.94325
14.89999
11.37068
11.43429
11.34996
10.85036
10.6219
10.87359
11.49994
12.63234
14.19044
15.01776
15.38591
15.40971
15.58704
15.67272
15.76048
15.42866
15.2403
11.42505
11.84515
11.67109
11.31788
11.17653
11.56068
12.35781
13.56264
14.85784
15.46032
16.03756
16.66687
17.03973
16.84221
16.619
16.5492
16.05126
11.73023
12.03103
12.13977
12.06065
12.14962
12.86325
13.90557
14.8127
15.36383
15.7616
16.59368
17.95304
18.7302
18.55762
18.00505
17.93035
17.56207
13.60454
13.6888
13.84262
13.94327
14.12742
14.80628
15.37003
16.22436
16.78422
16.99966
17.83641
19.33496
20.44025
20.32689
19.50835
19.59047
19.41468
15.69923
16.74048
16.80613
16.66
16.70561
16.89457
16.85024
17.1685
17.95244
18.71839
19.43501
20.53296
21.46238
21.21604
20.5095
20.69656
20.66837
18.86943
19.29149
19.51105
19.58605
19.20432
18.86571
18.33911
18.12752
18.76666
19.86291
20.95347
21.69319
21.90849
21.28438
21.08629
21.52854
21.50586
19.74916
20.22416
20.93052
21.40684
21.22561
20.42525
19.48767
19.09608
19.57859
20.61878
21.86421
22.55647
22.22992
21.39555
21.54577
22.21901
22.29795
19.80621
20.39062
21.64274
22.60269
22.4731
21.19389
20.10066
19.77876
20.19002
21.00285
22.1598
23.06813
22.93174
22.0521
22.19566
22.79538
22.88398
20.26451
20.98101
22.41831
23.58306
23.31771
21.77319
20.59916
20.21684
20.20735
20.62503
21.86682
23.17733
23.571
22.80043
23.07554
23.55751
23.12571
20.64732
21.55856
23.21961
24.30486
24.03464
22.4473
21.31347
20.92613
20.32355
19.76673
20.75147
22.6276
23.90089
23.60954
23.73521
24.12353
23.37323
20.95127
21.77295
23.43992
24.64361
24.32739
22.93903
21.95402
21.88988
21.31277
20.00782
19.92727
21.71458
23.39294
23.66214
23.40806
23.85557
23.65953
21.04762
21.72676
23.2166
24.26823
24.24978
23.06939
22.28352
22.58154
22.32578
21.11837
20.04894
20.76557
22.51203
23.12076
22.78583
23.22187
23.87055
20.25296
21.17147
22.21399
23.18904
23.40714
22.85248
22.12444
22.44528
22.5176
21.73313
20.62572
20.3831
21.40953
22.0535
21.80642
22.34456
24.54646
19.15144
19.9344
20.68344
21.52384
22.33147
22.31497
21.63206
21.58266
21.74713
21.57187
21.10685
20.64109
20.49011
20.63058
20.51912
21.28236
24.2626
18.08243
18.60644
19.15134
19.89197
20.79389
21.29911
21.07781
20.61476
20.61749
20.80543
20.96586
20.89055
20.21485
19.44439
19.02942
20.12944
23.02516
17.09419
17.54103
17.91566
18.56078
19.26308
20.14452
20.49095
20.04287
19.95567
20.10311
20.35304
20.64973
20.2942
19.23713
18.31935
19.36801
21.12258
16.23822
16.64887
16.77413
17.50099
18.22922
19.07197
19.90556
20.04712
20.02177
20.07066
19.97697
20.03005
20.00939
19.48806
18.74848
19.2788
20.47917
15.71118
15.79368
16.13253
16.64573
17.43752
18.24035
18.97023
19.49105
19.74713
19.92696
19.69154
19.34602
19.39169
19.50888
19.3366
19.18975
19.50714
7.389772
6.635599
6.068796
5.552044
5.372624
5.538003
5.754308
6.059902
6.497259
7.132809
8.042439
8.648585
9.467443
10.61271
11.28929
10.6934
9.553131
8.449965
7.479618
7.062445
6.985657
6.737511
6.667216
6.402101
6.619
7.020926
7.886438
8.717577
9.224173
10.16583
11.37829
12.45151
11.96881
11.18723
9.610687
8.825872
8.068039
8.013972
8.190478
8.237082
7.944315
7.763454
7.947185
8.544795
9.463594
10.33513
11.01585
11.90743
12.87596
13.18036
12.52857
10.76303
10.06957
9.346882
8.923656
9.00457
9.291235
9.462261
9.402424
9.503958
10.11617
10.94225
11.52267
12.0382
12.87886
13.79068
14.33666
13.57396
11.60717
11.25247
10.5494
9.705788
9.604948
10.05704
10.63648
10.91408
10.9648
11.64608
12.25879
12.8591
13.06262
13.51056
14.3933
14.83017
14.45473
12.51566
12.09516
11.46077
10.59019
10.22066
10.7184
11.30964
11.99615
12.92069
13.63299
13.99977
14.09324
14.15126
14.60197
14.95301
14.95832
14.91101
12.71664
12.71581
12.35471
11.51469
11.10361
11.38035
11.94058
12.87697
14.25163
15.03264
15.38747
15.4111
15.58821
15.67425
15.7612
15.44398
15.25734
12.94081
13.38253
13.01891
12.35699
11.91078
12.18763
12.93251
13.97481
15.0485
15.51945
16.0535
16.67088
17.04336
16.8456
16.61968
16.5506
16.06758
13.28509
13.71141
13.7333
13.41781
13.11791
13.55939
14.5931
15.34283
15.71541
15.93879
16.6795
17.9967
18.76257
18.58591
18.03002
17.95159
17.58125
15.10652
15.27864
15.35322
15.24842
15.16051
15.67722
16.18331
16.90688
17.3056
17.3511
18.02134
19.44893
20.52214
20.38303
19.54138
19.62261
19.44418
17.03142
18.16693
18.16761
17.89915
17.84885
17.99433
17.85138
18.01675
18.64462
19.22678
19.74664
20.74599
21.6284
21.36002
20.59616
20.767
20.72303
20.0802
20.5931
20.75954
20.82224
20.492
20.17667
19.54605
19.10061
19.57068
20.52419
21.4423
22.0535
22.21953
21.58811
21.34107
21.73329
21.6405
20.85206
21.4056
22.14171
22.70251
22.61433
21.86036
20.87308
20.24773
20.51968
21.44405
22.54966
23.11056
22.69734
21.90192
22.06559
22.68624
22.61143
20.78447
21.47256
22.84248
23.93798
23.9271
22.70462
21.57525
21.12594
21.33038
21.93439
22.95176
23.85556
23.59669
22.76581
23.00185
23.60328
23.45888
21.18765
22.01911
23.60743
24.93457
24.80441
23.34433
22.11159
21.66358
21.59411
21.77375
22.86673
24.15752
24.48438
23.72409
24.1451
24.66075
23.93914
21.57612
22.58826
24.4021
25.65399
25.52223
24.05375
22.86466
22.41199
21.81473
21.15957
21.9779
23.83027
25.0534
24.68965
24.94042
25.40138
24.3829
21.91131
22.81469
24.61844
25.95947
25.77484
24.50558
23.4881
23.40878
22.85001
21.56028
21.40896
23.15087
24.79094
24.98202
24.7666
25.24838
24.85079
22.05322
22.79412
24.36552
25.49618
25.55544
24.52337
23.80969
24.13299
23.90902
22.76517
21.71719
22.38907
24.1029
24.67679
24.30055
24.71497
25.30458
21.32773
22.23405
23.28292
24.28245
24.58008
24.18498
23.61297
24.02116
24.16891
23.43243
22.3617
22.1407
23.15627
23.80593
23.47874
23.93517
26.22248
20.29831
21.00938
21.69627
22.55582
23.42844
23.53246
23.00781
23.10318
23.36165
23.23732
22.81237
22.392
22.26897
22.45479
22.29208
22.96328
26.02417
19.30734
19.7673
20.20345
20.92295
21.86194
22.46734
22.37962
22.04883
22.15914
22.41569
22.63469
22.63781
22.06591
21.32269
20.82104
21.8813
24.81586
18.38581
18.82808
19.08183
19.63681
20.35955
21.31484
21.765
21.41439
21.43008
21.67519
21.98601
22.35305
22.11053
21.12321
20.22079
21.32229
23.15808
17.56175
18.04239
18.09871
18.67705
19.38021
20.29045
21.19162
21.39077
21.44083
21.59125
21.57214
21.66685
21.7224
21.2845
20.59241
21.21432
22.57816
16.99272
17.24501
17.57701
17.96286
18.67758
19.52023
20.32066
20.86984
21.15669
21.40359
21.24439
20.96247
21.04996
21.22661
21.12691
21.09592
21.60599
7.877046
6.934303
6.292469
5.820069
5.673996
5.779939
5.888978
6.094112
6.505619
7.148342
8.061102
8.678149
9.50349
10.65327
11.32938
10.72913
9.589893
9.070285
7.876963
7.349494
7.267499
7.056952
6.972813
6.638898
6.708961
7.047186
7.888529
8.717831
9.244335
10.19197
11.40808
12.47661
12.00354
11.21889
10.36984
9.365377
8.468252
8.337371
8.505211
8.599981
8.305103
8.001628
8.041365
8.573883
9.477167
10.34826
11.03398
11.9295
12.90058
13.20943
12.55425
11.65726
10.80707
9.929258
9.340597
9.339752
9.671349
9.891529
9.752621
9.699417
10.19472
10.96964
11.53761
12.05318
12.87957
13.80608
14.35361
13.5958
12.63362
12.17835
11.32826
10.28139
10.02626
10.46601
11.09449
11.34998
11.29494
11.84403
12.33426
12.8731
13.06574
13.51173
14.39423
14.83794
14.46236
13.61278
13.16577
12.42145
11.38024
10.81456
11.21103
11.7432
12.43751
13.31499
13.91149
14.10917
14.11578
14.15384
14.6033
14.97093
14.97582
14.91119
13.83948
13.86815
13.46655
12.51641
11.92458
12.05768
12.54161
13.41726
14.7035
15.34837
15.55019
15.46878
15.60214
15.67891
15.76174
15.46137
15.27471
14.07887
14.58439
14.2458
13.48843
12.89165
13.04297
13.66043
14.58108
15.58345
15.81647
16.26121
16.79023
17.10379
16.87021
16.62373
16.55128
16.08504
14.41885
14.97061
15.02217
14.591
14.14248
14.44924
15.36695
16.00296
16.26181
16.30757
16.95429
18.18747
18.8762
18.65547
18.05616
17.97032
17.59973
16.14088
16.48209
16.55074
16.35215
16.12099
16.53431
16.96643
17.57971
17.89693
17.86115
18.40837
19.69515
20.65413
20.46446
19.57463
19.64486
19.46531
17.92544
19.21264
19.27745
18.94933
18.81623
18.92892
18.73045
18.77117
19.29982
19.84071
20.26255
21.08371
21.83418
21.454
20.63752
20.79857
20.75208
20.9341
21.52242
21.75622
21.85193
21.5733
21.28443
20.61148
20.013
20.33887
21.25518
22.12549
22.60113
22.56041
21.75894
21.41789
21.80166
21.69781
21.66949
22.22739
23.04445
23.74525
23.76996
23.0908
22.09363
21.33928
21.47592
22.35327
23.43937
23.94128
23.31765
22.24845
22.26088
22.84922
22.74949
21.54959
22.24748
23.70356
24.95899
25.09291
23.9844
22.86107
22.30264
22.43797
23.01652
24.05682
24.94317
24.48692
23.38546
23.4302
23.94366
23.73036
21.96411
22.81634
24.46992
25.93309
25.9553
24.63322
23.41067
22.8365
22.75842
22.96325
24.09433
25.4159
25.62531
24.59645
24.80382
25.24166
24.44201
22.4001
23.42932
25.29234
26.65484
26.6436
25.32183
24.14769
23.55997
22.94481
22.35671
23.25733
25.17319
26.37221
25.78801
25.9025
26.3411
25.1843
22.77389
23.69721
25.55065
26.95446
26.83421
25.68373
24.72886
24.55727
23.96067
22.74381
22.72134
24.56608
26.24365
26.29756
25.95988
26.46246
25.99035
22.94218
23.71637
25.30618
26.43169
26.48985
25.55718
24.95666
25.27984
25.03724
23.96724
23.07295
23.90074
25.69144
26.22231
25.74117
26.14534
26.77117
22.23926
23.15458
24.19132
25.1536
25.43624
25.10301
24.63865
25.11474
25.28738
24.59882
23.64004
23.58185
24.77024
25.53075
25.18492
25.50548
27.905
21.22517
21.94487
22.61785
23.46133
24.29667
24.40327
23.95577
24.1415
24.45389
24.36161
24.00488
23.70676
23.76426
24.1377
24.06143
24.62594
27.7357
20.23804
20.73719
21.1765
21.89865
22.79083
23.33981
23.26791
23.00822
23.18582
23.49567
23.77372
23.8736
23.47594
22.92402
22.53539
23.61098
26.56597
19.31487
19.83033
20.08215
20.63186
21.34124
22.22484
22.61705
22.28471
22.37238
22.70263
23.0756
23.49922
23.38476
22.58722
21.85358
23.03447
24.91766
18.48248
19.07005
19.12233
19.64801
20.35234
21.23389
22.05102
22.20694
22.2987
22.53277
22.59508
22.7506
22.88209
22.5701
22.01336
22.74696
24.23222
17.87122
18.29549
18.62894
18.92525
19.60353
20.45451
21.2056
21.68374
21.96465
22.27144
22.19556
22.00126
22.14571
22.38141
22.3993
22.48498
23.10716
8.621206
7.406669
6.661152
6.272838
6.287497
6.396167
6.399109
6.489579
6.81134
7.371623
8.182813
8.729636
9.523811
10.66473
11.3418
10.74663
9.61425
9.95833
8.429374
7.705717
7.674254
7.64043
7.624821
7.245197
7.190563
7.403566
8.143507
8.896289
9.361784
10.23432
11.41625
12.48155
12.01977
11.24424
11.38202
10.0418
8.890628
8.704224
9.000902
9.246916
8.987635
8.572357
8.444037
8.865692
9.693272
10.49833
11.11572
11.94075
12.91342
13.22461
12.57669
12.72924
11.61001
10.45103
9.753786
9.794943
10.28235
10.623
10.40223
10.11147
10.50649
11.19696
11.6878
12.14329
12.90999
13.8282
14.36061
13.61351
13.72936
13.10211
11.96503
10.75382
10.47913
11.02945
11.83596
12.14811
11.95992
12.27623
12.60274
13.0243
13.15465
13.56313
14.42068
14.8426
14.46443
14.67263
14.18402
13.18304
11.9307
11.30155
11.72746
12.42359
13.26369
14.11518
14.53525
14.4767
14.30821
14.27171
14.68548
15.01832
14.99181
14.91439
14.86596
14.93391
14.34952
13.18621
12.4831
12.59884
13.14866
14.18778
15.54729
16.09472
16.03242
15.70479
15.73232
15.77986
15.82063
15.48684
15.28679
15.08578
15.65628
15.23569
14.31001
13.5823
13.66484
14.25517
15.29059
16.39692
16.56875
16.79139
17.11243
17.30199
17.00704
16.71335
16.59229
16.10291
15.41107
16.02745
16.08684
15.53079
14.89062
15.07167
15.95928
16.67654
17.04146
17.0355
17.54584
18.6383
19.20467
18.88121
18.19586
18.0438
17.63533
17.07575
17.4565
17.58155
17.25723
16.80498
17.0971
17.55145
18.23996
18.67068
18.64931
19.11766
20.29269
21.12736
20.79215
19.76692
19.74943
19.5176
18.78589
20.06288
20.17509
19.75887
19.47955
19.52419
19.33676
19.43425
20.05883
20.67548
21.09411
21.85027
22.4699
21.87898
20.90561
20.97098
20.83775
21.81301
22.3261
22.5443
22.62461
22.32474
21.98631
21.2952
20.69396
21.05477
22.06106
23.01684
23.50438
23.34619
22.27899
21.78829
22.08082
21.87966
22.56894
23.01857
23.7759
24.53204
24.58343
23.87455
22.84787
22.04407
22.15485
23.07633
24.28083
24.88658
24.24816
22.94845
22.75099
23.24655
23.05687
22.39927
23.04873
24.44002
25.71302
25.89766
24.7991
23.64759
23.01933
23.11407
23.68384
24.79734
25.83225
25.47039
24.26006
24.09427
24.4833
24.15773
22.79415
23.66862
25.2501
26.67713
26.7418
25.45487
24.21695
23.56782
23.44893
23.62963
24.75873
26.20144
26.59795
25.60984
25.65585
25.95281
25.01818
23.24415
24.33346
26.15188
27.45072
27.43266
26.1412
24.96343
24.30446
23.64936
23.04887
23.93491
25.92726
27.34129
26.87851
26.89112
27.19266
25.91297
23.62921
24.64323
26.49979
27.82366
27.6347
26.47118
25.51443
25.29033
24.65339
23.43586
23.44794
25.38659
27.25397
27.47345
27.10165
27.47353
26.91379
23.78288
24.68346
26.30372
27.34049
27.28329
26.31152
25.70861
25.99164
25.70212
24.61557
23.75599
24.71434
26.71609
27.45453
27.05082
27.35339
27.89177
23.05179
24.09253
25.17122
26.07374
26.26864
25.88665
25.41494
25.85322
25.97104
25.22679
24.24734
24.25445
25.62401
26.62657
26.4964
26.81839
29.19686
22.00166
22.85933
23.58858
24.43493
25.21008
25.24907
24.77862
24.92405
25.16752
25.00172
24.59897
24.31841
24.51006
25.11286
25.24747
25.93109
29.17671
20.96433
21.63691
22.17294
22.93387
23.78205
24.25258
24.13571
23.82272
23.91467
24.15082
24.39517
24.50279
24.20742
23.82898
23.64644
24.96914
28.09217
19.98899
20.70965
21.08404
21.69433
22.40457
23.21839
23.53576
23.133
23.12866
23.37971
23.72609
24.16257
24.13195
23.48942
22.96993
24.37982
26.40867
19.09753
19.91971
20.12474
20.70903
21.44872
22.30733
23.0394
23.09859
23.09403
23.23751
23.25132
23.43504
23.66232
23.48422
23.09066
24.00277
25.64708
18.41708
19.09963
19.60655
19.97878
20.69632
21.56567
22.26963
22.64758
22.82271
23.03009
22.89273
22.71895
22.96219
23.32116
23.49504
23.74246
24.49779
9.421118
8.125845
7.141295
6.592801
6.638113
6.857252
6.927284
6.970815
7.232618
7.737467
8.455004
8.879623
9.606482
10.68999
11.36346
10.76306
9.623881
10.72169
9.206609
8.258404
8.023611
7.942115
8.040075
7.817929
7.781428
7.9278
8.57046
9.242981
9.63115
10.39198
11.46498
12.51574
12.06096
11.27047
12.05262
10.83969
9.539933
9.127596
9.303381
9.616016
9.54137
9.243955
9.077065
9.317439
10.10867
10.85353
11.3648
12.02968
12.98115
13.31283
12.63338
13.29224
12.37187
11.17638
10.29122
10.14856
10.60821
11.10176
11.08754
10.84826
11.14557
11.73898
12.14985
12.4959
13.09069
13.92826
14.47397
13.6881
14.24391
13.81833
12.72877
11.40218
10.90685
11.32862
12.21748
12.76624
12.77622
13.07236
13.29104
13.60832
13.60534
13.8412
14.54692
14.94596
14.5396
15.17111
14.85663
13.96327
12.6749
11.82318
12.0552
12.72265
13.76344
14.90496
15.45539
15.32331
15.02256
14.82344
15.03986
15.18721
15.09231
14.99857
15.39003
15.58889
15.14102
14.01931
13.141
13.05318
13.46628
14.59411
16.25244
17.02538
16.98496
16.54037
16.35674
16.19165
16.04105
15.58891
15.36639
15.65617
16.32086
16.05249
15.2304
14.41752
14.29798
14.66899
15.65905
16.9974
17.46923
17.82056
18.01516
17.96632
17.46367
16.98935
16.71179
16.17497
16.01047
16.728
16.94875
16.54915
15.87186
15.79461
16.38531
16.97268
17.51061
17.86146
18.60271
19.59369
19.96166
19.44898
18.56102
18.21733
17.72893
17.61062
18.14025
18.46693
18.32541
17.76916
17.74551
17.94484
18.49769
19.03226
19.34751
20.1311
21.34894
22.03685
21.46029
20.1822
19.99813
19.67639
19.20425
20.65746
20.98759
20.71283
20.36094
20.21376
19.77837
19.69955
20.35118
21.22931
22.04016
22.99064
23.52612
22.63342
21.36782
21.30943
21.07618
22.16557
22.81701
23.18102
23.41708
23.23226
22.81628
21.84193
20.99153
21.29108
22.48986
23.86256
24.65266
24.48194
23.10186
22.31071
22.49068
22.2153
22.90942
23.47947
24.32007
25.24917
25.4869
24.7841
23.52405
22.4708
22.43019
23.43461
24.99366
25.98915
25.42875
23.84955
23.36033
23.75421
23.5285
22.6962
23.46138
24.94108
26.34271
26.70248
25.71873
24.40458
23.53354
23.43715
24.01179
25.39368
26.85341
26.6868
25.27086
24.81937
25.09541
24.75768
23.0874
24.07405
25.7421
27.24366
27.44197
26.33638
25.02927
24.14335
23.81894
23.96376
25.278
27.10409
27.81675
26.75583
26.51653
26.63514
25.66825
23.57539
24.77548
26.67302
28.01622
28.08066
26.97771
25.80747
24.92025
24.04953
23.38173
24.39412
26.70573
28.50565
28.13599
27.89938
27.94851
26.59671
23.99961
25.14013
27.08826
28.44089
28.28023
27.26183
26.36991
25.96314
25.10463
23.76749
23.82897
26.0107
28.25895
28.73591
28.25739
28.31786
27.5732
24.15226
25.21338
26.94669
28.00373
27.92346
27.05156
26.56821
26.7644
26.26672
25.00951
24.11301
25.20771
27.51119
28.57643
28.27287
28.32043
28.54572
23.3934
24.58999
25.80356
26.75052
26.93089
26.60453
26.2674
26.71034
26.6583
25.71083
24.63313
24.69097
26.26161
27.59274
27.70226
27.85659
29.93499
22.32575
23.30965
24.18852
25.14196
25.92874
25.97646
25.60641
25.81813
25.95364
25.57782
25.03293
24.75049
25.08184
26.01223
26.42042
27.08257
30.11127
21.29917
22.07118
22.75558
23.65713
24.54922
25.01173
24.95233
24.72916
24.77374
24.81701
24.89266
24.95248
24.75051
24.64406
24.76024
26.19916
29.16708
20.35969
21.16733
21.66249
22.41343
23.20856
24.02463
24.35892
24.03325
24.03804
24.13287
24.28212
24.61605
24.63689
24.2086
23.94281
25.54465
27.53319
19.50101
20.42846
20.73443
21.4197
22.25743
23.15324
23.88527
23.9923
24.03392
24.07741
23.87615
23.9131
24.16372
24.19397
24.05213
25.15265
26.81225
18.83433
19.6623
20.26194
20.7046
21.49552
22.42588
23.14894
23.5483
23.7679
23.92696
23.6121
23.26767
23.49731
24.04893
24.48487
24.87993
25.58836
9.599236
8.44977
7.561633
7.021709
7.001547
7.157937
7.229278
7.282827
7.528243
8.031528
8.746364
9.154135
9.824431
10.82548
11.43062
10.8075
9.670368
10.86551
9.486973
8.654266
8.465284
8.336015
8.344236
8.09972
8.106506
8.275038
8.887424
9.516226
9.898239
10.65852
11.62974
12.60771
12.13503
11.35415
12.17546
11.07614
9.90935
9.582962
9.747213
9.96302
9.816813
9.523825
9.411637
9.634958
10.35989
11.08845
11.64164
12.26126
13.15444
13.44554
12.75701
13.41429
12.57874
11.50734
10.74728
10.6428
11.01227
11.3924
11.3332
11.1514
11.45835
12.00164
12.40297
12.80298
13.44147
14.19273
14.6611
13.84234
14.38023
14.01502
13.01658
11.8353
11.43358
11.79134
12.54868
13.01031
13.03908
13.37253
13.6024
13.91998
13.96326
14.20779
14.87534
15.17662
14.68798
15.32305
15.05963
14.23716
13.08764
12.37139
12.57876
13.13107
14.05457
15.13593
15.73619
15.69147
15.42082
15.23939
15.46236
15.59056
15.35896
15.14125
15.55547
15.81251
15.42953
14.42789
13.69488
13.64889
13.99176
14.9735
16.50651
17.30626
17.37453
16.97191
16.79049
16.63287
16.48285
15.9075
15.53808
15.82503
16.57083
16.37627
15.66246
15.00115
14.97162
15.30251
16.12494
17.29346
17.76704
18.25066
18.49246
18.42251
17.88102
17.39184
17.03567
16.38701
16.1536
16.98567
17.31118
17.02942
16.50149
16.5096
17.0518
17.47497
17.82372
18.14218
19.04019
20.11037
20.43638
19.86848
18.97987
18.57013
17.99407
17.70802
18.36193
18.83172
18.83088
18.37696
18.38445
18.55542
18.97514
19.33905
19.59258
20.52987
21.89757
22.57438
21.96072
20.66437
20.40874
20.00852
19.27775
20.83711
21.3138
21.1302
20.83063
20.75555
20.33643
20.16188
20.67292
21.4669
22.40842
23.58328
24.19262
23.27093
21.92499
21.76764
21.45505
22.22976
22.96642
23.42014
23.72216
23.63932
23.34334
22.39983
21.45705
21.62441
22.71474
24.18989
25.26957
25.29178
23.89767
22.96759
23.01253
22.63116
22.96238
23.60856
24.53117
25.52893
25.86246
25.28877
24.09924
22.97775
22.80718
23.67297
25.27807
26.57412
26.32303
24.80558
24.17119
24.37845
24.01403
22.73705
23.5577
25.12895
26.60068
27.00625
26.15358
24.97348
24.07854
23.86253
24.28237
25.64118
27.3482
27.56661
26.36963
25.84512
25.88734
25.34138
23.14771
24.17365
25.92963
27.49269
27.69225
26.68606
25.5602
24.70981
24.28076
24.2637
25.50613
27.49574
28.60158
27.92362
27.77442
27.66391
26.37298
23.67373
24.90664
26.88313
28.29511
28.34255
27.28218
26.28745
25.4942
24.54604
23.72626
24.63574
27.04094
29.19304
29.27391
29.2993
29.20876
27.46594
24.1424
25.32177
27.34057
28.76021
28.57282
27.54459
26.79427
26.53121
25.65254
24.18008
24.09924
26.29914
28.84249
29.7762
29.6845
29.74196
28.61867
24.32115
25.43298
27.23163
28.33966
28.22281
27.32087
26.93821
27.29995
26.84928
25.4944
24.43914
25.46097
27.98896
29.51379
29.6768
29.86481
29.69048
23.57132
24.81611
26.0979
27.09483
27.25702
26.88872
26.60653
27.20146
27.24947
26.26024
25.03163
24.93362
26.61665
28.39763
29.03091
29.4119
31.21029
22.51509
23.5316
24.49006
25.51942
26.30083
26.29688
25.94839
26.28889
26.556
26.17757
25.50118
25.02388
25.37274
26.68146
27.626
28.66053
31.62418
21.51655
22.30553
23.06537
24.06606
24.97245
25.38526
25.32896
25.21795
25.39734
25.45878
25.42484
25.31124
25.04017
25.17474
25.83279
27.75707
30.82391
20.61389
21.43773
21.98438
22.83517
23.68076
24.46264
24.78281
24.55172
24.69219
24.8253
24.87122
25.03798
24.94798
24.63917
24.81035
26.9894
29.27906
19.7852
20.75017
21.09321
21.85243
22.75594
23.64983
24.35871
24.53041
24.71048
24.81463
24.51241
24.37676
24.50458
24.62167
24.87974
26.52128
28.51626
19.13255
20.03938
20.6792
21.1759
22.02148
22.96519
23.67164
24.09826
24.4383
24.68978
24.31014
23.77654
23.84418
24.45713
25.2531
26.10196
27.05497
9.622646
8.49166
7.639471
7.160873
7.216168
7.405215
7.464495
7.479033
7.71174
8.214155
8.951471
9.446365
10.25774
11.29255
11.78446
11.03322
9.834042
10.88781
9.52507
8.720997
8.582401
8.52757
8.574821
8.326894
8.305203
8.462018
9.075274
9.709402
10.12823
11.02025
12.08652
12.99441
12.41297
11.56728
12.20302
11.11465
9.971148
9.689222
9.929171
10.19258
10.0489
9.720154
9.588973
9.809594
10.53482
11.26851
11.89532
12.65718
13.59585
13.80608
13.02982
13.45232
12.62157
11.56402
10.84565
10.82244
11.24366
11.63172
11.54325
11.32495
11.60758
12.14568
12.55051
12.99042
13.74026
14.60328
15.04331
14.15536
14.4269
14.06081
13.07029
11.92949
11.61141
12.04468
12.81479
13.24697
13.23137
13.51541
13.72154
14.04276
14.1224
14.47319
15.26818
15.56463
15.02719
15.37596
15.11105
14.29555
13.1859
12.55552
12.84458
13.42891
14.33821
15.3722
15.90573
15.81198
15.55064
15.42247
15.74091
15.99936
15.79917
15.53042
15.60252
15.86615
15.49651
14.53506
13.88755
13.94262
14.33936
15.31705
16.80154
17.52703
17.53959
17.13464
16.99277
16.89433
16.85288
16.37399
15.97306
15.8627
16.62081
16.4476
15.78261
15.21885
15.30284
15.68994
16.50775
17.63366
18.04255
18.48532
18.70216
18.63238
18.09752
17.68588
17.46608
16.8211
16.17527
17.0209
17.37691
17.16118
16.73887
16.84378
17.43073
17.8601
18.17748
18.43984
19.29943
20.31695
20.61855
20.03346
19.20128
18.99588
18.47042
17.72191
18.38453
18.88899
18.96421
18.58904
18.6587
18.89056
19.34334
19.69793
19.90176
20.77784
22.09591
22.76229
22.13183
20.84302
20.82608
20.57178
19.29115
20.85796
21.36665
21.23542
20.98473
20.97891
20.62893
20.50386
21.02615
21.77555
22.65531
23.79499
24.41274
23.47502
22.09137
22.11139
22.04304
22.2415
22.98364
23.46012
23.79944
23.77169
23.54885
22.66554
21.76833
21.95671
23.01145
24.42555
25.48006
25.52044
24.12424
23.14631
23.26686
23.16544
22.97713
23.62219
24.56416
25.59645
25.97992
25.47136
24.36062
23.29448
23.13919
23.971
25.51593
26.77974
26.54961
25.04794
24.37797
24.58107
24.4585
22.7605
23.57722
25.16231
26.66945
27.13012
26.33521
25.23956
24.41302
24.21448
24.61361
25.91551
27.56709
27.79241
26.64244
26.10086
26.09254
25.69068
23.19152
24.2127
25.97925
27.58445
27.84826
26.89147
25.83265
25.05926
24.6555
24.61562
25.81804
27.74873
28.84193
28.23054
28.1108
27.9243
26.66884
23.74318
24.97328
26.95809
28.41557
28.53329
27.52153
26.57286
25.84963
24.93326
24.08637
24.96816
27.33522
29.45705
29.59074
29.71948
29.55885
27.78573
24.23602
25.41672
27.4428
28.89972
28.78085
27.80312
27.08615
26.8797
26.04013
24.55259
24.44057
26.61586
29.11637
30.07605
30.12749
30.20592
29.00208
24.42611
25.54326
27.34825
28.48457
28.42928
27.58912
27.23711
27.63849
27.23182
25.88446
24.79724
25.77568
28.25221
29.78457
30.09289
30.43303
30.1511
23.68323
24.93537
26.21972
27.24563
27.46858
27.16988
26.92089
27.5437
27.63161
26.66252
25.41093
25.23253
26.85301
28.65704
29.41612
30.00085
31.74961
22.63404
23.66187
24.6229
25.68682
26.52004
26.58076
26.27336
26.6398
26.94081
26.5855
25.89542
25.33516
25.60594
26.94418
28.0068
29.2623
32.33408
21.64781
22.45801
23.22013
24.25342
25.20286
25.66625
25.65072
25.5663
25.77761
25.87178
25.83356
25.65745
25.30012
25.44036
26.23682
28.41919
31.73694
20.75458
21.62
22.17457
23.0491
23.93509
24.75356
25.09957
24.88848
25.06103
25.23526
25.28887
25.40406
25.22973
24.89428
25.20286
27.67599
30.28654
19.92492
20.95721
21.33298
22.10811
23.03811
23.96299
24.68348
24.86179
25.07265
25.22476
24.94189
24.76463
24.80545
24.86222
25.22461
27.1294
29.45189
19.2657
20.25825
20.96358
21.48835
22.34558
23.30334
24.01278
24.4352
24.80083
25.10722
24.76624
24.19947
24.16953
24.69943
25.54136
26.61789
27.94889
9.643446
8.506526
7.653192
7.177763
7.248821
7.463722
7.563328
7.59866
7.836353
8.326344
9.04586
9.511627
10.3241
11.42072
11.98948
11.29328
10.1763
10.91122
9.542501
8.73527
8.598491
8.55645
8.623965
8.402135
8.414829
8.596334
9.204769
9.814264
10.19859
11.07878
12.19996
13.2024
12.72695
12.00582
12.23322
11.13871
9.989588
9.706305
9.957092
10.23683
10.11801
9.806078
9.702021
9.934128
10.63872
11.34114
11.94655
12.74981
13.82113
14.19332
13.58095
13.48583
12.65234
11.58898
10.86652
10.85128
11.28846
11.69902
11.61393
11.41793
11.71736
12.24483
12.62245
13.04533
13.81164
14.78621
15.42474
14.78074
14.46764
14.1006
13.10136
11.95537
11.64212
12.09505
12.88537
13.33927
13.33849
13.62309
13.81311
14.11397
14.18484
14.54634
15.44191
15.95903
15.71868
15.41405
15.15345
14.32885
13.2143
12.58966
12.8978
13.50822
14.44197
15.48696
16.01744
15.91036
15.63391
15.5
15.83384
16.20421
16.24045
16.27685
15.64923
15.90522
15.52772
14.56251
13.9215
14.00092
14.43166
15.4373
16.93417
17.65224
17.65395
17.23582
17.08306
17.00138
17.06522
16.80661
16.7157
15.90309
16.65105
16.47173
15.80532
15.25056
15.36283
15.78723
16.63413
17.77564
18.1807
18.62146
18.82981
18.74262
18.2242
17.90121
17.86193
17.51385
16.20292
17.0375
17.38975
17.17684
16.76567
16.89462
17.51958
17.9868
18.32598
18.58277
19.4415
20.45645
20.7363
20.15541
19.3739
19.34183
19.11176
17.74183
18.39441
18.89703
18.97626
18.60903
18.69451
18.96546
19.46153
19.84069
20.03763
20.90426
22.21579
22.85011
22.20883
20.94211
21.08013
21.15594
19.30984
20.86722
21.37421
21.24514
20.99902
21.00507
20.68802
20.6034
21.14899
21.89747
22.76446
23.89794
24.49871
23.55183
22.17116
22.25253
22.47949
22.25972
22.99364
23.46805
23.80907
23.78751
23.57525
22.71855
21.86065
22.07477
23.13208
24.53276
25.58537
25.61318
24.20266
23.23375
23.36192
23.43113
22.99823
23.63526
24.57471
25.61017
26.00501
25.5074
24.41966
23.40006
23.28182
24.11861
25.64284
26.88609
26.64562
25.13131
24.46716
24.67475
24.60884
22.78547
23.59629
25.17934
26.69177
27.1688
26.38774
25.30859
24.52741
24.3842
24.80704
26.09271
27.70691
27.9073
26.7431
26.19489
26.19462
25.77646
23.22618
24.24096
26.00646
27.61992
27.90014
26.96002
25.91325
25.17357
24.83475
24.84244
26.04697
27.94215
28.99388
28.36095
28.22708
28.0431
26.74569
23.78739
25.00822
26.99751
28.46341
28.59189
27.60147
26.6667
25.96411
25.10373
24.31548
25.21999
27.57185
29.65251
29.75777
29.86856
29.70033
27.887
24.28724
25.45548
27.49701
28.95478
28.83823
27.88703
27.19301
27.00166
26.20196
24.77197
24.69417
26.8691
29.34262
30.27363
30.30156
30.36945
29.1328
24.48062
25.5831
27.40651
28.54786
28.48627
27.67332
27.35672
27.77771
27.40004
26.10785
25.06163
26.03793
28.49364
30.00135
30.28344
30.60636
30.29861
23.73511
24.99162
26.28136
27.31676
27.53286
27.252
27.04983
27.70702
27.82211
26.90001
25.69404
25.51266
27.10172
28.87868
29.61581
30.17449
31.91188
22.68546
23.73478
24.69071
25.77526
26.59741
26.66017
26.40058
26.82172
27.15761
26.84087
26.19606
25.64244
25.87563
27.17564
28.22492
29.46072
32.54171
21.70011
22.54053
23.32286
24.36326
25.30035
25.75279
25.76889
25.75064
26.01005
26.14153
26.14729
25.9906
25.60225
25.6983
26.4857
28.66541
31.99314
20.80578
21.70715
22.28777
23.17999
24.06004
24.86233
25.21791
25.06665
25.29907
25.51356
25.60502
25.74475
25.55451
25.18026
25.46692
27.94839
30.57819
19.97335
21.04355
21.46166
22.2604
23.19136
24.10621
24.82077
25.04314
25.3186
25.51233
25.25633
25.10216
25.14247
25.16853
25.49363
27.40316
29.76188
19.31426
20.33907
21.09272
21.65737
22.52785
23.48833
24.18624
24.63772
25.06478
25.41319
25.09287
24.54329
24.52188
25.02938
25.82415
26.88574
28.26623
9.668348
8.528307
7.672912
7.193337
7.263046
7.481162
7.583833
7.621362
7.868136
8.349234
9.07321
9.544115
10.35145
11.44818
12.01993
11.32065
10.22127
10.94128
9.564802
8.753041
8.613462
8.573292
8.643589
8.421917
8.436496
8.621674
9.239725
9.8517
10.23192
11.10607
12.22494
13.23317
12.76388
12.06289
12.26868
11.16177
10.00668
9.722485
9.978811
10.26029
10.1395
9.827098
9.72893
9.959955
10.66412
11.36975
11.97471
12.77459
13.85766
14.24461
13.64993
13.52731
12.68
11.61
10.89353
10.88022
11.31425
11.72229
11.63694
11.44218
11.74528
12.27687
12.65615
13.07728
13.83897
14.82403
15.47799
14.85635
14.51867
14.15008
13.1413
11.99331
11.67295
12.12144
12.91014
13.36276
13.36143
13.64688
13.83826
14.14239
14.21658
14.57738
15.48739
16.0165
15.81802
15.47504
15.20756
14.37425
13.25264
12.61959
12.92346
13.53159
14.46384
15.50865
16.04002
15.9346
15.66269
15.53252
15.86815
16.25879
16.31394
16.4091
15.70795
15.95998
15.57373
14.59685
13.94786
14.02194
14.44884
15.45371
16.95305
17.67445
17.68011
17.26658
17.1143
17.03487
17.12315
16.89328
16.88451
15.96663
16.69944
16.50899
15.82974
15.26595
15.37368
15.79629
16.64428
17.79108
18.202
18.64893
18.86182
18.77425
18.25945
17.96207
17.95725
17.74388
16.24833
17.07253
17.41183
17.18923
16.77296
16.89979
17.52413
17.99372
18.33942
18.60276
19.46687
20.48572
20.76714
20.18729
19.41471
19.42101
19.31325
17.77049
18.41414
18.90912
18.98286
18.61294
18.69812
18.96916
19.46805
19.85459
20.05821
20.9279
22.24174
22.87836
22.23408
20.95689
21.11661
21.26275
19.33277
20.8839
21.38457
21.25035
21.00317
21.01078
20.69394
20.61097
21.16391
21.92016
22.78985
23.92387
24.52906
23.58809
22.1961
22.28364
22.5773
22.27959
23.00971
23.47879
23.81548
23.79512
23.58568
22.72874
21.87084
22.0917
23.15899
24.56244
25.61304
25.643
24.23701
23.26082
23.38757
23.50664
23.01913
23.65279
24.58615
25.61932
26.0184
25.52332
24.43515
23.41435
23.30308
24.15405
25.68374
26.92213
26.67619
25.16569
24.49691
24.69914
24.65822
22.80975
23.61706
25.19116
26.70485
27.18824
26.40883
25.32914
24.5462
24.41053
24.85381
26.15402
27.76556
27.95256
26.7853
26.2318
26.22338
25.80688
23.25787
24.26464
26.01942
27.63865
27.92617
26.98538
25.93847
25.19755
24.86432
24.89519
26.12822
28.02914
29.06483
28.41977
28.27905
28.08457
26.77414
23.82283
25.0327
27.01669
28.48703
28.62283
27.62988
26.6962
25.9942
25.13613
24.36677
25.30898
27.68388
29.75574
29.84154
29.93953
29.75621
27.92505
24.32265
25.48486
27.527
28.98442
28.87115
27.91797
27.22716
27.03913
26.24175
24.82552
24.78181
26.99356
29.47283
30.38405
30.39094
30.4376
29.17756
24.51062
25.61851
27.44043
28.57599
28.51936
27.70962
27.39635
27.8235
27.45187
26.17204
25.15478
26.17012
28.64376
30.13896
30.3914
30.68058
30.34207
23.75895
25.02639
26.31369
27.34134
27.5663
27.29382
27.09553
27.76133
27.88691
26.97742
25.79664
25.65454
27.27284
29.04735
29.74416
30.25445
31.95935
22.70685
23.76825
24.72541
25.80903
26.63538
26.7056
26.45096
26.88186
27.23204
26.92987
26.30794
25.79464
26.06998
27.38112
28.38498
29.56913
32.61428
21.71998
22.57257
23.37033
24.40081
25.35732
25.80725
25.82351
25.81326
26.0883
26.23731
26.266
26.14767
25.80976
25.93415
26.69016
28.82263
32.10562
20.82452
21.73642
22.33036
23.23675
24.13903
24.9372
25.28334
25.13346
25.38005
25.61244
25.72464
25.89492
25.75279
25.42246
25.70572
28.14668
30.73179
19.99189
21.06967
21.502
22.3176
23.26449
24.20438
24.91244
25.12348
25.40788
25.61825
25.37811
25.24435
25.32483
25.39491
25.73414
27.6238
29.94713
19.33441
20.36408
21.12893
21.70962
22.59924
23.58634
24.2973
24.74066
25.17136
25.53677
25.2315
24.69428
24.70184
25.25133
26.06096
27.11485
28.47544
9.686544
8.547316
7.692228
7.214995
7.287196
7.511012
7.61121
7.64813
7.888599
8.366188
9.085135
9.553214
10.359
11.45544
12.02543
11.32458
10.22546
10.96042
9.584524
8.773335
8.634882
8.601763
8.674721
8.446738
8.461448
8.643398
9.257008
9.864681
10.24076
11.11192
12.23109
13.23919
12.76994
12.07176
12.29565
11.18638
10.02685
9.744867
10.01152
10.29365
10.17055
9.853571
9.750434
9.976996
10.67552
11.37659
11.97869
12.77976
13.86446
14.25375
13.66465
13.55863
12.70793
11.63208
10.92369
10.91808
11.35287
11.75666
11.66567
11.46354
11.75979
12.2855
12.66112
13.08031
13.84286
14.82977
15.48944
14.87398
14.56055
14.18538
13.17208
12.02823
11.71192
12.16015
12.94536
13.38905
13.37777
13.65604
13.84256
14.1449
14.21849
14.58004
15.49293
16.03051
15.83689
15.52881
15.24879
14.41371
13.29218
12.66031
12.96245
13.56336
14.48498
15.52078
16.04626
15.93724
15.66438
15.53387
15.86997
16.26493
16.32798
16.42916
15.76197
16.0074
15.61603
14.63637
13.98674
14.05566
14.4728
15.46797
16.96045
17.67768
17.68124
17.26748
17.11496
17.03608
17.12751
16.90109
16.90816
16.01676
16.74524
16.5456
15.85989
15.29268
15.39541
15.81063
16.65191
17.79462
18.20342
18.64951
18.86242
18.77489
18.26068
17.96437
17.9608
17.77369
16.28223
17.10072
17.43371
17.20792
16.78903
16.91157
17.53147
17.99803
18.342
18.60415
19.46753
20.48644
20.76801
20.18885
19.41673
19.42365
19.32561
17.79011
18.42991
18.92222
18.99424
18.62208
18.70481
18.97445
19.47242
19.85793
20.06027
20.929
22.24268
22.87946
22.23643
20.96028
21.11839
21.27472
19.3484
20.89809
21.39626
21.25859
21.01009
21.01752
20.70027
20.61601
21.1678
21.92309
22.79176
23.92517
24.53065
23.59119
22.20085
22.28579
22.58677
22.29508
23.02575
23.49
23.82301
23.80369
23.59479
22.73667
21.87634
22.09615
23.1631
24.56569
25.61535
25.6451
24.24033
23.2657
23.39162
23.51132
23.03713
23.66982
24.59596
25.62844
26.02996
25.53467
24.44448
23.42065
23.30854
24.15973
25.68912
26.92669
26.67998
25.17064
24.5035
24.70492
24.66383
22.83315
23.63435
25.20164
26.71685
27.2038
26.42197
25.33887
24.55343
24.41731
24.86144
26.16242
27.77372
27.9599
26.79384
26.24193
26.23272
25.81427
23.28883
24.28484
26.03404
27.65611
27.94679
26.99935
25.94917
25.20638
24.87246
24.90459
26.13969
28.04185
29.0778
28.43389
28.29585
28.10032
26.78579
23.85299
25.05801
27.03864
28.51065
28.64601
27.64545
26.71012
26.0052
25.14524
24.37733
25.32244
27.70128
29.7759
29.86278
29.96381
29.7799
27.94148
24.35024
25.51313
27.55264
29.01138
28.89394
27.93872
27.24404
27.05229
26.25186
24.83759
24.79711
27.01491
29.50048
30.41422
30.42363
30.46974
29.19831
24.53225
25.64552
27.47045
28.60447
28.54086
27.73123
27.41496
27.84071
27.46314
26.18589
25.17381
26.19547
28.6787
30.18095
30.43557
30.72101
30.36814
23.77462
25.04856
26.34228
27.37152
27.59008
27.32117
27.11727
27.78331
27.90277
26.99364
25.82014
25.685
27.31529
29.10457
29.80454
30.3069
32.00008
22.721
23.7865
24.7512
25.84135
26.66828
26.73724
26.48068
26.90918
27.25602
26.95044
26.33629
25.83076
26.11935
27.45346
28.4666
29.64358
32.68232
21.73431
22.58983
23.39369
24.43156
25.39664
25.8457
25.86385
25.84819
26.11828
26.26455
26.30021
26.18875
25.86212
26.01257
26.79164
28.92528
32.20451
20.83909
21.75239
22.35065
23.26348
24.17331
24.98501
25.33261
25.17844
25.41868
25.64426
25.76295
25.93987
25.80509
25.49451
25.81172
28.26912
30.85547
20.00645
21.08383
21.51924
22.34098
23.29435
24.24838
24.96863
25.17902
25.45809
25.66258
25.42337
25.29593
25.38296
25.45873
25.82636
27.74658
30.08243
19.34941
20.3779
21.14551
21.73245
22.62815
23.62763
24.35601
24.80595
25.23785
25.60424
25.29112
24.75931
24.7734
25.32441
26.15505
27.23066
28.60805
9.705603
8.566832
7.707426
7.229246
7.306321
7.535825
7.640853
7.678836
7.916021
8.387589
9.100555
9.563885
10.3659
11.45939
12.02713
11.3248
10.22593
10.98157
9.606194
8.792078
8.648329
8.621626
8.702815
8.47779
8.492904
8.670734
9.277884
9.879183
10.24951
11.11632
12.23309
13.24005
12.76991
12.07279
12.31382
11.20808
10.0461
9.761686
10.0367
10.32596
10.20317
9.88411
9.776686
9.996403
10.68827
11.38339
11.98139
12.78079
13.86497
14.2537
13.66587
13.58961
12.73323
11.65135
10.9473
10.94851
11.38675
11.78928
11.69462
11.48716
11.77703
12.29619
12.66629
13.08202
13.84329
14.82985
15.48945
14.87505
14.60724
14.21874
13.19638
12.0559
11.74368
12.1925
12.9751
13.41368
13.39653
13.66902
13.84971
14.14795
14.21941
14.58021
15.49293
16.0308
15.83765
15.58498
15.28713
14.44198
13.32306
12.69073
12.98998
13.58734
14.50474
15.53543
16.0553
15.94166
15.66606
15.53429
15.87004
16.26486
16.32829
16.42937
15.82019
16.04832
15.65133
14.66677
14.01217
14.07666
14.4905
15.48247
16.97026
17.68251
17.68312
17.26812
17.11513
17.0361
17.12751
16.90125
16.90807
16.066
16.78576
16.57459
15.88179
15.31013
15.40894
15.82237
16.66123
17.79988
18.20559
18.65053
18.86299
18.77506
18.26069
17.96437
17.9609
17.77369
16.31482
17.12446
17.45048
17.22098
16.79872
16.91975
17.53954
18.00334
18.34456
18.60555
19.46868
20.48728
20.76833
20.18893
19.41674
19.42374
19.32574
17.81322
18.44638
18.93361
19.00324
18.62803
18.71022
18.97923
19.47507
19.85952
20.06185
20.93055
22.24405
22.88031
22.23672
20.96041
21.11844
21.27491
19.37241
20.91639
21.40856
21.26712
21.01375
21.02246
20.70452
20.61795
21.16903
21.9247
22.79354
23.92697
24.53207
23.59191
22.20124
22.28596
22.58702
22.32108
23.046
23.50309
23.83166
23.80763
23.60247
22.74178
21.87786
22.09694
23.16426
24.56725
25.61717
25.64685
24.24154
23.26663
23.39214
23.51164
23.06738
23.69124
24.60992
25.63955
26.03837
25.54558
24.44999
23.42232
23.30953
24.16055
25.69028
26.92827
26.68176
25.17245
24.50522
24.7062
24.66459
22.86624
23.65804
25.21723
26.73189
27.2183
26.43416
25.34596
24.55759
24.41902
24.86224
26.16331
27.77497
27.96163
26.79643
26.24486
26.23544
25.81603
23.32697
24.31338
26.05283
27.67674
27.9645
27.00978
25.95884
25.21524
24.87492
24.90549
26.14065
28.04302
29.07982
28.43746
28.30058
28.10529
26.78901
23.89049
25.08928
27.06568
28.53764
28.66667
27.65476
26.72149
26.01677
25.14807
24.37827
25.32393
27.70329
29.77939
29.86812
29.97099
29.78775
27.94639
24.3809
25.54323
27.58177
29.04097
28.91766
27.95442
27.25749
27.06231
26.25415
24.83806
24.79923
27.01916
29.50666
30.42191
30.43365
30.48045
29.20488
24.55295
25.66904
27.49757
28.63304
28.56678
27.75371
27.4296
27.85397
27.4671
26.18688
25.17693
26.20127
28.6862
30.19088
30.4487
30.73448
30.37699
23.79064
25.06729
26.36522
27.39897
27.6192
27.34714
27.13724
27.79889
27.913
26.99944
25.82591
25.69273
27.32463
29.11752
29.82175
30.32447
32.01441
22.73739
23.80539
24.77328
25.86686
26.69752
26.76427
26.5064
26.92963
27.27576
26.96662
26.35081
25.84379
26.13181
27.46916
28.48815
29.66783
32.70771
21.75352
22.61021
23.41436
24.45268
25.4212
25.87597
25.89423
25.8764
26.13985
26.2837
26.31864
26.20505
25.87797
26.03199
26.81857
28.95767
32.24589
20.86047
21.77236
22.36787
23.27973
24.19294
25.01311
25.36385
25.21483
25.45228
25.67215
25.78595
25.95983
25.8248
25.51664
25.84251
28.30764
30.9086
20.02809
21.10118
21.53277
22.35412
23.31175
24.27395
25.00637
25.22209
25.50326
25.70201
25.45723
25.32376
25.41002
25.48771
25.86086
27.78789
30.1392
19.37009
20.39356
21.15844
21.74575
22.64591
23.65277
24.39123
24.85572
25.29295
25.65449
25.3351
24.79957
24.81092
25.36278
26.19803
27.27528
28.66793
