 1
 1
 1
 1
 1
 1
 1
 1
 1
 1
 1
 1
 1
 1
 0
 0
 0
 1
 1
 1
 1
 1
 1
 1
 1
 1
 1
 1
 1
 1
 1
 0
 0
 0
 1
 1
 1
 1
 1
 1
 1
 1
 1
 1
 1
 1
 1
 1
 1
 0
 0
 1
 1
 1
 1
 1
 1
 1
 1
 1
 1
 1
 1
 1
 1
 1
 1
 0
 1
 1
 1
 1
 1
 1
 1
 1
 1
 1
 1
 1
 1
 1
 1
 1
 1
 1
 1
 1
 1
 1
 1
 1
 1
 1
 1
 1
 1
 1
 1
 1
 1
 1
 1
 1
 1
 1
 1
 1
 1
 1
 1
 1
 1
 1
 1
 1
 1
 1
 1
 1
 1
 1
 1
 1
 1
 1
 1
 1
 1
 1
 1
 1
 1
 1
 1
 1
 1
 1
 1
 1
 1
 1
 1
 1
 1
 1
 1
 1
 1
 1
 1
 1
 1
 1
 1
 1
 1
 1
 1
 1
 1
 1
 1
 1
 1
 1
 1
 1
 1
 1
 0
 1
 1
 1
 1
 1
 1
 1
 1
 1
 1
 1
 1
 1
 1
 1
 1
 1
 1
 1
 1
 1
 1
 1
 1
 1
 1
 1
 1
 1
 1
 1
 1
 1
 1
 1
 1
 1
 1
 1
 1
 1
 1
 1
 1
 1
 1
 1
 1
 1
 1
 1
 1
 1
 1
 1
 1
 1
 1
 1
 1
 1
 1
 1
 1
 1
 1
 1
 1
 1
 1
 1
 1
 1
 1
 1
 1
 1
 1
 1
 1
 1
 1
 1
 1
 1
 1
 1
 1
 1
 1
 1
 1
 1
 1
 1
 1
 1
 1
 1
 1
 1
 1
 1
 1
 1
 1
 1
 1
 1
 1
 1
 1
 1
 1
 1
 1
 1
 1
 1
 1
 1
 1
 1
 1
 1
 1
 1
 1
 1
 1
 1
 1
 1
 1
 1
 1
 1
 1
 1
 1
 1
 1
 1
 1
 1
 1
 1
 1
 1
 1
 1
 1
 1
 1
 1
 1
 1
 1
 1
 1
 1
 1
 1
 1
 1
 1
 1
 1
 1
 1
 1
 1
 1
 1
 1
 1
 1
 1
 1
 1
 1
 1
 1
 1
 1
 1
 1
 1
 1
 1
 1
 1
 1
 1
 1
 1
 1
 1
 1
 1
 1
 1
 1
 1
 1
 1
 1
 1
 1
 1
 1
 1
 1
 1
 1
 1
 1
 1
 1
 1
 1
 1
 1
 1
 1
 1
 1
 1
 1
 1
 1
 1
 1
 1
 1
 1
 1
0.8513994
0.8424909
0.83336
0.5557909
0.5609701
0.8360941
0.8401197
0.8418117
0.8104511
0.7753883
0.73611
0.4333402
0.3825511
0.3274642
0.2682464
0.204632
0.1948955
0.5996924
0.5920496
0.8541626
0.8475405
0.5756605
0.8436487
0.5706355
0.5666671
0.5347971
0.7694795
0.7294052
0.4270139
0.3829661
0.3358893
0.4952291
0.2327958
0.2238864
0.6148309
0.6076056
0.6002595
0.8621078
0.8553258
0.8484557
0.571139
0.5638392
0.5331498
0.5007472
0.4666044
0.4305702
0.3925269
0.3524007
0.3099982
0.2651677
0.2539721
0.8779143
0.6026572
0.5952073
0.857345
0.8516992
0.8460394
0.8403341
0.8345529
0.8073552
0.7767721
0.7431823
0.4451953
0.4115897
0.6205539
0.5710458
0.516355
0.2847151
0.6050972
0.597687
0.8595756
0.8523816
0.8479176
0.8434902
0.839062
0.8346386
0.5404404
0.5145364
0.4875202
0.7227356
0.6879642
0.6501225
0.6087993
0.5636858
0.5361325
0.8688952
0.5926128
0.854705
0.8473043
0.5737013
0.8408357
0.8377134
0.8346381
0.8144359
0.7909403
0.7656413
0.7384238
0.7091675
0.6776406
0.3942174
0.3659189
0.5761966
0.8641362
0.5873943
0.8497227
0.8421701
0.8399041
0.8380533
0.8362864
0.8345804
0.8177272
0.797563
0.7761219
0.7533323
0.7290863
0.7032557
0.6757288
0.396382
0.3711985
0.8593345
0.8521034
0.8446294
0.8369326
0.8356277
0.8351275
0.8347462
0.8344345
0.8207221
0.8038197
0.7860628
0.7674295
0.7478024
0.727151
0.7053798
0.6824553
0.3983957
0.8626914
0.8591295
0.8559042
0.8530024
0.8510472
0.8489218
0.8465233
0.8438338
0.8321458
0.8178797
0.5325249
0.5175403
0.5044007
0.491802
0.4790902
0.4663059
0.4426422
0.8720615
0.8734045
0.8750929
0.877097
0.8731505
0.8676105
0.5923268
0.8553351
0.844649
0.561793
0.5489795
0.5358888
0.5269067
0.5193958
0.5119063
0.5045089
0.4840232
 0
0.6195642
0.626358
0.6333956
0.8936534
0.8852224
0.6080921
0.597564
0.5868047
0.5759273
0.5648446
0.5535756
0.5483
0.5454797
0.5427885
0.5402037
0.5227123
0.6219888
0.6333112
0.6447361
0.9180831
0.6497169
0.6369966
0.623602
0.6094884
0.5988844
0.5895981
0.5801756
0.5706221
0.5686618
0.5701675
0.571799
0.5735489
0.5588701
0.6302923
0.6462207
0.6619701
0.6774784
0.6709663
0.6553352
0.6388128
0.6214401
0.6106087
0.6028425
0.5949992
0.5870438
0.5880691
0.5935667
0.5991278
0.6047311
0.5927106
0.637871
0.6571218
0.67559
0.6933258
0.9430156
0.6697613
0.6523674
0.6348234
0.6251994
0.6196394
0.6141387
0.6085856
0.6117499
0.6194991
0.6270888
0.634505
0.6221374
0.6220621
0.6420413
0.6612298
0.6795541
0.9369678
0.669785
0.6605769
0.6516929
0.646628
0.6437154
0.6409142
0.6381792
0.641746
0.6490273
0.6561414
0.6630743
0.6475332
0.6056712
0.6264326
0.6463046
0.6652792
0.9302481
0.6692909
0.6681399
0.6674701
0.6669865
0.6664628
0.6660715
0.6658162
0.6698877
0.6766751
0.6833446
0.6898497
0.6717601
0.5887139
0.610186
0.6308403
0.9132448
0.6619093
0.6682382
0.6750234
0.6821797
0.6862482
0.687956
0.6897454
0.691608
0.6961969
0.7025962
0.7088489
0.7149583
0.6948512
0.8414694
0.5933973
0.8822116
0.9001346
0.9145687
0.666618
0.6812892
0.6959053
0.704506
0.7082268
0.7119782
0.7157654
0.7208709
0.7268928
0.7327631
0.7385083
0.7168968
0.8235389
0.8462081
0.8670189
0.886213
0.6412983
0.664443
0.6869624
0.7087305
0.7218243
0.7273556
0.7328839
0.7383963
0.7440218
0.7496742
0.7551933
0.760595
0.7378949
0.8075879
0.8325279
0.8554682
0.6086023
0.6358631
0.6677678
0.697966
0.7264344
0.7463642
0.7586731
0.7709224
0.783057
0.7856708
0.7786823
0.7708969
0.7623275
0.7333691
0.7944513
0.8220228
0.8472512
0.6016809
0.6334479
0.673601
0.7107221
0.7449765
0.7713335
0.7902732
0.8084619
0.8258623
0.8258193
0.8067669
0.7857879
0.7626972
0.7268299
0.7805819
0.8109485
0.8386186
0.8637865
0.63038
0.6788201
0.7226174
0.7622036
0.7941074
0.8185917
0.8414311
0.862704
0.8614186
0.8329138
0.8004845
0.7635443
0.7200756
0.765909
0.7993661
0.5589073
0.8569249
0.8927711
0.6834372
0.7337229
0.7782307
0.814907
0.8440157
0.8704721
0.8945281
0.892976
0.8572376
0.8150083
0.7649209
0.7131963
0.7504119
0.5174519
0.5494324
0.5797397
0.8888859
0.9434222
0.7440718
0.7931632
0.8339466
0.866874
0.8961333
0.9221256
0.9209787
0.8798413
0.8293032
0.7668464
0.7061594
1.128006
1.106417
1.053882
0.7177717
0.6736245
0.9241048
0.9169919
0.9067481
0.8598673
0.8189344
0.766395
0.4417873
0.3889013
0.3357985
0.2744644
0.2090883
0.1992261
0.9104592
0.8945237
1.118702
1.054071
0.7018142
0.9186581
0.624569
0.6088776
0.567053
0.7995912
0.7527717
0.4367835
0.3955617
0.3498616
0.5046702
0.2425992
0.2345889
0.9462502
0.9514675
0.8770736
1.059469
0.9892887
0.9288225
0.6160288
0.5933117
0.5593085
0.5286641
0.4941847
0.4488025
0.4095391
0.3705074
0.3274008
0.2839298
0.2692455
1.18399
0.928433
0.8402182
1.005038
0.952728
0.9106631
0.8739441
0.8526281
0.8248755
0.7974236
0.7647428
0.4624468
0.4286026
0.6437409
0.6006424
0.5454779
0.303939
0.866546
0.8576773
1.035303
0.9437091
0.9050043
0.8807688
0.8595889
0.8463861
0.5542937
0.5304878
0.5029801
0.7378824
0.7112615
0.6875529
0.647927
0.5927192
0.5550515
1.080161
0.7842817
0.9675433
0.9025077
0.6039587
0.8565361
0.8496518
0.846991
0.829565
0.8088151
0.7853793
0.7627512
0.7417973
0.7184407
0.4304096
0.3890378
0.5914775
1.001107
0.7103157
0.9145192
0.870483
0.8557195
0.8444706
0.8444397
0.8483436
0.835124
0.8195207
0.8012131
0.7831166
0.7622814
0.7370694
0.7034819
0.4128513
0.3824161
0.9088722
0.9000577
0.8665646
0.8456981
0.8432369
0.8449208
0.8523361
0.8620198
0.856285
0.8435673
0.8265465
0.8091204
0.7844393
0.7562985
0.7261685
0.6949755
0.4054917
0.8689085
0.8684043
0.8646799
0.865236
0.8669242
0.871205
0.8785653
0.8861965
0.8811374
0.8686379
0.5921153
0.5933092
0.5731142
0.5284469
0.4976342
0.4786428
0.4479052
0.8748509
0.8816546
0.890756
0.8981535
0.8974389
0.8987873
0.6328296
0.905957
0.903487
0.6276708
0.6518622
0.6929823
0.6798432
0.5835388
0.5294201
0.5164042
0.4879593
0.01055674
0.6370759
0.6507131
0.6662483
0.9361761
0.9403521
0.6778987
0.6942751
0.721764
0.7325496
0.7419361
0.7695434
0.7394317
0.6199255
0.5637618
0.54915
0.5251368
0.6455713
0.6759802
0.7075111
1.005068
0.7613555
0.7645361
0.7572825
0.7706499
0.8188493
0.849867
0.8297452
0.7827466
0.7166234
0.627142
0.5959423
0.5797197
0.5597336
0.6616095
0.7181735
0.7879335
0.8451115
0.8567847
0.8451996
0.840876
0.8587834
0.8924375
0.9112391
0.8685605
0.7675468
0.6809381
0.6301845
0.6143796
0.6076038
0.5928097
0.6747015
0.7511032
0.8449833
0.9085699
1.144086
0.8501729
0.866506
0.9044538
0.9245685
0.9235708
0.8741894
0.7559252
0.6588641
0.6370454
0.6339084
0.6357775
0.6220729
0.672613
0.7548348
0.8489659
0.8962149
1.106105
0.8067993
0.8328722
0.8699908
0.8771115
0.8742982
0.8479435
0.7632349
0.6705197
0.6558372
0.659277
0.6634904
0.6474705
0.6516368
0.73194
0.8033984
0.8195732
1.029401
0.7529341
0.7821837
0.7962909
0.7848101
0.774634
0.7726216
0.7381491
0.6839907
0.6788051
0.6841523
0.6898199
0.6716928
0.6032042
0.6592357
0.7030079
0.969815
0.6917759
0.7012811
0.7283873
0.7362807
0.7252625
0.7118548
0.7111723
0.7087662
0.6990733
0.7028139
0.7088246
0.7148877
0.6947766
0.8429512
0.5997432
0.8924987
0.906942
0.9198264
0.6727763
0.6927518
0.7079273
0.7109231
0.7100776
0.7125103
0.7162098
0.7209359
0.7268256
0.7326798
0.7384309
0.716835
0.8234653
0.8464853
0.867641
0.887128
0.6426428
0.6648408
0.6872193
0.7091697
0.7219175
0.727308
0.7328221
0.7383275
0.7439605
0.7496009
0.7551178
0.7605157
0.7378644
0.8074028
0.8324013
0.8553629
0.6085725
0.635907
0.6677204
0.697863
0.7263235
0.7462758
0.7586197
0.7708742
0.7830071
0.7856183
0.7786301
0.7708367
0.7622764
0.7334077
0.794252
0.8218778
0.8471163
0.6015567
0.6333568
0.6735369
0.7106484
0.744884
0.7712462
0.7902172
0.8084127
0.8258206
0.8257802
0.8067285
0.7857593
0.7626957
0.7268849
0.7803662
0.8107706
0.8384763
0.8636746
0.6302683
0.678745
0.7225544
0.7621187
0.7940302
0.8185509
0.8414006
0.8626747
0.8613913
0.8328848
0.8004414
0.7634919
0.7200817
0.7656814
0.7992042
0.5587522
0.8567852
0.8926611
0.6833419
0.7336515
0.7781575
0.8148306
0.843977
0.8704512
0.8945096
0.8929533
0.8572176
0.8149874
0.7648843
0.7132016
0.7501845
0.5172984
0.5492809
0.5795906
0.8887657
0.9433421
0.743993
0.7930946
0.8338811
0.86681
0.8960977
0.9220962
0.9209511
0.8798272
0.8293013
0.7668529
0.7061582
3.275017
3.278967
3.271451
2.887845
2.707006
2.900791
2.941412
2.972112
2.883662
2.800746
2.729601
2.235169
2.033835
2.079679
2.079238
1.837204
1.574699
3.142359
3.174784
3.426172
3.365403
2.873754
2.89625
2.518233
2.516367
2.476937
2.739486
2.72181
2.287665
2.180021
2.187818
2.299894
1.8768
1.693095
3.088264
3.234073
3.168584
3.300595
3.178774
3.01948
2.59266
2.471635
2.401181
2.43032
2.496404
2.416405
2.246057
2.175692
2.128483
1.994189
1.761197
3.111731
3.035669
3.003248
3.062952
2.96954
2.948571
2.881193
2.735478
2.623223
2.662936
2.7534
2.450172
2.266158
2.36227
2.335158
2.230618
1.767315
2.699045
2.834965
3.062462
2.863648
2.773155
2.803749
2.812105
2.686983
2.287483
2.320351
2.354824
2.578933
2.42783
2.292786
2.261847
2.144978
1.963245
2.935264
2.762227
2.953037
2.805393
2.481572
2.721358
2.690852
2.612458
2.527014
2.501702
2.451963
2.385853
2.309017
2.260697
1.97599
1.846246
1.945162
2.747484
2.642953
2.875321
2.752316
2.725719
2.655649
2.576279
2.532953
2.489529
2.413403
2.333155
2.290464
2.25497
2.220503
2.188065
1.824171
1.699969
2.446294
2.684575
2.708883
2.601835
2.560554
2.531648
2.46224
2.420301
2.407139
2.381435
2.387073
2.432601
2.399527
2.298683
2.217447
2.127805
1.738671
2.28417
2.475411
2.539674
2.474317
2.427924
2.449417
2.463727
2.487611
2.512305
2.49659
2.29962
2.452643
2.478125
2.303452
2.092112
2.000806
1.880588
2.400259
2.514399
2.582048
2.579396
2.561344
2.621583
2.436257
2.78431
2.849485
2.53664
2.529591
2.69213
2.781337
2.569067
2.218323
2.076509
1.985554
1.753131
2.547517
2.658425
2.709396
2.975074
2.981325
2.70995
2.723165
2.812084
2.847695
2.776331
2.79983
2.850935
2.643183
2.29756
2.079203
1.946831
2.531173
2.787222
2.989251
3.34161
3.090958
3.029566
2.889671
2.770481
2.816564
2.923434
2.898376
2.795637
2.729574
2.549919
2.309902
2.103156
1.883107
2.522437
2.791795
3.073137
3.228316
3.190775
3.042143
2.865546
2.745743
2.749915
2.828084
2.841838
2.720188
2.574281
2.415665
2.247402
2.084481
1.855352
2.503983
2.743987
3.014874
3.190145
3.345348
2.830928
2.651126
2.617338
2.621256
2.650433
2.688644
2.617289
2.444223
2.283011
2.151125
2.004125
1.784783
2.541097
2.737876
2.938604
3.065917
3.199804
2.676423
2.486713
2.416751
2.370565
2.364886
2.442475
2.481631
2.364891
2.167818
2.045742
1.904683
1.669248
2.402761
2.626467
2.766276
2.817334
2.990682
2.588612
2.452059
2.338513
2.202338
2.070581
2.119974
2.263991
2.278088
2.095252
1.94448
1.824932
1.605282
2.13115
2.296828
2.437739
2.736359
2.465642
2.447
2.392169
2.349499
2.258983
2.041383
1.901551
2.032467
2.131346
2.027804
1.860463
1.76692
1.623859
2.204928
2.03055
2.418264
2.465313
2.489799
2.250989
2.234953
2.269078
2.273164
2.154185
1.940745
1.871343
1.975901
1.973929
1.846202
1.758931
1.696357
1.933698
2.044151
2.160011
2.238112
2.023995
2.042618
2.018772
2.056609
2.092508
2.064138
1.945388
1.796467
1.809629
1.868815
1.816313
1.779698
1.86786
1.623929
1.733149
1.848966
1.685935
1.758691
1.807256
1.799159
1.780754
1.804456
1.824964
1.812884
1.741695
1.666717
1.659327
1.64185
1.654457
1.819524
1.369219
1.437888
1.513862
1.345724
1.430252
1.530988
1.581939
1.549391
1.553495
1.585408
1.625306
1.633079
1.569235
1.495204
1.450816
1.454227
1.552253
1.158614
1.216678
1.249728
1.295361
1.116696
1.240029
1.347378
1.37588
1.402074
1.435563
1.477778
1.515566
1.488807
1.397587
1.304671
1.289829
1.321021
1.008477
1.052546
0.7998065
1.084623
1.143802
0.9938769
1.114884
1.208817
1.281632
1.341902
1.384091
1.417771
1.409789
1.335121
1.247925
1.225938
1.230585
0.9146696
0.6756174
0.6935961
0.7077518
1.011327
1.091556
0.9418885
1.050699
1.142608
1.230307
1.293087
1.334831
1.340947
1.299944
1.244665
1.19244
1.138505
5.34902
5.36956
5.413056
4.973518
4.645213
4.815512
4.906927
4.973598
4.861373
4.766489
4.68723
4.019074
3.682199
3.86527
4.044819
3.835014
3.475884
5.434559
5.492979
5.804156
5.783641
5.138078
5.002862
4.582743
4.584454
4.530125
4.840662
4.888708
4.365432
4.204603
4.31013
4.486932
4.031909
3.810795
5.485543
5.776816
5.774839
5.910807
5.717651
5.450332
4.906567
4.641079
4.491676
4.586828
4.782855
4.716791
4.472675
4.402096
4.410382
4.307028
4.022265
5.35793
5.514057
5.62015
5.621003
5.452616
5.402315
5.274066
4.975729
4.75115
4.839561
5.050554
4.774259
4.4863
4.504843
4.551603
4.514753
3.985869
4.725539
5.082206
5.452708
5.16422
4.967335
5.007734
5.055677
4.851166
4.349949
4.427362
4.524173
4.766515
4.521969
4.288837
4.297657
4.223218
4.022476
4.841614
4.823399
5.072302
4.83198
4.433272
4.652488
4.65126
4.569867
4.459879
4.461722
4.43365
4.35604
4.207306
4.102325
3.826262
3.691008
3.774321
4.47926
4.535038
4.790169
4.572703
4.502315
4.399605
4.310627
4.300562
4.294795
4.222071
4.135653
4.057673
3.964669
3.882221
3.84255
3.465838
3.319467
3.964914
4.40705
4.458619
4.254044
4.18192
4.157145
4.071034
4.054201
4.099039
4.081108
4.062883
4.110886
4.047962
3.861202
3.72508
3.630101
3.233764
3.776396
4.073289
4.162638
4.031905
3.959416
4.006142
4.057843
4.150144
4.220461
4.138865
3.928366
4.181738
4.233949
3.944524
3.588411
3.479028
3.383439
4.08239
4.215604
4.316468
4.29025
4.217109
4.278958
4.143889
4.558528
4.671066
4.287046
4.21004
4.478367
4.658319
4.336841
3.753609
3.557399
3.538275
3.72818
4.63608
4.792137
4.797905
4.946154
4.869925
4.538183
4.511062
4.643309
4.677212
4.510412
4.547801
4.68747
4.395649
3.822666
3.505723
3.444135
4.714703
5.101168
5.332496
5.614171
5.250962
5.047827
4.721261
4.432026
4.462061
4.623751
4.56619
4.420266
4.37532
4.116343
3.722338
3.446126
3.245013
4.649719
4.975053
5.306049
5.440345
5.27245
4.905392
4.484401
4.192915
4.151799
4.265807
4.299559
4.150863
3.973688
3.737692
3.481949
3.293402
3.081739
4.533095
4.718017
5.03516
5.239332
5.238618
4.405904
3.961769
3.818271
3.775804
3.806606
3.891787
3.841769
3.624225
3.380213
3.190275
3.046295
2.866776
4.542353
4.62637
4.816964
4.97152
4.955447
4.086004
3.603547
3.402165
3.276904
3.248846
3.387698
3.502482
3.3746
3.083535
2.919049
2.799949
2.606795
4.210694
4.382373
4.502316
4.558033
4.645211
3.990568
3.571155
3.282489
2.98408
2.741624
2.838979
3.101459
3.1747
2.92356
2.728195
2.651873
2.466135
3.806369
3.823945
3.992651
4.320056
4.056857
3.883116
3.589635
3.4309
3.174206
2.7249
2.496909
2.74923
2.950237
2.824534
2.598791
2.550715
2.459688
3.909307
3.540538
3.919159
3.990786
4.028179
3.678169
3.458652
3.459675
3.383979
3.073531
2.644691
2.555496
2.761164
2.782855
2.608119
2.554528
2.58139
3.585769
3.577711
3.684433
3.760431
3.516675
3.414034
3.185812
3.201992
3.230069
3.112869
2.809194
2.519887
2.564867
2.691163
2.627261
2.632839
2.92834
3.187861
3.233325
3.313333
3.123597
3.152862
3.086026
2.87328
2.756776
2.783007
2.796896
2.707891
2.510607
2.358367
2.362547
2.360947
2.435438
2.870099
2.846924
2.841804
2.821905
2.61305
2.668888
2.710871
2.589875
2.371965
2.34686
2.391008
2.43095
2.401188
2.258235
2.108542
2.01063
2.047248
2.331375
2.538039
2.543045
2.460982
2.421373
2.200504
2.317639
2.324313
2.158739
2.137033
2.164864
2.215845
2.268525
2.215228
2.036934
1.80678
1.761801
1.878742
2.340368
2.348462
2.010006
2.195095
2.178244
2.017994
2.136114
2.109429
2.068119
2.106848
2.129595
2.152346
2.143332
2.049453
1.862255
1.746959
1.802987
2.265059
1.990017
1.953068
1.888947
2.112916
2.161597
2.040968
2.107839
2.053103
2.054367
2.062046
2.06183
2.063664
2.067182
2.010285
1.856859
1.758469
6.965243
7.029269
7.156213
6.661201
6.228906
6.426857
6.584246
6.70835
6.597828
6.518115
6.447253
5.635413
5.299631
5.787714
6.297834
6.201851
5.751802
7.281295
7.392436
7.809011
7.811914
7.031893
6.804352
6.348269
6.36682
6.34844
6.75491
6.836014
6.184144
6.003661
6.273967
6.584699
6.183393
5.957509
7.531963
8.003221
8.109205
8.242917
8.000386
7.69772
7.039217
6.624613
6.462894
6.7115
7.06423
6.981777
6.639647
6.571174
6.662005
6.62283
6.291308
7.429342
7.901315
8.198384
8.129294
7.916277
7.938021
7.782475
7.312887
7.020725
7.251595
7.642746
7.398013
6.98142
6.909632
7.046488
7.098621
6.509019
6.741268
7.446603
8.023274
7.640301
7.377405
7.564073
7.759721
7.502223
6.922687
7.115024
7.335587
7.600545
7.242689
6.905032
6.972281
6.965585
6.744555
6.838718
7.077193
7.439808
7.122394
6.704846
7.055295
7.249682
7.270612
7.195364
7.29479
7.335672
7.247739
7.019176
6.850962
6.596229
6.466918
6.522145
6.369745
6.61567
6.915956
6.637749
6.592976
6.597407
6.674706
6.857772
7.004411
7.017901
6.961719
6.84201
6.69598
6.57128
6.525274
6.135414
5.950552
5.717252
6.297656
6.359204
6.104109
6.082575
6.182343
6.231009
6.400122
6.640506
6.719035
6.698285
6.739027
6.642727
6.361709
6.171925
6.078879
5.653695
5.465413
5.770372
5.87069
5.728429
5.712148
5.891531
6.10766
6.392086
6.610246
6.542409
6.379615
6.768016
6.832507
6.374839
5.845196
5.740181
5.644189
5.964557
6.055278
6.179283
6.151079
6.066852
6.197627
6.206053
6.806256
7.069426
6.694574
6.613015
7.040655
7.308807
6.794769
5.886878
5.655413
5.700962
5.997612
7.025875
7.222147
7.174007
7.22422
7.078396
6.710296
6.731403
7.026604
7.13561
6.909659
7.006388
7.244005
6.789924
5.877235
5.446992
5.458533
7.15248
7.705559
8.034742
8.310415
7.859649
7.521475
7.002728
6.566103
6.66217
6.948602
6.897329
6.732097
6.70007
6.294896
5.669196
5.286671
5.085601
6.947357
7.362008
7.799263
8.014791
7.803064
7.249934
6.597624
6.144079
6.097824
6.309807
6.416006
6.25851
6.018902
5.649603
5.256689
5.004089
4.769143
6.680162
6.823627
7.209007
7.510539
7.439931
6.362325
5.668215
5.441384
5.399106
5.496119
5.702432
5.704874
5.395951
5.014402
4.743481
4.573548
4.369295
6.638472
6.622335
6.803056
7.007509
6.900695
5.742264
4.968153
4.668717
4.515106
4.526758
4.804823
5.047414
4.884245
4.440389
4.225107
4.109089
3.87359
6.133215
6.213184
6.334646
6.40648
6.425893
5.520595
4.813946
4.368322
3.934831
3.643738
3.866266
4.302585
4.437304
4.057091
3.801555
3.763377
3.527393
5.61097
5.427425
5.649536
6.02227
5.717679
5.33689
4.834663
4.571482
4.13934
3.48219
3.244507
3.678025
3.985764
3.785748
3.453785
3.443424
3.350289
5.614903
5.093029
5.48608
5.591142
5.580275
5.057479
4.68296
4.668766
4.500886
3.975096
3.358362
3.323623
3.643057
3.640991
3.357511
3.337665
3.429263
5.187787
5.094128
5.201377
5.290124
4.99609
4.726042
4.332291
4.366611
4.391715
4.156213
3.643689
3.255564
3.358312
3.517198
3.415178
3.474613
3.952166
4.722671
4.706187
4.75034
4.552274
4.544147
4.327162
3.917462
3.776039
3.835371
3.832417
3.627722
3.288763
3.080566
3.105941
3.126745
3.263435
3.930212
4.278463
4.19257
4.10447
3.893153
3.941744
3.897177
3.580692
3.233369
3.228106
3.304339
3.334872
3.240139
3.000054
2.774197
2.637763
2.710473
3.150756
3.801017
3.739242
3.5848
3.521427
3.304853
3.423586
3.302604
2.966148
2.955043
3.01587
3.087224
3.133943
3.018945
2.718524
2.325034
2.254634
2.42868
3.458758
3.410976
3.012928
3.15785
3.135891
3.027988
3.161524
3.03938
2.940705
2.978457
2.977957
2.972322
2.949532
2.790602
2.430339
2.223222
2.31593
3.343266
3.003695
2.914565
2.799303
2.995155
3.079621
3.021351
3.077604
2.940853
2.884727
2.837056
2.796604
2.802887
2.819786
2.675308
2.380221
2.253038
8.818732
9.040555
9.309066
8.673685
8.077593
8.350692
8.659925
8.889679
8.785252
8.732336
8.751652
7.940339
7.764731
8.761065
9.78294
9.836779
9.209355
9.405002
9.599563
10.1187
10.08951
9.144289
8.828448
8.35674
8.445868
8.493213
9.000587
9.095757
8.351565
8.285795
8.942412
9.613084
9.387967
9.188321
9.862763
10.48769
10.64156
10.73918
10.43544
10.03473
9.205298
8.678871
8.565865
9.012468
9.504421
9.365671
8.949316
9.026218
9.384496
9.558379
9.257865
9.805717
10.55969
10.9558
10.75568
10.5004
10.52819
10.25359
9.6004
9.280272
9.715128
10.30259
10.04422
9.452786
9.341054
9.690704
9.928913
9.328349
9.028612
10.10053
10.81757
10.2771
9.9818
10.31018
10.56412
10.17097
9.535591
9.898133
10.26026
10.49956
9.952826
9.504986
9.711286
9.8412
9.613983
8.991655
9.574644
10.08913
9.68412
9.30879
9.852428
10.21823
10.277
10.2401
10.46833
10.57261
10.43306
10.05423
9.78665
9.59852
9.521012
9.552361
8.327081
8.907659
9.356848
9.06525
9.133883
9.333948
9.621497
10.00709
10.33487
10.47201
10.4488
10.28816
10.07111
9.855321
9.788978
9.406893
9.204906
7.516047
8.39287
8.608072
8.367109
8.479444
8.806568
9.07828
9.50787
9.989514
10.15694
10.1412
10.28564
10.23255
9.846782
9.594918
9.534447
9.114022
7.179544
7.71457
7.975043
7.89537
7.9925
8.391717
8.855356
9.398522
9.786399
9.715839
9.655401
10.3393
10.56102
10.01369
9.35198
9.316572
9.256526
7.926488
8.179081
8.412257
8.394846
8.357195
8.659554
8.911039
9.777364
10.23322
9.86822
9.825958
10.55168
11.06699
10.47488
9.313747
9.155952
9.327559
8.721831
9.917574
10.12561
9.968381
9.94711
9.827243
9.529085
9.70384
10.23412
10.43226
10.15798
10.39593
10.84544
10.30641
9.103366
8.678232
8.84496
10.36072
11.18042
11.62226
11.79588
11.22475
10.76597
10.10546
9.590624
9.813088
10.24147
10.18207
10.00498
10.02038
9.474279
8.62884
8.229991
8.107161
10.03038
10.70588
11.3852
11.70906
11.39822
10.60998
9.741648
9.161759
9.138882
9.451694
9.601981
9.379902
9.032411
8.489825
7.933891
7.65679
7.459971
9.438467
9.697363
10.33052
10.85769
10.72661
9.34786
8.375753
8.093422
8.08806
8.264613
8.595925
8.594795
8.100693
7.518803
7.132337
6.931857
6.73442
9.206903
9.16923
9.491812
9.88313
9.722022
8.226595
7.093753
6.705354
6.562359
6.64589
7.114772
7.495955
7.231116
6.555171
6.275236
6.160217
5.885261
8.506768
8.497029
8.717812
8.891664
8.838985
7.628895
6.546519
5.926339
5.370033
5.068077
5.489995
6.158747
6.34777
5.784903
5.472677
5.503654
5.204093
7.842999
7.460905
7.76675
8.209445
7.843618
7.197831
6.419377
6.025932
5.386214
4.513433
4.328275
5.004487
5.435462
5.138941
4.696509
4.762803
4.677029
7.560866
6.94708
7.380678
7.526657
7.449476
6.722002
6.167428
6.119242
5.811514
5.00386
4.20953
4.286338
4.743863
4.705268
4.302071
4.343545
4.525027
6.939449
6.79506
6.92023
7.031955
6.685106
6.21107
5.630689
5.687523
5.684636
5.263413
4.503226
4.051716
4.246253
4.441051
4.285129
4.401036
5.080281
6.434877
6.359355
6.355325
6.136646
6.077466
5.658632
5.012019
4.875619
4.98374
4.926381
4.552634
4.068279
3.833796
3.89136
3.932053
4.141903
5.058875
5.953157
5.78726
5.617837
5.37585
5.381506
5.161813
4.581273
4.144315
4.191883
4.27979
4.261261
4.073331
3.732569
3.441777
3.293648
3.435389
4.073239
5.320075
5.217917
5.001195
4.904974
4.678466
4.734918
4.419191
3.891662
3.888659
3.962363
4.026268
4.0432
3.840618
3.392306
2.85723
2.810496
3.067937
4.778568
4.72085
4.297567
4.43063
4.429153
4.361591
4.483589
4.251859
4.054154
4.041939
3.98739
3.927676
3.864489
3.604803
3.052346
2.767194
2.922017
4.53211
4.167044
4.065964
3.958073
4.184166
4.33306
4.324764
4.345038
4.119349
3.979096
3.845885
3.738009
3.73102
3.736058
3.479167
3.033281
2.902464
10.70841
11.07488
11.53616
10.76694
9.804171
10.0234
10.48961
10.84608
10.76228
10.7417
10.8931
10.17264
10.19114
11.71259
13.29147
13.50054
12.69283
11.56874
11.94547
12.67032
12.61288
11.32773
10.7395
10.17406
10.31893
10.44812
11.039
11.16448
10.3784
10.50524
11.63479
12.75678
12.74134
12.57754
12.13734
13.01875
13.31467
13.38974
12.94449
12.33643
11.25228
10.56495
10.48321
11.07726
11.68261
11.51956
11.1183
11.4464
12.15677
12.63075
12.45304
12.01386
13.10247
13.6538
13.35859
13.04634
13.01281
12.54333
11.64664
11.27147
11.89993
12.68851
12.42999
11.71158
11.65616
12.30845
12.8296
12.3302
11.09639
12.5481
13.41746
12.75708
12.42841
12.81864
13.01071
12.42647
11.74878
12.32689
12.87578
13.0785
12.33677
11.86484
12.32459
12.69136
12.52279
10.85694
11.80831
12.48763
11.99041
11.63702
12.3074
12.73125
12.77473
12.81069
13.21351
13.40154
13.17538
12.61472
12.31823
12.30249
12.36006
12.41015
9.927685
10.87097
11.49423
11.18195
11.32447
11.65914
12.10847
12.69386
13.23716
13.50557
13.4652
13.19855
12.87301
12.58296
12.55488
12.2543
12.09208
8.925779
10.132
10.54023
10.31954
10.52291
11.03104
11.56131
12.32161
13.06984
13.25857
13.20093
13.40031
13.3094
12.75948
12.44286
12.45772
12.10214
8.526537
9.346163
9.78257
9.772779
9.993595
10.60874
11.33967
12.19072
12.75253
12.69302
12.78779
13.76687
14.08077
13.36511
12.51185
12.52297
12.53873
9.429187
9.912888
10.24957
10.30085
10.37417
10.88792
11.40993
12.56406
13.22976
12.94993
13.08256
14.20294
15.0095
14.3169
12.85611
12.7345
13.04346
10.89236
12.21169
12.42174
12.23702
12.23635
12.2486
12.13538
12.55358
13.38389
13.75629
13.58652
14.15536
14.96569
14.40107
12.93032
12.52197
12.85208
13.32914
14.30927
14.76789
14.84324
14.21727
13.72968
13.02837
12.5673
13.05628
13.75301
13.82358
13.82123
14.06664
13.48034
12.50652
12.16408
12.13614
13.3422
14.24895
15.09188
15.46107
15.04693
14.07182
13.04845
12.40499
12.50322
13.04971
13.37149
13.21344
12.88269
12.25465
11.66364
11.47301
11.34842
12.69937
13.11714
14.01886
14.78069
14.59289
12.94102
11.74534
11.44118
11.5084
11.84281
12.3803
12.42464
11.78154
11.0352
10.6211
10.49507
10.36386
12.31958
12.29491
12.84759
13.53822
13.41865
11.65378
10.20649
9.76431
9.654635
9.854828
10.5876
11.14563
10.75924
9.824731
9.516378
9.450933
9.173834
11.39229
11.28486
11.69985
12.10749
12.11157
10.68406
9.28795
8.564082
7.923549
7.63188
8.328999
9.317181
9.584539
8.799241
8.425778
8.539336
8.170897
10.55853
9.978914
10.42284
10.99699
10.68793
9.822943
8.831732
8.425221
7.666281
6.587525
6.49397
7.533627
8.152212
7.747563
7.17236
7.328595
7.242703
9.931302
9.291066
9.815782
10.03782
9.918011
8.986709
8.28654
8.316916
7.968876
6.907435
5.943258
6.215662
6.91227
6.851182
6.29456
6.405653
6.708959
9.076469
8.96806
9.17727
9.35737
8.961856
8.225463
7.44276
7.601314
7.643907
7.05646
6.04576
5.570619
5.938021
6.189095
5.916736
6.058923
7.040872
8.506068
8.421652
8.421478
8.251656
8.159898
7.478419
6.542656
6.442557
6.64443
6.545413
5.984736
5.35708
5.114179
5.202116
5.218915
5.478925
6.758683
8.023323
7.739152
7.487521
7.274597
7.267434
6.859978
5.973292
5.418047
5.527626
5.624728
5.537285
5.232916
4.768601
4.399039
4.22575
4.44728
5.392302
7.29797
7.073061
6.732703
6.599753
6.377307
6.382637
5.879357
5.119727
5.075957
5.141104
5.17521
5.133966
4.804891
4.175686
3.503838
3.511482
3.911506
6.600223
6.462643
5.942996
6.011867
6.002255
5.967976
6.063323
5.692912
5.34885
5.252509
5.118847
4.977141
4.838415
4.444778
3.69369
3.364962
3.616349
6.22415
5.796953
5.638919
5.491119
5.684555
5.841798
5.84808
5.782985
5.42522
5.176014
4.932995
4.737231
4.69886
4.666884
4.288134
3.730364
3.626777
12.35746
12.61284
13.04701
12.19613
11.12798
11.20904
11.80005
12.33613
12.23211
12.20777
12.53989
11.95055
12.16958
14.19791
16.36154
16.83943
15.94358
13.47445
13.95516
14.85167
14.90355
13.41257
12.40199
11.5931
11.71076
11.92225
12.63333
12.85348
12.04019
12.30404
13.89639
15.53726
15.86246
15.84255
14.06877
15.26937
15.84233
15.98544
15.4626
14.64683
13.23409
12.1559
11.98894
12.7254
13.44987
13.2852
12.88649
13.46795
14.59896
15.49006
15.58714
13.7861
15.28672
16.14916
15.85658
15.5353
15.47985
14.77829
13.48536
12.91005
13.66421
14.63366
14.39309
13.57858
13.59217
14.57475
15.45964
15.22929
12.73629
14.5748
15.69744
15.01661
14.68319
15.12827
15.22183
14.39811
13.62652
14.37682
15.06173
15.21967
14.32689
13.83609
14.54946
15.21763
15.23553
12.35661
13.61559
14.48289
13.98377
13.66113
14.40446
14.84076
14.86629
14.99671
15.57704
15.79504
15.47748
14.76799
14.44639
14.59557
14.8162
14.94655
11.21947
12.41914
13.20578
12.92246
13.11495
13.50738
14.05173
14.83889
15.65368
16.07837
15.9825
15.61814
15.22227
14.87545
14.8808
14.66387
14.56126
10.05186
11.4676
11.99722
11.80421
12.05164
12.64694
13.38561
14.50723
15.53643
15.71938
15.60491
15.85916
15.74294
15.084
14.75181
14.85229
14.57818
9.566617
10.54506
11.07311
11.0858
11.33831
12.07356
13.04374
14.18727
14.92309
14.89384
15.14626
16.39548
16.78354
15.91997
14.941
15.05683
15.18986
10.4369
11.06544
11.47041
11.54135
11.63319
12.24138
12.95181
14.33784
15.19968
15.08146
15.47563
16.99688
18.06449
17.23828
15.51656
15.54342
16.03743
12.17249
13.5863
13.81837
13.61794
13.60588
13.66669
13.66922
14.29012
15.38462
15.97866
16.06954
17.09305
18.27437
17.61828
15.88475
15.62527
16.1741
15.14669
16.20266
16.68276
16.72427
16.05871
15.51663
14.77207
14.42301
15.20125
16.19164
16.52926
16.90366
17.47183
16.80575
15.7246
15.54347
15.67758
15.63772
16.62691
17.57097
17.9978
17.5107
16.3285
15.12039
14.49234
14.83886
15.71681
16.32299
16.41156
16.23911
15.58062
15.03704
15.02803
15.05878
15.28208
15.7291
16.83228
17.79649
17.53973
15.56412
14.0826
13.76402
14.00737
14.66149
15.5333
15.73593
15.05914
14.28003
13.99624
14.09833
14.15458
15.0383
14.9724
15.75714
16.76564
16.66836
14.56961
12.72736
12.19801
12.15075
12.61016
13.72691
14.51366
14.02644
12.96534
12.82341
12.99669
12.86606
14.15654
13.9071
14.56082
15.29377
15.41963
13.74636
11.95277
11.08648
10.34381
10.11684
11.17341
12.5293
12.864
11.91324
11.65527
12.00159
11.67395
13.36937
12.59965
13.19174
13.99409
13.86258
12.83076
11.56695
11.08159
10.12772
8.829115
8.905759
10.39064
11.24051
10.75396
10.13845
10.48895
10.47963
12.50635
11.86856
12.47973
12.849
12.81777
11.78837
10.92958
11.01587
10.5647
9.168882
8.042413
8.602789
9.653278
9.655199
9.007365
9.244613
9.719201
11.45253
11.41309
11.71633
11.99323
11.65009
10.75355
9.806021
10.12954
10.29192
9.503509
8.135725
7.62469
8.271642
8.70063
8.387749
8.599923
9.970568
10.77686
10.70973
10.75354
10.68264
10.63669
9.780928
8.600892
8.602114
9.04317
8.980879
8.184225
7.335709
7.08953
7.267206
7.315443
7.709098
9.512582
10.27031
9.886298
9.608405
9.49198
9.541676
9.06437
7.926118
7.246988
7.517091
7.756896
7.690745
7.281902
6.668055
6.173791
5.954207
6.356354
7.780378
9.499076
9.169425
8.75596
8.639924
8.490058
8.547621
7.956931
6.970638
6.877039
7.023949
7.134742
7.112072
6.683382
5.849969
4.947886
5.047725
5.709911
8.728135
8.522896
7.94598
7.990531
8.011526
8.081924
8.232083
7.778938
7.296906
7.122868
6.95248
6.790571
6.638339
6.140242
5.130072
4.768055
5.190807
8.284843
7.802361
7.61048
7.452513
7.622544
7.787027
7.84991
7.757713
7.332028
7.016346
6.674907
6.41758
6.380502
6.351121
5.847692
5.145595
5.020484
13.87029
13.83843
14.01272
12.97044
11.68946
11.87097
12.59684
13.20283
12.99093
12.84239
13.30159
13.04958
13.65487
16.22806
18.92662
19.72327
18.86547
15.25825
15.83327
16.69581
16.68644
15.00697
13.81095
12.80389
12.73574
12.83084
13.54621
13.92039
13.23687
13.65967
15.64554
17.81415
18.53509
18.7617
15.84396
17.38006
18.10898
18.25499
17.77747
16.99413
15.33237
13.69677
13.16949
13.95245
14.90684
14.77946
14.32173
15.09203
16.62012
17.9358
18.33954
15.43709
17.3245
18.48129
18.19104
17.84913
17.86605
17.06937
15.36658
14.38897
15.15347
16.32884
16.14163
15.22561
15.23647
16.47339
17.68377
17.74602
14.40332
16.52017
17.84819
17.11829
16.69566
17.2348
17.33097
16.26911
15.31357
16.15577
17.01203
17.16705
16.12033
15.53177
16.38282
17.31202
17.607
13.95781
15.37537
16.31598
15.751
15.40989
16.22858
16.71144
16.72088
16.93114
17.69334
18.00677
17.58701
16.6712
16.24125
16.46132
16.84136
17.1704
12.65582
13.95029
14.74091
14.41638
14.62686
15.06514
15.682
16.65318
17.75697
18.39082
18.28079
17.77516
17.22995
16.76871
16.77263
16.66683
16.70571
11.3291
12.80485
13.30929
13.06433
13.32488
13.97663
14.85978
16.26679
17.56362
17.79093
17.66247
17.95236
17.78445
17.02244
16.66459
16.85176
16.69248
10.75047
11.73374
12.23478
12.20033
12.4342
13.22754
14.34255
15.69572
16.58236
16.62775
17.07612
18.60969
19.12223
18.14853
17.01675
17.21363
17.46672
11.63626
12.22769
12.6081
12.63836
12.66296
13.24032
14.04448
15.59626
16.66342
16.76268
17.43029
19.3598
20.74746
19.81853
17.81597
17.97898
18.64136
13.60218
15.01651
15.24457
14.99077
14.8585
14.79537
14.72881
15.46111
16.84696
17.73756
18.1276
19.58677
21.14691
20.40872
18.42003
18.32204
19.0644
16.95417
18.04232
18.5562
18.56334
17.77568
17.0099
16.02942
15.68625
16.73571
18.07473
18.74632
19.50111
20.37169
19.63315
18.47618
18.48189
18.76126
17.80998
18.8133
19.8318
20.32651
19.73575
18.21915
16.66359
15.95272
16.50375
17.7516
18.72498
19.09432
19.07305
18.39428
17.95349
18.17556
18.35272
17.73862
18.10946
19.32009
20.45532
20.15514
17.82441
15.88929
15.43516
15.81818
16.83658
18.12814
18.54732
17.84724
17.06493
16.99416
17.41194
17.64453
17.59988
17.45565
18.36255
19.57406
19.47776
17.11138
14.76281
14.00253
13.99258
14.75879
16.34417
17.41204
16.84979
15.70915
15.84641
16.38454
16.4103
16.73618
16.42018
17.22229
18.1595
18.3038
16.46004
14.2527
13.12087
12.23994
12.10662
13.57582
15.33398
15.75417
14.7031
14.69665
15.39464
15.13714
15.88307
15.14941
15.87666
16.82135
16.77201
15.5572
13.9846
13.30354
12.14723
10.74044
11.06312
12.96342
14.03511
13.50392
12.98014
13.65443
13.76713
14.83704
14.33566
15.07756
15.59428
15.61107
14.42073
13.33195
13.32432
12.6893
11.05735
9.932806
10.85473
12.21596
12.28342
11.62491
12.09151
12.78813
13.72078
13.79141
14.20827
14.61367
14.3597
13.31201
12.15297
12.4774
12.59432
11.53995
9.933492
9.552199
10.53675
11.11863
10.76684
11.09703
12.90864
13.04818
12.99649
13.10956
13.18778
13.27415
12.35984
10.9618
10.8846
11.37944
11.19772
10.14024
9.177381
9.035461
9.330786
9.400777
9.958581
12.35712
12.52982
12.07122
11.8144
11.85887
12.0877
11.67225
10.36859
9.490564
9.761681
10.04653
9.921032
9.383026
8.634435
8.02023
7.779542
8.451893
10.43709
11.71955
11.32513
10.90447
10.88043
10.90972
11.12769
10.53733
9.355612
9.145993
9.343202
9.514286
9.47927
8.910633
7.794382
6.654353
6.962859
7.988165
10.94284
10.70936
10.11731
10.19423
10.32357
10.55872
10.81475
10.32708
9.741228
9.499159
9.329122
9.213233
9.078894
8.393688
7.01779
6.677859
7.394212
10.53597
10.04669
9.841011
9.694077
9.890679
10.09924
10.25961
10.22659
9.825679
9.522749
9.118265
8.816739
8.829482
8.798846
8.104816
7.235173
7.092701
15.8977
15.55128
15.38885
13.76787
11.95132
12.03412
13.04589
13.84881
13.35271
12.97421
13.50972
13.42305
14.4931
18.01611
21.3574
22.20683
21.42934
17.45538
18.09456
18.99756
18.94084
17.15364
15.50076
13.99186
13.3874
13.3292
14.02915
14.47576
13.8377
14.45233
16.93155
19.70936
20.85695
21.24928
18.02027
19.84484
20.77378
20.96573
20.62314
19.78681
17.60558
15.23388
14.42982
15.24562
16.20866
15.94141
15.40461
16.39341
18.36296
20.06448
20.60283
17.70437
19.90131
21.33904
20.9829
20.47276
20.49524
19.55251
17.34698
15.96915
16.97534
18.13513
17.83898
16.78168
16.75471
18.16939
19.61018
19.84714
16.95043
19.24748
20.65199
19.74057
19.02596
19.56738
19.6787
18.34569
17.11359
18.06258
19.12923
19.19485
17.93555
17.17327
18.05419
19.15378
19.64881
16.36319
17.95097
18.79637
18.00748
17.49063
18.26598
18.76263
18.73108
18.97605
19.92362
20.38055
19.83662
18.67148
18.0505
18.24236
18.70581
19.14244
14.82172
16.2685
16.94924
16.39764
16.47464
16.82457
17.43991
18.56336
19.94813
20.81553
20.67712
20.03419
19.32727
18.68632
18.62728
18.56434
18.63945
13.31288
14.90845
15.33174
14.84346
14.94171
15.52969
16.44474
18.06108
19.59767
19.8757
19.74027
20.11685
19.92494
19.02635
18.57083
18.7511
18.62288
12.58318
13.6496
14.11471
13.90424
13.92148
14.59697
15.73913
17.22622
18.24895
18.37303
19.03212
20.8955
21.57878
20.50481
19.15615
19.31458
19.61084
13.39939
14.09976
14.53884
14.51586
14.3134
14.63585
15.335
16.96594
18.21615
18.51647
19.43162
21.76246
23.50004
22.50427
20.15788
20.34276
21.11661
15.47613
17.08784
17.42068
17.1854
16.89379
16.56494
16.21755
16.86927
18.46705
19.6146
20.25316
22.0843
23.98399
23.16738
20.884
20.86481
21.7493
19.01928
20.32721
20.96828
21.03134
20.23925
19.28851
17.88284
17.24682
18.45709
20.10141
21.03819
22.05964
23.12248
22.30373
21.05715
21.19741
21.58493
20.02453
21.20782
22.38198
23.05521
22.53721
20.82512
18.78458
17.72251
18.34692
19.8973
21.16063
21.70161
21.73296
21.01805
20.66019
21.07565
21.36612
19.95766
20.49286
21.91697
23.31993
23.14691
20.70383
18.2513
17.38071
17.77156
19.0823
20.73479
21.29879
20.49793
19.68985
19.79729
20.47856
20.82546
19.70932
19.74954
20.94672
22.47622
22.51371
20.12363
17.37779
16.08798
15.91544
16.94962
18.99581
20.31576
19.60484
18.33673
18.71018
19.534
19.62709
18.75747
18.64483
19.77478
21.05239
21.36416
19.56429
17.12847
15.55356
14.24803
14.10534
16.01594
18.18804
18.64664
17.41798
17.58783
18.56119
18.29947
17.74081
17.27224
18.3474
19.58573
19.7631
18.54988
16.87129
15.98943
14.46625
12.77442
13.28715
15.60509
16.85384
16.22355
15.72428
16.66292
16.85335
16.60855
16.35129
17.38435
18.18667
18.37749
17.18246
16.06898
16.02912
15.1604
13.175
11.9524
13.19858
14.81492
14.87884
14.1628
14.84386
15.75325
15.53473
15.72767
16.35498
16.97211
16.9161
15.91488
14.72072
15.0679
15.09783
13.75897
11.91127
11.63885
12.88153
13.52007
13.09185
13.52709
15.77512
14.93605
14.9256
15.11145
15.37212
15.65383
14.86329
13.43169
13.31499
13.80946
13.50987
12.29072
11.28069
11.21117
11.55072
11.59022
12.24939
15.20333
14.41377
13.97723
13.78126
13.96529
14.37122
14.11761
12.87868
11.95403
12.1781
12.47753
12.34011
11.75832
10.91686
10.16555
9.825953
10.6612
13.18772
13.57725
13.23956
12.901
12.97715
13.14111
13.51824
13.04556
11.88291
11.62684
11.80538
12.0175
12.0185
11.40309
10.04696
8.720184
9.248975
10.59506
12.80164
12.6375
12.13503
12.30218
12.50451
12.87226
13.23178
12.79406
12.22337
11.99187
11.82473
11.75692
11.63659
10.72546
9.132162
8.979871
9.975496
12.4383
11.99666
11.86642
11.78365
12.03655
12.3126
12.54823
12.57515
12.25487
12.04975
11.65954
11.30795
11.32579
11.17486
10.29051
9.383053
9.350372
18.13464
18.08866
17.85943
14.36663
11.95938
12.03469
13.06629
13.93138
13.38514
13.01399
13.55089
13.48023
14.73862
18.80525
22.92539
24.24869
23.40883
19.47108
20.41866
21.56956
21.64452
19.93145
17.83404
15.07933
13.50982
13.46062
14.03936
14.51571
14.06747
14.94394
17.74919
20.93597
22.55452
23.12188
19.90925
22.07856
23.33737
24.00661
23.99032
23.17911
20.24381
16.70341
14.90293
16.03138
17.42038
17.14366
16.43297
17.54742
19.7291
21.73386
22.4511
19.58212
22.18236
24.11689
24.04203
23.25157
23.06379
21.87409
19.30212
17.87123
19.13662
20.25679
19.68315
18.34139
18.31917
19.79969
21.37363
21.6745
18.89512
21.62125
23.38525
22.51399
21.37516
21.65609
21.78722
20.22255
18.95392
20.2097
21.44093
21.33485
19.80641
18.8978
19.74564
20.89248
21.43481
18.14306
20.09839
21.12245
20.2724
19.57635
20.19666
20.70015
20.5903
20.83953
22.06963
22.8365
22.21813
20.75238
19.92558
20.03929
20.46383
20.91643
16.44197
18.17296
18.95126
18.31982
18.34716
18.65046
19.22727
20.46667
22.09956
23.21004
23.14895
22.39157
21.49613
20.68762
20.47646
20.37537
20.40978
14.86171
16.64377
17.12247
16.55745
16.63363
17.26022
18.18902
19.93722
21.66659
21.97915
21.86589
22.34931
22.17304
21.15769
20.53614
20.64536
20.4409
14.10068
15.28281
15.83172
15.64496
15.62582
16.25099
17.36205
18.89776
20.00729
20.18701
21.04037
23.24953
24.16941
23.03993
21.45234
21.48827
21.7093
15.02298
15.8073
16.36508
16.45039
16.21805
16.36004
16.8962
18.52019
19.91093
20.37774
21.51256
24.22488
26.3435
25.34201
22.70757
22.79617
23.58936
17.27881
19.02633
19.46398
19.31843
19.03848
18.59355
17.98638
18.44651
20.19585
21.60567
22.49514
24.64603
26.87511
26.0009
23.46757
23.41168
24.38287
20.99896
22.45281
23.17678
23.30259
22.59369
21.61435
19.92457
18.9265
20.21716
22.19367
23.43403
24.69435
25.89672
24.98355
23.62481
23.82398
24.29133
22.05908
23.35044
24.66401
25.53034
25.1501
23.35898
20.95613
19.52574
20.15391
22.02632
23.64581
24.39037
24.43494
23.63227
23.29513
23.8513
24.22583
21.85637
22.5245
24.18141
25.87602
25.89252
23.46508
20.61975
19.30606
19.60425
21.20224
23.29758
24.12729
23.24026
22.32576
22.54685
23.41886
23.82
21.46368
21.65355
23.18333
25.07816
25.30268
22.96441
19.97199
18.17797
17.7032
18.9337
21.49165
23.22026
22.4707
21.02234
21.56605
22.56984
22.62432
20.37075
20.46108
21.96167
23.63324
24.1715
22.45834
19.92455
18.0126
16.19831
15.88677
18.25443
20.95432
21.59759
20.20899
20.46378
21.59891
21.21515
19.23652
18.999
20.44262
22.0439
22.54328
21.40043
19.68759
18.72807
16.84618
14.71158
15.31871
18.12526
19.67722
19.01206
18.46937
19.56256
19.71324
18.10788
18.03423
19.36312
20.51222
20.97724
19.84617
18.75648
18.78244
17.73962
15.34041
13.89093
15.45973
17.40073
17.50001
16.66915
17.47798
18.54779
17.10606
17.39061
18.20634
19.06313
19.25746
18.38107
17.18714
17.61424
17.63935
16.05103
13.9132
13.71292
15.22735
15.93416
15.41923
15.92835
18.55094
16.51152
16.55441
16.8279
17.27838
17.78394
17.16803
15.74989
15.64023
16.22463
15.86629
14.50283
13.43316
13.43871
13.82359
13.82839
14.59177
18.0613
15.93048
15.56697
15.46931
15.80663
16.36539
16.278
15.18082
14.31956
14.57308
14.92133
14.78424
14.15478
13.24593
12.38636
11.93164
12.9834
16.02716
15.07329
14.83582
14.61053
14.79666
15.07755
15.57907
15.24231
14.17791
13.9961
14.21673
14.46448
14.4966
13.9019
12.46197
10.95986
11.67719
13.31258
14.31217
14.24257
13.84811
14.10834
14.38886
14.86301
15.31883
14.97461
14.50713
14.34096
14.18159
14.15645
14.12191
13.14557
11.43521
11.46684
12.7456
14.00064
13.60563
13.56192
13.55991
13.88309
14.23374
14.52968
14.60715
14.39783
14.33123
13.97811
13.62317
13.7324
13.56064
12.55343
11.66993
11.82644
20.09249
20.06966
20.34511
17.02874
14.02767
12.84699
13.16164
13.95889
13.38836
13.02284
13.59669
13.49603
14.80636
19.05302
23.58083
25.23876
24.73025
21.41101
22.56528
23.98663
24.69936
23.6727
21.6788
18.3603
13.87005
13.61421
14.0533
14.58323
14.27896
15.29598
18.22962
21.70372
23.51844
24.34761
21.75474
24.27478
25.89634
26.93912
27.1957
26.54013
23.58768
19.26777
15.6264
16.75181
18.3291
18.01715
17.27472
18.5294
20.8483
23.11054
23.86536
21.33731
24.3098
26.62291
26.70189
25.81436
25.48997
23.97556
21.51927
20.20317
20.81986
21.96374
21.50851
19.95699
19.78665
21.39695
23.0756
23.22501
20.50987
23.57936
25.52713
24.67827
23.42175
23.53135
23.38452
21.70554
20.73734
22.35551
23.77364
23.40966
21.60522
20.61627
21.53604
22.62553
23.03068
19.57739
21.75966
22.85113
22.01487
21.34373
21.87056
22.16189
21.85474
22.18235
23.96293
25.11197
24.42594
22.75061
21.76645
21.82484
22.15965
22.58694
17.74574
19.60232
20.46323
19.85218
19.9173
20.23058
20.7011
21.88309
23.64456
25.03914
25.13556
24.38608
23.44696
22.42146
22.09147
22.03216
22.10814
16.19152
18.01468
18.56067
18.02803
18.14211
18.81244
19.73076
21.44673
23.16941
23.46402
23.41433
24.09861
24.01826
22.93348
22.15995
22.2693
22.10397
15.64909
16.74462
17.32476
17.19494
17.14968
17.73273
18.79577
20.2566
21.3596
21.56618
22.56989
25.08958
26.29459
25.20801
23.39567
23.32876
23.55509
16.93755
17.5284
17.99897
18.07804
17.81303
17.85245
18.23108
19.77351
21.25456
21.91048
23.23887
26.26284
28.75926
27.79954
24.88439
24.86534
25.70966
19.50852
21.0788
21.32566
21.05001
20.7304
20.25869
19.48076
19.72952
21.54375
23.22173
24.36403
26.80517
29.33784
28.43866
25.67793
25.60065
26.6493
23.4666
24.71488
25.22594
25.22382
24.50655
23.49186
21.5779
20.24304
21.52548
23.79075
25.39691
26.93587
28.26181
27.23711
25.83347
26.13593
26.67942
24.49583
25.62479
26.82821
27.7165
27.39062
25.51259
22.75306
20.94678
21.50106
23.61626
25.6285
26.64567
26.69553
25.77707
25.53653
26.28312
26.75379
24.10904
24.68136
26.38775
28.21483
28.32114
25.90652
22.72246
20.92548
21.02472
22.78755
25.25629
26.39249
25.47075
24.4548
24.85147
25.96308
26.43159
23.50185
23.72152
25.43124
27.54625
27.87374
25.57583
22.39085
20.12714
19.22021
20.43481
23.36049
25.45956
24.78305
23.22157
23.95627
25.18434
25.19919
22.21199
22.45675
24.20945
26.13314
26.81398
25.19215
22.57243
20.40218
18.0769
17.31578
19.92778
23.08281
23.97911
22.54132
22.88391
24.18739
23.68468
21.03375
20.94975
22.63962
24.45729
25.18978
24.15432
22.35237
21.34882
19.23766
16.55928
16.93066
20.1006
21.97153
21.34735
20.78151
22.00965
22.11663
19.94508
19.96519
21.4486
22.78557
23.44592
22.40758
21.28938
21.38062
20.27495
17.55217
15.68118
17.30469
19.52912
19.68349
18.74607
19.65131
20.89054
18.91703
19.25162
20.13766
21.08592
21.44663
20.72995
19.53453
19.98684
20.07441
18.34904
15.90722
15.55311
17.20712
17.95572
17.33487
17.88344
20.84676
18.1832
18.24986
18.55378
19.10524
19.75985
19.33639
18.03773
17.92742
18.56659
18.22258
16.77083
15.55913
15.49609
15.8629
15.77804
16.59571
20.51443
17.48691
17.15526
17.1113
17.54379
18.19139
18.24096
17.32791
16.61547
16.93777
17.33219
17.23244
16.57233
15.56965
14.57469
13.8989
15.09354
18.57219
16.59195
16.42377
16.24713
16.48195
16.82624
17.41085
17.21289
16.29765
16.24148
16.52805
16.80701
16.89872
16.36741
14.88273
13.08887
13.90836
15.80103
15.82464
15.83108
15.48762
15.76962
16.07402
16.5934
17.10957
16.88257
16.59599
16.56537
16.44481
16.47723
16.52779
15.50869
13.66808
13.83058
15.35392
15.53218
15.17939
15.16646
15.19377
15.52604
15.89104
16.2145
16.35751
16.32183
16.4767
16.22408
15.85102
16.0023
15.83863
14.74794
13.87273
14.17396
21.56052
21.7136
22.18661
19.3795
17.16875
16.69465
17.10631
16.2507
13.72312
13.04371
13.65094
13.55988
14.95026
19.31558
23.85219
25.47659
24.91293
22.88581
24.35572
26.0697
27.05006
26.47017
25.04863
22.43227
17.99861
15.59179
14.31136
14.79719
14.62085
15.82722
18.61273
22.04983
23.95849
24.81927
23.20442
26.03772
28.01411
29.29415
29.81752
29.38136
26.39398
22.18223
18.74775
18.57885
19.48233
18.8439
18.05863
19.28022
21.76384
24.17493
24.79985
22.72608
25.9387
28.53287
28.84964
28.14992
27.88075
26.16079
23.30658
22.35153
22.88038
23.44857
22.88037
21.41385
21.21641
22.68429
24.47994
24.75628
21.84193
25.12051
27.25291
26.57511
25.47144
25.63805
25.36458
23.23194
22.20652
24.48639
26.49319
25.88963
23.72422
22.33875
22.76911
24.00536
24.64132
20.8658
23.21808
24.48864
23.77202
23.26488
23.87297
24.05139
23.44984
23.6361
25.9238
27.58279
26.76354
25.06104
23.57591
23.29676
23.58688
24.1727
19.11557
21.0912
22.07536
21.5745
21.72333
22.11341
22.54667
23.60177
25.20216
26.63857
26.98289
26.39705
25.56452
24.08901
23.53572
23.45589
23.60926
17.78469
19.59803
20.16435
19.70188
19.89198
20.62143
21.53974
23.08334
24.48344
24.55385
24.6734
25.73483
25.7356
24.50695
23.52295
23.63344
23.52727
17.53435
18.46808
18.9642
18.853
18.85262
19.41938
20.3821
21.64301
22.54875
22.66344
23.80648
26.67295
28.15951
27.23754
25.11705
24.85353
25.13371
19.00128
19.37869
19.70635
19.71746
19.4362
19.44943
19.7218
21.0802
22.50769
23.268
24.75842
28.07605
30.94607
30.07909
26.84049
26.61816
27.5675
21.59195
22.9687
23.01114
22.59569
22.23796
21.81064
21.0123
21.0943
22.84949
24.70193
26.05957
28.74535
31.5443
30.61928
27.64171
27.46957
28.58755
25.56277
26.59929
26.84248
26.74525
26.09007
25.13394
23.14676
21.61159
22.8023
25.21871
27.12892
28.91068
30.32399
29.22658
27.76015
28.12444
28.71361
26.54407
27.44044
28.44994
29.35537
29.1586
27.38772
24.50112
22.403
22.80228
25.01711
27.32906
28.59365
28.66241
27.64954
27.44506
28.37317
28.94365
25.95542
26.41445
28.11273
30.02942
30.22578
27.93316
24.69447
22.57288
22.37298
24.11763
26.86329
28.29342
27.40125
26.28393
26.76635
28.10021
28.6457
25.16582
25.45648
27.29679
29.55945
29.95749
27.71593
24.50161
22.05103
20.77348
21.69131
24.81563
27.2263
26.71213
25.09432
25.91456
27.3426
27.31686
23.90234
24.22929
26.17388
28.27538
29.02983
27.4586
24.76013
22.51995
19.99332
18.72154
21.22378
24.72949
25.89045
24.48915
24.86541
26.30909
25.70727
22.85573
22.80692
24.6608
26.61533
27.45461
26.4374
24.49624
23.47661
21.37895
18.41489
18.39229
21.66907
23.84241
23.28779
22.6871
24.01336
24.1358
21.81712
21.88152
23.45624
24.87453
25.56144
24.53216
23.32284
23.43021
22.38565
19.6174
17.46973
18.93981
21.35288
21.55505
20.49511
21.44137
22.877
20.75424
21.11684
22.04015
22.98596
23.36569
22.73793
21.52879
21.94932
22.14585
20.47216
17.964
17.46385
19.11348
19.86754
19.12198
19.6327
22.89452
19.96157
20.0069
20.30622
20.90785
21.60339
21.23975
20.0615
20.03188
20.71792
20.45679
19.0714
17.87177
17.74781
18.03761
17.8497
18.6532
22.90645
19.23367
18.90613
18.85764
19.32605
19.99518
20.06325
19.21478
18.61094
19.01805
19.49568
19.50436
18.97042
18.04463
17.00818
16.15159
17.38478
21.10826
18.3273
18.2326
18.0591
18.27007
18.61843
19.20323
19.01479
18.16083
18.22575
18.63141
19.01522
19.25215
18.88527
17.48372
15.58645
16.44193
18.44546
17.525
17.66953
17.35493
17.58249
17.85387
18.36766
18.84979
18.62616
18.47201
18.624
18.60721
18.71636
18.87873
17.92834
16.08678
16.31483
17.96989
17.14341
16.9641
17.00456
17.01928
17.3056
17.63535
17.92787
18.04217
18.08232
18.42097
18.32234
17.98616
18.17511
18.08268
17.01003
16.14312
16.53128
22.20944
22.40561
22.97251
20.49526
18.63604
18.39426
19.37013
19.37999
17.56388
15.47326
15.01171
14.04769
15.19407
19.49303
23.91131
25.49629
24.92822
23.60851
25.10208
26.92452
28.14871
27.86689
26.72237
24.42667
20.16825
17.99912
16.72852
16.91756
16.02349
16.69014
19.0928
22.24944
24.10414
24.85559
24.02221
26.86553
28.96473
30.42244
31.14368
30.94561
28.13372
23.85835
20.23552
20.21553
20.89654
19.99656
19.15605
19.87043
22.21314
24.55636
25.00543
23.66414
26.89839
29.60244
30.03475
29.47751
29.37998
27.74967
24.80271
23.51841
24.04917
24.85262
24.44793
22.87512
22.44771
23.20353
25.08355
25.28499
22.97313
26.22961
28.40796
27.79264
26.8145
27.12798
26.91999
24.74712
23.5064
25.68495
28.00307
27.72964
25.80526
23.84049
23.34043
24.7078
25.46781
22.18117
24.47031
25.73469
25.02336
24.61385
25.35285
25.5904
24.98075
25.09468
27.29289
29.10495
28.54428
27.00581
25.38509
24.15713
24.38215
25.29687
20.60173
22.52085
23.44328
22.89645
23.07905
23.56814
24.10969
25.21098
26.76884
27.97981
28.23276
27.83541
27.16707
25.67697
24.59675
24.44802
24.6995
19.40869
21.18634
21.64963
21.10761
21.3087
22.11662
23.14856
24.70407
25.95673
25.72737
25.66113
26.96579
27.25388
26.1188
25.03709
24.80454
24.59609
19.22561
20.1438
20.50186
20.3091
20.30566
20.87522
21.83263
23.0616
23.9136
23.93745
25.07061
28.1372
29.96849
29.35814
27.16912
26.63643
26.68618
20.62234
20.93543
21.11184
21.03543
20.722
20.76473
21.0823
22.41229
23.86447
24.71942
26.35196
29.90043
33.12362
32.48476
29.05795
28.66042
29.77286
23.00142
24.35242
24.21902
23.67882
23.32951
23.03535
22.3697
22.45522
24.19867
26.19533
27.7985
30.72684
33.78241
32.96973
29.90909
29.66927
30.90909
26.90729
27.92834
27.96483
27.77787
27.21972
26.44523
24.57714
22.99085
24.11809
26.66737
28.86947
30.9265
32.45843
31.38211
30.02143
30.46757
31.09153
27.81683
28.68526
29.60198
30.53265
30.42989
28.81426
26.03301
23.84725
24.16327
26.43858
28.994
30.51384
30.68395
29.68262
29.61289
30.72166
31.42313
27.07947
27.56689
29.33732
31.3617
31.65199
29.45224
26.26687
24.0778
23.80194
25.51053
28.41313
30.07224
29.31391
28.25293
28.83966
30.40091
31.13714
26.24677
26.59368
28.57139
30.99767
31.50072
29.32439
26.10287
23.56525
22.26035
23.06483
26.19457
28.84215
28.53656
27.0111
27.9056
29.52206
29.62757
25.03075
25.38116
27.48242
29.76725
30.6304
29.12944
26.3362
24.00252
21.48762
20.13105
22.51925
26.1983
27.61684
26.3019
26.73362
28.35367
27.83039
24.06153
24.00787
25.99688
28.1018
29.0394
28.05695
25.98639
24.89308
22.82745
19.87321
19.77394
23.04021
25.44163
24.97678
24.39777
25.85372
26.09506
23.1514
23.19558
24.81556
26.2923
26.98344
26.0078
24.76976
24.81431
23.81544
21.11402
18.98907
20.42173
22.92649
23.19032
22.08035
23.05145
24.70425
22.22494
22.51495
23.37691
24.27246
24.6465
24.09139
22.96237
23.39595
23.64275
22.0502
19.63393
19.19332
20.86994
21.64223
20.87324
21.32625
24.87118
21.4887
21.45847
21.65522
22.20819
22.88313
22.51577
21.38881
21.45677
22.1987
21.9916
20.70074
19.62208
19.60444
19.94499
19.7979
20.67229
25.21963
20.801
20.46147
20.35037
20.75023
21.3463
21.36615
20.5123
19.96485
20.43902
20.97295
21.05945
20.65796
19.92296
19.00977
18.19225
19.60345
23.53177
19.93907
19.91301
19.70852
19.82846
20.08313
20.58459
20.32225
19.44793
19.59009
20.1
20.54978
20.87381
20.67161
19.45357
17.75803
18.83487
20.96953
19.14298
19.41088
19.11218
19.25564
19.42684
19.84752
20.21202
19.88799
19.76743
20.04672
20.11828
20.26442
20.53242
19.70839
17.97322
18.35169
20.17702
18.66581
18.64206
18.75058
18.76326
18.97203
19.19651
19.35879
19.33657
19.32352
19.73279
19.74943
19.51064
19.75828
19.71967
18.70755
17.94036
18.49846
22.92525
23.1149
23.8629
21.72776
19.97839
19.48441
20.303
20.4653
18.85178
16.85052
16.59525
15.92617
16.97129
20.97302
25.02706
26.48505
25.63655
24.43258
25.75175
27.65177
29.18439
29.13507
27.88266
25.41633
21.12359
19.0171
17.75698
17.94347
17.22004
17.97919
20.11693
23.16823
25.40869
26.38565
24.9714
27.5759
29.65863
31.29949
32.26857
32.13893
29.20654
24.77906
21.11385
21.1166
21.78485
20.88747
20.16273
20.77307
23.26814
25.67454
26.60471
24.73243
27.77293
30.38352
30.8414
30.46501
30.53467
28.8906
25.76983
24.35909
24.89736
25.75628
25.35911
23.92275
23.65877
24.06713
25.95958
26.5349
24.18194
27.29076
29.33261
28.63111
27.70346
28.1957
28.09656
25.82302
24.40908
26.5458
28.92004
28.68222
26.93453
25.25523
24.5462
25.51359
26.4331
23.4783
25.67623
26.79824
25.97085
25.51012
26.35286
26.74347
26.11348
26.09046
28.21269
30.01344
29.48263
28.08922
26.73207
25.56522
25.51995
26.38927
21.94575
23.80594
24.64524
24.01756
24.07443
24.53786
25.2071
26.40932
27.92474
28.99847
29.10882
28.63068
28.07435
26.77659
25.83352
25.78426
25.8922
20.77678
22.53185
23.0025
22.39727
22.43576
23.12883
24.20929
25.88656
27.14328
26.74694
26.45804
27.70502
28.13925
27.26699
26.37619
26.21181
26.05373
20.60935
21.56491
21.96353
21.66075
21.47663
21.88666
22.77434
24.04141
24.93881
24.90989
25.98485
29.07097
31.09737
30.8231
28.91738
28.32302
28.60507
21.9134
22.31285
22.4814
22.27387
21.8032
21.73338
22.00639
23.31222
24.80966
25.74259
27.43843
31.0858
34.5012
34.14029
30.98504
30.59299
31.99674
24.15766
25.57604
25.45025
24.81356
24.3776
24.06391
23.40203
23.44193
25.1601
27.24242
29.0028
32.10549
35.29694
34.64759
31.81404
31.74054
33.12749
28.09207
29.11848
29.08556
28.84245
28.35244
27.64149
25.79097
24.1256
25.138
27.73461
30.12231
32.39304
34.03302
33.00779
31.85804
32.56136
33.35778
29.0146
29.77675
30.63066
31.60988
31.6293
30.12779
27.38515
25.11939
25.28481
27.56329
30.27129
31.99621
32.28447
31.31988
31.41382
32.77577
33.78839
28.15749
28.58794
30.37743
32.4614
32.86642
30.79484
27.67104
25.40528
25.02225
26.68079
29.68436
31.54932
30.93457
29.93182
30.64341
32.44334
33.55789
27.30143
27.65374
29.66723
32.15028
32.72799
30.65455
27.50724
24.87888
23.53581
24.27133
27.40241
30.2637
30.17481
28.74546
29.75327
31.5901
31.98496
26.16617
26.50542
28.64688
30.98727
31.87523
30.44529
27.71203
25.28435
22.74728
21.3528
23.71196
27.53592
29.21902
28.05212
28.60462
30.44761
30.14915
25.27869
25.21636
27.24287
29.36658
30.27539
29.29799
27.28721
26.14151
24.0801
21.14799
21.05567
24.36718
26.98169
26.68811
26.21431
27.84355
28.28379
24.46672
24.5115
26.11491
27.53444
28.11649
27.099
25.92171
26.0094
25.05735
22.44898
20.41376
21.93015
24.559
24.95
23.90148
24.90502
26.74361
23.61549
23.87437
24.65548
25.44211
25.72885
25.11338
23.97175
24.46301
24.79295
23.29837
20.98681
20.67559
22.50191
23.42324
22.79064
23.24025
26.99767
22.89467
22.8467
22.94704
23.43202
24.04653
23.59036
22.37924
22.45614
23.25895
23.11481
21.90292
20.93157
21.06135
21.60356
21.6685
22.75261
27.6457
22.17881
21.90462
21.76387
22.10466
22.61174
22.52326
21.54982
20.93397
21.41806
22.00295
22.15959
21.84894
21.27645
20.57292
19.96772
21.75703
26.02785
21.29728
21.40452
21.22263
21.2773
21.44423
21.8377
21.43316
20.41206
20.50786
21.0691
21.58598
21.96214
21.87239
20.83094
19.36887
20.76001
23.09375
20.45471
20.89808
20.67383
20.76121
20.84794
21.1782
21.40601
20.89969
20.65928
20.93694
21.07691
21.29171
21.64514
20.91369
19.26574
19.80518
21.82209
19.86322
20.04814
20.26614
20.29453
20.43343
20.56398
20.60945
20.42363
20.24682
20.57582
20.61489
20.48509
20.82537
20.82129
19.86908
19.21722
19.90723
23.72655
23.58359
24.50149
22.86402
21.58054
21.18856
21.73129
21.50546
19.65138
17.5005
17.08039
16.2618
17.27565
21.36214
25.6281
27.40954
27.63744
25.42491
26.28676
28.09308
29.98994
30.50334
29.56051
27.05467
22.4508
20.00504
18.47898
18.46249
17.56392
18.24115
20.3476
23.53852
26.26296
28.26036
26.10693
28.23751
30.04843
31.86077
33.36328
33.70084
30.89286
26.26821
22.30103
22.00219
22.44293
21.32648
20.44559
21.00741
23.59253
26.4229
27.9838
25.93739
28.57458
30.82492
31.267
31.2751
31.89045
30.53162
27.3122
25.6228
25.91295
26.55276
25.93151
24.29733
23.94898
24.38979
26.57203
27.54981
25.42814
28.23544
29.87617
29.0145
28.2695
29.25032
29.62733
27.40432
25.74369
27.6384
29.80551
29.35322
27.40803
25.63025
24.89812
26.02384
27.26381
24.72116
26.76266
27.47886
26.39001
25.95447
27.10175
28.03442
27.69724
27.50266
29.33533
30.89076
30.19116
28.65543
27.19592
25.97824
26.0092
27.11914
23.17801
24.99018
25.47633
24.55057
24.53568
25.11454
26.18575
27.87513
29.47439
30.21495
29.9403
29.26942
28.61812
27.26346
26.27784
26.25617
26.54589
22.01913
23.7845
23.99905
23.12484
23.03257
23.69293
24.95259
27.09951
28.65783
28.06475
27.3398
28.2898
28.65184
27.79476
26.92273
26.75311
26.72402
21.89857
22.90565
23.16413
22.60902
22.19116
22.4656
23.3766
24.95424
26.27897
26.2665
26.97749
29.75858
31.71682
31.50084
29.68147
29.0979
29.4811
23.18227
23.67443
23.78226
23.26996
22.46836
22.25644
22.54683
24.01513
25.91691
27.10494
28.63179
31.97659
35.25953
34.92331
31.8886
31.58396
33.1158
25.27708
26.85406
26.68848
25.72867
24.98182
24.57693
23.93469
24.06894
26.07698
28.50853
30.33904
33.23008
36.20455
35.46377
32.75212
32.84732
34.38126
29.15375
30.34179
30.30487
29.75698
29.05784
28.24799
26.38393
24.75123
25.90883
28.83328
31.47593
33.69649
35.09166
33.85518
32.80081
33.73138
34.69175
30.10892
30.94937
31.80375
32.68414
32.52536
30.87897
28.07257
25.77759
25.95786
28.47485
31.52987
33.37882
33.49127
32.23982
32.37531
33.98733
35.19313
29.12885
29.63277
31.54789
33.64805
33.92318
31.67656
28.44799
26.10721
25.67043
27.45503
30.78261
32.89896
32.24078
30.997
31.67729
33.70669
35.01337
28.18139
28.66253
30.83591
33.40905
33.92498
31.64684
28.36305
25.63528
24.21791
25.00273
28.34575
31.49406
31.53081
29.97459
30.91646
32.92826
33.45845
27.10459
27.54932
29.84709
32.30746
33.17041
31.54076
28.63376
26.09396
23.48825
22.1246
24.61038
28.67639
30.56244
29.37197
29.8745
31.82421
31.64261
26.30831
26.34801
28.50953
30.74649
31.62514
30.43687
28.21346
26.95415
24.8492
21.95246
21.97178
25.49929
28.33612
28.10609
27.58914
29.244
29.77441
25.55632
25.73609
27.44591
28.92224
29.45667
28.25635
26.85184
26.80425
25.81573
23.24109
21.29466
23.00635
25.88037
26.42975
25.42715
26.36912
28.21219
24.69936
25.09007
25.94048
26.75259
27.06788
26.38877
25.03545
25.34049
25.6048
24.10658
21.81531
21.59144
23.58854
24.7237
24.32354
24.79953
28.59983
23.90842
23.99236
24.16355
24.73974
25.42603
24.97114
23.60386
23.47266
24.14759
23.95482
22.73657
21.8014
22.01872
22.76173
23.08487
24.29556
29.48701
23.12643
23.0047
22.99084
23.44934
24.01886
23.94495
22.89071
22.07874
22.36357
22.85283
23.01214
22.73003
22.21149
21.64177
21.21823
23.32169
27.93218
22.22915
22.49419
22.44748
22.61836
22.87502
23.29579
22.85229
21.66725
21.53803
21.95104
22.4427
22.85359
22.82436
21.90285
20.59189
22.20476
24.72725
21.37143
21.9748
21.88787
22.07482
22.26332
22.65953
22.87081
22.24242
21.80266
21.88937
21.91358
22.14341
22.61584
22.00784
20.42048
21.03442
23.12953
20.73931
21.07293
21.41169
21.55846
21.79916
22.02519
22.09785
21.84195
21.51546
21.65953
21.52252
21.34096
21.79174
21.90451
21.0032
20.38262
21.06694
24.45044
24.27241
24.96739
23.20458
21.98435
21.69964
22.26646
21.94546
20.17696
18.46746
18.28435
17.14585
17.69966
21.62535
25.99494
27.80031
28.05364
26.10123
27.01319
28.6097
30.32426
30.82803
30.02253
27.67394
23.04967
20.47717
19.10841
19.46095
18.54556
18.85057
20.63477
23.81574
26.65955
28.71445
26.69435
28.96129
30.6468
32.24981
33.654
34.09184
31.51567
27.00514
22.92445
22.50636
23.15482
22.21387
21.16816
21.42758
23.86673
26.78243
28.40533
26.4375
29.24958
31.47573
31.74605
31.5896
32.21016
31.07414
28.10194
26.42812
26.53484
27.14345
26.6415
24.99316
24.45218
24.70587
26.88019
27.92637
25.90165
28.87664
30.54782
29.58224
28.64381
29.52551
30.06737
28.17412
26.70544
28.5169
30.54693
30.05885
28.08086
26.16114
25.2533
26.30317
27.60337
25.19307
27.38759
28.18202
27.03996
26.4116
27.38991
28.38352
28.37783
28.5232
30.45269
31.90539
31.09397
29.42049
27.79662
26.40539
26.30123
27.43484
23.6926
25.61404
26.21595
25.2868
25.11438
25.50288
26.51281
28.4299
30.44377
31.43927
31.15417
30.37343
29.52395
27.94217
26.76158
26.5758
26.85368
22.60961
24.43831
24.78822
23.9648
23.77918
24.24358
25.31463
27.51823
29.45183
29.27231
28.7037
29.52819
29.62642
28.53957
27.48799
27.14578
27.06652
22.56798
23.64175
24.04129
23.61069
23.1516
23.14983
23.74769
25.25854
26.89551
27.3914
28.38984
31.0369
32.77129
32.39493
30.40224
29.62953
29.93351
23.80762
24.4472
24.76145
24.45379
23.51455
22.88466
22.87206
24.25197
26.41214
28.11174
29.97193
33.30833
36.45216
35.98701
32.76055
32.24839
33.70392
25.75516
27.53395
27.68931
26.87958
25.89678
25.17025
24.28904
24.30279
26.47401
29.35692
31.58655
34.60519
37.49813
36.61995
33.73786
33.64948
35.08597
29.59301
30.89839
31.08368
30.6718
29.96253
28.98282
26.84099
25.00874
26.18948
29.50016
32.62204
35.06529
36.41197
35.01014
33.86243
34.68618
35.52537
30.59502
31.49858
32.44099
33.50559
33.51501
31.77497
28.65667
26.1037
26.16668
28.95711
32.51834
34.71032
34.8357
33.37464
33.45255
35.07572
36.19142
29.53948
30.08974
32.09888
34.42612
34.92401
32.67591
29.14769
26.52631
25.87598
27.79361
31.60079
34.16907
33.61961
32.16679
32.74988
34.87896
36.15992
28.57413
29.11706
31.39006
34.14565
34.8889
32.70586
29.17459
26.13481
24.45934
25.24938
28.99374
32.65244
32.93692
31.24557
32.01918
34.12164
34.69482
27.58751
28.08629
30.4567
33.04802
34.12679
32.65844
29.54438
26.64128
23.7616
22.31995
25.08411
29.68095
31.96888
30.78502
31.06443
32.9924
32.90346
26.89492
27.00707
29.22941
31.55761
32.62399
31.60225
29.20547
27.56258
25.1703
22.13291
22.26537
26.2618
29.60968
29.59658
28.92009
30.42536
31.02166
26.19637
26.49042
28.2541
29.77686
30.44667
29.41287
27.92497
27.55494
26.25491
23.48256
21.50449
23.50926
26.89764
27.79089
26.84405
27.63424
29.43383
25.31313
25.83213
26.72427
27.55863
27.98548
27.51124
26.20642
26.27836
26.20879
24.44627
22.03259
21.93931
24.36432
25.92026
25.70489
26.1379
29.83467
24.47261
24.67138
24.90305
25.54109
26.32147
26.0503
24.80976
24.56411
24.92675
24.41272
23.0054
22.09326
22.62002
23.85764
24.4845
25.62851
30.8126
23.68257
23.67302
23.7452
24.27414
24.91245
24.98018
24.09704
23.28809
23.32873
23.47279
23.38702
23.03742
22.70939
22.58583
22.56167
24.74804
29.34761
22.81516
23.1961
23.23544
23.46432
23.78607
24.31015
24.03415
22.93107
22.65651
22.76646
22.97199
23.21782
23.256
22.69695
21.85616
23.69951
26.19522
21.97185
22.69472
22.69704
22.92847
23.17685
23.67838
24.02458
23.51483
23.0336
22.90022
22.62847
22.6188
23.05942
22.75326
21.65176
22.59629
24.66686
21.32574
21.7714
22.18727
22.39474
22.68933
23.02656
23.23473
23.09947
22.79952
22.80621
22.41365
21.99562
22.35595
22.67765
22.23871
21.91249
22.49109
24.57709
24.52363
25.3505
23.64248
22.37985
22.03928
22.59836
22.23134
20.4253
18.99252
19.29333
18.41051
18.85169
22.56449
26.87814
28.77095
28.98401
26.21436
27.22031
28.94611
30.76099
31.24783
30.3488
27.96639
23.35541
20.7385
19.44757
20.19028
19.66081
20.05402
21.61197
24.59913
27.58066
29.72863
26.81093
29.14011
30.9394
32.66905
34.11217
34.46517
31.79179
27.27494
23.20321
22.76226
23.63247
23.12783
22.36991
22.54597
24.71585
27.60202
29.34395
26.58004
29.42469
31.71897
32.12757
32.0771
32.64205
31.37631
28.33995
26.68818
26.77851
27.41295
27.26664
26.11352
25.69979
25.65392
27.61308
28.74985
26.08603
29.074
30.75779
29.91471
29.142
30.01062
30.41934
28.42381
26.94327
28.77935
30.76696
30.38751
28.96529
27.4784
26.3606
27.0245
28.32452
25.42326
27.62218
28.40381
27.35593
26.91313
27.91621
28.80531
28.68812
28.77612
30.72142
32.19248
31.32668
30.04419
29.06551
27.72528
27.1557
28.11128
23.95846
25.89602
26.48407
25.61867
25.59968
26.07237
27.03287
28.83845
30.76306
31.74552
31.51296
30.66099
29.95238
28.97479
28.10683
27.55696
27.5241
22.88246
24.77328
25.12996
24.34579
24.27816
24.8752
25.94396
28.01889
29.81968
29.63011
29.14496
29.91892
29.95419
29.22496
28.66791
28.17068
27.7456
22.78656
23.9801
24.44401
24.06405
23.73021
23.87149
24.45107
25.80519
27.27488
27.77153
28.90142
31.52128
33.10609
32.79888
31.34442
30.71389
30.7036
23.94532
24.70458
25.1518
24.96743
24.14723
23.55387
23.50791
24.76507
26.79519
28.50387
30.51902
33.90796
36.91508
36.35722
33.46989
33.29057
34.58445
25.87298
27.73446
28.03417
27.31793
26.32686
25.63073
24.7921
24.76579
26.86722
29.77258
32.18224
35.34201
38.1702
37.14523
34.33101
34.54148
35.95884
29.72313
31.10947
31.33065
30.93272
30.28385
29.40769
27.3086
25.44054
26.56874
29.89623
33.22052
35.92442
37.32905
35.75319
34.45653
35.4223
36.33874
30.72076
31.69986
32.66988
33.75217
33.83379
32.19905
29.13154
26.55613
26.54399
29.30759
33.05837
35.61428
35.96288
34.36618
34.18682
35.7675
36.97087
29.63678
30.24478
32.30577
34.67539
35.22713
33.08364
29.62586
27.00671
26.27445
28.12733
32.06908
35.00634
34.84959
33.43675
33.75938
35.69679
36.97796
28.7094
29.31436
31.65434
34.44888
35.22315
33.12203
29.66399
26.63265
24.87892
25.56907
29.39973
33.38897
34.14387
32.74907
33.40876
35.22957
35.64908
27.80676
28.38438
30.83852
33.47651
34.55979
33.13504
30.07328
27.15848
24.20252
22.63079
25.41708
30.33992
33.11089
32.35874
32.74525
34.4358
34.03347
27.19771
27.4156
29.73169
32.10534
33.14865
32.13499
29.77626
28.11636
25.6553
22.48652
22.54004
26.80943
30.64762
31.10982
30.69633
32.11129
32.36959
26.52858
26.95578
28.80604
30.35699
30.99102
29.96551
28.5146
28.14744
26.79552
23.91436
21.78089
23.91971
27.80011
29.22643
28.60356
29.47282
30.95765
25.61968
26.27296
27.25132
28.12103
28.54697
28.09733
26.82871
26.90996
26.79826
24.93952
22.35559
22.25681
25.09452
27.23604
27.43485
28.0384
31.4205
24.75126
25.0583
25.40369
26.12603
26.92766
26.67864
25.48407
25.25426
25.57567
24.96602
23.39708
22.39171
23.21487
25.0445
26.16082
27.49909
32.58723
23.96575
24.04656
24.2413
24.87896
25.54597
25.63657
24.81934
24.0551
24.05407
24.08779
23.85745
23.36309
23.20918
23.62403
24.19092
26.66847
31.25659
23.11754
23.58401
23.73166
24.07149
24.44069
24.99124
24.78023
23.75387
23.46173
23.45905
23.50959
23.58496
23.67828
23.5649
23.35771
25.65372
28.23253
22.27898
23.09863
23.19981
23.53371
23.83828
24.37823
24.78133
24.35987
23.90741
23.67823
23.22229
23.0195
23.44404
23.541
23.10259
24.55617
26.70487
21.61826
22.18401
22.69025
23.00212
23.35806
23.73264
23.99982
23.95318
23.71482
23.66391
23.08833
22.4558
22.7324
23.39031
23.60635
23.74018
24.34792
24.59805
24.567
25.42232
23.76822
22.60176
22.30151
22.84888
22.44763
20.57008
19.20921
19.8836
19.46307
20.32797
24.10524
28.158
29.93258
30.23146
26.23994
27.26694
29.01257
30.86718
31.43234
30.58146
28.18216
23.55932
20.91198
19.58515
20.54041
20.45072
21.39819
23.16898
25.93929
28.75853
30.96225
26.84404
29.19436
31.01188
32.77115
34.28359
34.69715
32.00851
27.45671
23.38025
22.89422
23.8315
23.64028
23.41189
24.03529
26.22845
28.8952
30.51921
26.62744
29.4902
31.79677
32.22958
32.24916
32.87463
31.6049
28.52487
26.85266
26.91724
27.53089
27.51493
26.77196
26.90354
27.13501
28.9383
29.8684
26.15265
29.15359
30.84433
30.0263
29.32691
30.25105
30.65948
28.63222
27.11705
28.92098
30.8805
30.49603
29.27765
28.39251
27.78125
28.32869
29.36891
25.50274
27.71923
28.51386
27.49999
27.12859
28.18256
29.07825
28.94506
28.99459
30.88587
32.3286
31.43498
30.22177
29.83278
29.16804
28.56537
29.16822
24.02563
26.00054
26.6272
25.81064
25.86685
26.41248
27.38694
29.16547
31.04281
31.95937
31.68778
30.8292
30.10458
29.594
29.45896
29.06892
28.67598
22.9193
24.85909
25.28298
24.58268
24.625
25.31932
26.38298
28.39343
30.13858
29.89667
29.3894
30.15702
30.11977
29.65245
29.79914
29.65642
28.96591
22.79789
24.02452
24.56323
24.32028
24.13505
24.33494
24.88149
26.18318
27.61556
28.06737
29.18703
31.77704
33.26398
32.95668
32.11784
32.14111
32.0404
23.95181
24.72721
25.2389
25.21102
24.48322
23.87634
23.83756
25.11445
27.15636
28.82284
30.79226
34.14027
37.10574
36.4352
33.90871
34.58628
36.08171
25.88055
27.75883
28.11584
27.49127
26.52255
25.84876
25.05203
25.07175
27.21472
30.09969
32.46198
35.58348
38.40089
37.27127
34.5301
35.55193
37.51574
29.72987
31.13298
31.39383
31.04232
30.43675
29.61148
27.54442
25.7037
26.87693
30.21345
33.50476
36.17145
37.57331
35.93917
34.54921
36.06568
37.80925
30.73125
31.71962
32.72204
33.84648
33.97377
32.39074
29.37531
26.84027
26.86183
29.62799
33.34484
35.8621
36.20878
34.59875
34.29525
36.10541
38.23866
29.65769
30.27434
32.36749
34.79008
35.41135
33.3116
29.89763
27.33165
26.64136
28.50958
32.41313
35.28277
35.1021
33.71169
33.95195
35.86834
37.87604
28.75937
29.38027
31.76904
34.64634
35.50491
33.43054
29.98274
26.99206
25.28547
26.01048
29.82471
33.73682
34.44303
33.08894
33.72678
35.42912
36.11071
27.90066
28.50492
31.01737
33.76159
34.93466
33.52842
30.44788
27.54613
24.61941
23.07891
25.8831
30.7613
33.48079
32.77637
33.21939
34.78641
34.32445
27.33331
27.59249
29.95902
32.42384
33.55054
32.56883
30.18848
28.52134
26.07198
22.91712
22.9931
27.24548
31.05515
31.58346
31.31957
32.66375
32.71967
26.67591
27.15539
29.03913
30.65969
31.37095
30.41422
28.95861
28.57097
27.22174
24.34554
22.22118
24.33544
28.21079
29.73195
29.30719
30.25847
31.45243
25.76148
26.46281
27.47029
28.41555
28.92916
28.57273
27.32075
27.37861
27.25741
25.385
22.78481
22.65547
25.48423
27.72939
28.14084
28.9225
32.0718
24.89777
25.24231
25.62209
26.43769
27.33041
27.16843
26.02199
25.78309
26.08072
25.43751
23.82716
22.78074
23.59015
25.52465
26.85276
28.44329
33.58986
24.12753
24.25607
24.47796
25.20145
25.95976
26.13126
25.38383
24.63335
24.60163
24.5943
24.313
23.75772
23.57151
24.09466
24.93039
27.74731
32.624
23.28019
23.82688
24.00116
24.40091
24.86519
25.49569
25.35104
24.3585
24.04382
23.9982
23.99106
23.99079
24.02614
24.00203
24.08931
26.75841
29.68462
22.41933
23.35321
23.50947
23.87864
24.26264
24.88965
25.35593
24.97566
24.52227
24.25839
23.73119
23.44069
23.79527
23.94919
23.7734
25.56085
28.0492
21.72867
22.41918
23.02245
23.37665
23.78495
24.23995
24.5749
24.57603
24.35313
24.28282
23.64041
22.90854
23.10464
23.79169
24.19725
24.66484
25.70114
24.61292
24.57844
25.43227
23.77888
22.63386
22.37934
22.98796
22.63587
20.76467
19.35662
19.99022
19.55988
20.58191
24.59623
28.74588
30.5188
30.96271
26.2597
27.28288
29.02417
30.87763
31.45802
30.63974
28.27977
23.7054
21.09516
19.75167
20.65926
20.52121
21.53815
23.53692
26.5067
29.43169
31.85653
26.8722
29.21774
31.02816
32.7832
34.30785
34.75233
32.09394
27.56488
23.52248
23.05073
23.94994
23.71338
23.47694
24.27209
26.79298
29.721
31.6599
26.66703
29.52184
31.81989
32.24651
32.27845
32.93152
31.68323
28.61536
26.96294
27.04318
27.63626
27.58132
26.81327
27.0289
27.54971
29.77548
31.22031
26.20771
29.19471
30.8742
30.05119
29.36588
30.31705
30.74555
28.73027
27.22525
29.02951
30.96633
30.55776
29.31478
28.47531
28.12782
29.2241
30.94248
25.5706
27.76606
28.54638
27.53069
27.17879
28.26868
29.1967
29.07944
29.12652
31.00008
32.41417
31.50599
30.26998
29.9217
29.56319
29.63885
30.95275
24.08613
26.04054
26.65492
25.83881
25.9226
26.53003
27.55843
29.34971
31.20977
32.09382
31.79067
30.91803
30.16726
29.68731
29.88055
30.22121
30.51814
22.96286
24.88574
25.29634
24.59961
24.68231
25.45806
26.57976
28.59766
30.32535
30.05113
29.52183
30.27066
30.2098
29.78289
30.28422
30.79452
30.69401
22.82318
24.03514
24.56536
24.3292
24.18683
24.44767
25.03888
26.36389
27.79643
28.22446
29.32388
31.89094
33.37439
33.07746
32.45975
33.05334
33.60153
23.9701
24.73275
25.23957
25.21905
24.51727
23.93386
23.92851
25.24255
27.31119
28.9708
30.91172
34.23353
37.18656
36.50397
34.03217
35.25337
37.54575
25.8996
27.76371
28.11662
27.49658
26.5383
25.881
25.10893
25.15808
27.33653
30.23427
32.57433
35.66941
38.47102
37.35653
34.58684
35.89207
38.70734
29.74961
31.13904
31.39543
31.04627
30.45209
29.64807
27.60238
25.78674
26.99137
30.34621
33.61757
36.26434
37.64561
36.02026
34.61078
36.17062
38.51969
30.75758
31.73013
32.72653
33.85435
34.00255
32.44806
29.45479
26.95049
27.00845
29.79296
33.48061
35.95822
36.27892
34.67286
34.37622
36.14299
38.538
29.69294
30.29678
32.37995
34.80874
35.46444
33.40484
30.00876
27.46724
26.82578
28.7367
32.6236
35.42727
35.19529
33.79215
34.04429
35.92925
37.93681
28.81499
29.43073
31.79986
34.68681
35.58598
33.56099
30.12907
27.14687
25.48421
26.27254
30.11103
33.96865
34.59383
33.19978
33.83652
35.53496
36.12369
27.97495
28.59398
31.07884
33.82736
35.03437
33.68575
30.62589
27.71982
24.81301
23.32278
26.18766
31.06814
33.71457
32.94476
33.35645
34.91563
34.3794
27.41282
27.71459
30.05277
32.50434
33.65416
32.73672
30.39151
28.71823
26.26901
23.14287
23.27722
27.57393
31.35481
31.81627
31.49206
32.81168
32.81174
26.74253
27.28452
29.15242
30.7469
31.47942
30.59276
29.18748
28.80197
27.44758
24.58754
22.5054
24.66427
28.54605
30.02266
29.51985
30.41162
31.55691
25.81597
26.57721
27.59492
28.51819
29.0544
28.76962
27.5817
27.65729
27.53198
25.66174
23.08581
22.99387
25.83693
28.05898
28.39082
29.07
32.18612
24.94689
25.34633
25.76113
26.56834
27.46866
27.37498
26.30485
26.10361
26.39899
25.75197
24.15349
23.13958
23.96856
25.89081
27.1618
28.64281
33.767
24.17185
24.35909
24.63388
25.36882
26.11181
26.33879
25.67217
24.97898
24.94451
24.93095
24.66159
24.13693
23.97944
24.50192
25.32735
28.05601
32.88766
23.31591
23.92065
24.16378
24.60012
25.04565
25.70654
25.6325
24.71299
24.40253
24.34315
24.33825
24.36089
24.43319
24.42524
24.51409
27.14317
30.02687
22.4467
23.42581
23.65897
24.09365
24.47675
25.11919
25.63367
25.33336
24.90172
24.61827
24.07334
23.78875
24.18464
24.36128
24.17048
25.96818
28.45103
21.7538
22.47254
23.14331
23.58792
24.02763
24.5064
24.86518
24.94387
24.76217
24.6723
24.00727
23.2664
23.49434
24.20232
24.58409
25.06318
26.14268
24.63271
24.59313
25.44429
23.78896
22.64291
22.39025
23.00444
22.66129
20.80821
19.41621
20.04844
19.60635
20.6031
24.62213
28.78809
30.56789
31.04092
26.28525
27.30348
29.03981
30.89031
31.47001
30.6537
28.29633
23.7256
21.12692
19.8007
20.71143
20.56479
21.56272
23.5569
26.54201
29.49834
31.952
26.90926
29.24896
31.05143
32.80143
34.32505
34.77073
32.11246
27.58302
23.54431
23.08533
23.99047
23.74913
23.50461
24.28914
26.82906
29.8097
31.78217
26.72042
29.56563
31.85239
32.27308
32.30112
32.95262
31.70349
28.63503
26.98381
27.0694
27.6665
27.60949
26.84278
27.0496
27.58095
29.85493
31.36385
26.28342
29.25324
30.91739
30.08625
29.39159
30.33815
30.76642
28.75248
27.24897
29.0557
30.99202
30.58311
29.3454
28.50067
28.1687
29.30033
31.16154
25.66349
27.83595
28.59903
27.56911
27.20335
28.28709
29.21585
29.10282
29.1539
31.02924
32.44199
31.53378
30.30101
29.94989
29.61258
29.74132
31.30406
24.16936
26.10872
26.70832
25.87175
25.94125
26.54193
27.57127
29.36845
31.23592
32.12331
31.82024
30.94833
30.19438
29.71329
29.92584
30.34699
31.03668
23.02305
24.93732
25.33316
24.61885
24.68878
25.46053
26.58454
28.60772
30.34393
30.07537
29.54973
30.30058
30.23459
29.80643
30.32881
30.97877
31.46578
22.85917
24.06186
24.5824
24.33616
24.18823
24.4481
25.04031
26.36825
27.80782
28.24257
29.3467
31.91651
33.39585
33.09512
32.48884
33.19366
34.24675
23.99852
24.75231
25.2495
25.22178
24.51765
23.93432
23.92982
25.24571
27.32058
28.98781
30.93275
34.2568
37.20801
36.52249
34.04316
35.27603
37.80608
25.93136
27.78543
28.12578
27.49862
26.53915
25.8829
25.11267
25.16315
27.34645
30.25268
32.5963
35.69232
38.49574
37.38534
34.61115
35.90739
38.81043
29.78286
31.16269
31.40675
31.05132
30.45624
29.65392
27.61068
25.79629
27.00461
30.36874
33.64246
36.2868
37.66744
36.04381
34.63474
36.18515
38.56559
30.79562
31.75809
32.74501
33.86871
34.01622
32.46029
29.46871
26.96631
27.02954
29.82753
33.51914
35.98851
36.30166
34.69797
34.4018
36.16298
38.55998
29.73395
30.33596
32.41479
34.84304
35.49468
33.42467
30.02782
27.4898
26.85601
28.78736
32.68946
35.48519
35.23429
33.8274
34.07526
35.95858
37.94618
28.86643
29.49207
31.86098
34.75431
35.63626
33.58757
30.15241
27.17583
25.5211
26.33001
30.20029
34.0635
34.66443
33.25595
33.88304
35.57463
36.14269
28.02658
28.66952
31.16728
33.93226
35.10178
33.71756
30.65385
27.75551
24.85608
23.37886
26.27853
31.1889
33.82288
33.02901
33.42087
34.96155
34.41179
27.45235
27.78773
30.1555
32.63107
33.73003
32.77304
30.42588
28.76319
26.32353
23.20833
23.36353
27.69671
31.48598
31.92576
31.57354
32.86531
32.84907
26.76657
27.33999
29.24786
30.87643
31.5644
30.63741
29.2298
28.85928
27.51991
24.67499
22.60702
24.78763
28.6903
30.15697
29.62091
30.46828
31.58915
25.83125
26.61587
27.67011
28.64624
29.1583
28.83227
27.6323
27.72855
27.62446
25.77199
23.21034
23.13208
25.99819
28.22345
28.51573
29.13418
32.22504
24.95828
25.3741
25.82043
26.69618
27.60001
27.46544
26.36445
26.18401
26.50612
25.88071
24.29863
23.30021
24.15274
26.09573
27.3312
28.75069
33.83945
24.18133
24.38145
24.68394
25.4848
26.25666
26.46191
25.75182
25.06114
25.05829
25.0673
24.82039
24.31011
24.17702
24.73541
25.55584
28.23458
33.00418
23.32508
23.939
24.20468
24.68982
25.18855
25.85812
25.7518
24.80065
24.52485
24.48668
24.49752
24.52792
24.61855
24.64729
24.76363
27.36355
30.18882
22.45706
23.44172
23.68909
24.15851
24.59467
25.28477
25.80546
25.4484
25.04102
24.78213
24.24067
23.9514
24.35662
24.55532
24.39135
26.19696
28.65276
21.76653
22.48857
23.16817
23.63479
24.1158
24.65874
25.07407
25.11295
24.9331
24.87162
24.21142
23.45883
23.67891
24.39998
24.78882
25.27886
26.35358
24.66301
24.61647
25.46213
23.80316
22.65593
22.40618
23.0266
22.68771
20.83238
19.43537
20.06289
19.61566
20.60914
24.62723
28.79256
30.57151
31.04586
26.32385
27.33471
29.06303
30.90867
31.48745
30.67442
28.31991
23.74921
21.14557
19.81465
20.72112
20.57036
21.56626
23.56132
26.54793
29.50568
31.96328
26.96221
29.29358
31.08366
32.82599
34.34924
34.79788
32.13908
27.60394
23.55855
23.09471
23.99617
23.75241
23.50702
24.29324
26.83631
29.82214
31.7991
26.79413
29.62403
31.89465
32.30631
32.33278
32.98476
31.73173
28.6543
26.99449
27.0752
27.66961
27.61153
26.84467
27.05261
27.58633
29.86985
31.3793
26.3841
29.32819
30.97046
30.1272
29.42806
30.3721
30.79316
28.76733
27.25516
29.05842
30.99326
30.58413
29.34668
28.50219
28.17439
29.31461
31.17548
25.79107
27.92395
28.65728
27.61108
27.23957
28.31798
29.23627
29.1119
29.15696
31.0304
32.44248
31.53421
30.30176
29.95035
29.61995
29.7488
31.33167
24.29548
26.19143
26.75902
25.9061
25.97064
26.56439
27.58301
29.37251
31.23698
32.12366
31.82036
30.94844
30.19468
29.71333
29.9311
30.34732
31.09636
23.12341
24.99374
25.36286
24.63957
24.70512
25.47102
26.5894
28.60938
30.34446
30.07557
29.54983
30.30064
30.23482
29.80662
30.33082
30.97915
31.53208
22.91294
24.08514
24.59528
24.34614
24.19525
24.45244
25.04307
26.36987
27.80866
28.24296
29.34679
31.9166
33.39614
33.09556
32.48982
33.19495
34.25092
24.02476
24.76525
25.25859
25.22807
24.52195
23.93872
23.93413
25.24853
27.3219
28.98836
30.93306
34.25701
37.2084
36.52336
34.04467
35.278
37.80694
25.95298
27.80121
28.13685
27.50493
26.54604
25.89377
25.12259
25.16785
27.34813
30.25362
32.59698
35.6927
38.49628
37.38655
34.61331
35.90921
38.81213
29.80722
31.18518
31.42264
31.0622
30.47424
29.68162
27.63096
25.80354
27.00682
30.37047
33.64392
36.2878
37.66813
36.04503
34.63702
36.18828
38.5671
30.83104
31.79179
32.77052
33.89012
34.05475
32.51291
29.50118
26.97613
27.03282
29.83088
33.52233
35.991
36.30326
34.70023
34.40552
36.16662
38.5635
29.78367
30.38462
32.45592
34.8794
35.55946
33.50251
30.06935
27.50163
26.86097
28.79283
32.69558
35.49088
35.23854
33.83197
34.08169
35.9642
37.95157
28.93105
29.55786
31.92174
34.80997
35.72731
33.68446
30.20199
27.19153
25.52822
26.33725
30.2098
34.07434
34.67398
33.26481
33.89405
35.58442
36.15082
28.08551
28.7387
31.23836
34.00322
35.20741
33.82424
30.71329
27.77843
24.86646
23.38787
26.29083
31.20548
33.84025
33.04448
33.43706
34.97657
34.42235
27.49044
27.84116
30.21805
32.70335
33.83643
32.88263
30.49846
28.79785
26.33984
23.22096
23.37945
27.71804
31.51196
31.9509
31.597
32.88642
32.86145
26.78454
27.36934
29.29315
30.94187
31.6703
30.7526
29.32174
28.91223
27.54693
24.69382
22.6287
24.81434
28.72537
30.19611
29.65661
30.4957
31.60488
25.8419
26.63278
27.70211
28.7056
29.26554
28.95768
27.74939
27.80715
27.66832
25.79928
23.23785
23.16573
26.04275
28.28012
28.57097
29.17611
32.25579
24.96724
25.38779
25.8468
26.74778
27.698
27.58985
26.50304
26.29169
26.57204
25.9201
24.33257
23.3407
24.20412
26.16786
27.41287
28.82366
33.89996
24.19073
24.39437
24.70635
25.52512
26.33088
26.57214
25.90134
25.19904
25.15074
25.12411
24.8634
24.35532
24.23021
24.81029
25.65614
28.34101
33.09596
23.33549
23.9513
24.22224
24.71965
25.23786
25.94309
25.89264
24.96521
24.64994
24.57148
24.55634
24.57956
24.6721
24.71294
24.85668
27.47348
30.29752
22.4684
23.45267
23.70196
24.18007
24.62666
25.34444
25.92124
25.62518
25.20246
24.90729
24.33099
24.02292
24.42212
24.62246
24.46604
26.29334
28.76323
21.77894
22.49913
23.17963
23.65249
24.14213
24.70162
25.16131
25.27475
25.12491
25.04605
24.35288
23.5745
23.77558
24.49379
24.87793
25.36732
26.44897
24.69657
24.64751
25.48683
23.8208
22.66927
22.41947
23.0423
22.70772
20.85445
19.45435
20.07606
19.6222
20.61149
24.62792
28.7927
30.57133
31.04595
26.37193
27.37891
29.09523
30.93204
31.50566
30.69144
28.33698
23.76759
21.16399
19.82956
20.72988
20.57363
21.56702
23.56146
26.54798
29.50552
31.96367
27.03657
29.35843
31.12927
32.85751
34.37378
34.81975
32.15861
27.62186
23.57463
23.10638
24.00192
23.75415
23.50731
24.29327
26.83632
29.82204
31.79947
26.90491
29.71268
31.9557
32.34645
32.36226
33.00973
31.7533
28.67258
27.00849
27.08392
27.67334
27.61246
26.84475
27.05261
27.58633
29.8699
31.37954
26.53976
29.442
31.0437
30.17116
29.45817
30.39651
30.814
28.78417
27.26632
29.0641
30.99512
30.58452
29.34673
28.50219
28.17439
29.3147
31.17573
25.98783
28.05461
28.73102
27.64993
27.26428
28.3372
29.25323
29.12602
29.16627
31.03479
32.44384
31.53449
30.30179
29.95035
29.61985
29.74875
31.33175
24.49532
26.3085
26.81509
25.93163
25.98547
26.57607
27.59474
29.38331
31.2442
32.12686
31.82132
30.9486
30.19468
29.71333
29.9311
30.34723
31.09627
23.27491
25.06331
25.3889
24.65021
24.7108
25.47639
26.5968
28.61734
30.35047
30.07851
29.55067
30.30073
30.23482
29.80662
30.33082
30.97915
31.53201
22.98864
24.1087
24.60383
24.35054
24.19787
24.45563
25.04941
26.37872
27.81609
28.24615
29.3474
31.91663
33.39611
33.09558
32.48984
33.19497
34.25089
24.0615
24.77816
25.26665
25.23329
24.52492
23.94349
23.94516
25.26313
27.33227
28.99193
30.93363
34.25706
37.20837
36.52331
34.04467
35.27799
37.80691
25.98153
27.81919
28.15053
27.5126
26.55081
25.90512
25.14514
25.1914
27.36143
30.2578
32.59781
35.69298
38.4965
37.38651
34.61328
35.90921
38.81212
29.83735
31.214
31.44515
31.07561
30.48565
29.70702
27.67165
25.83801
27.02328
30.37579
33.64562
36.28856
37.66848
36.04524
34.63722
36.18834
38.56707
30.87564
31.83825
32.80769
33.91581
34.07866
32.55458
29.55873
27.02068
27.05355
29.83918
33.5263
35.99306
36.30416
34.70077
34.40596
36.167
38.5637
29.84886
30.4545
32.51542
34.92443
35.59944
33.55962
30.13792
27.55281
26.8868
28.8056
32.70346
35.49574
35.24089
33.83339
34.08298
35.96524
37.95215
29.01936
29.65351
32.0049
34.87337
35.78201
33.75422
30.27886
27.24956
25.55997
26.35473
30.22263
34.08357
34.67915
33.26796
33.89699
35.58675
36.152
28.1741
28.83675
31.32596
34.07008
35.26849
33.90374
30.79836
27.84527
24.90673
23.41158
26.30873
31.21942
33.84923
33.0503
33.44231
34.98085
34.42436
27.55507
27.91207
30.28423
32.75962
33.89926
32.97015
30.59072
28.87551
26.3942
23.25643
23.40376
27.73584
31.52489
31.96049
31.60546
32.89325
32.86469
26.82067
27.41024
29.33742
30.99037
31.73768
30.84787
29.42277
29.00399
27.62065
24.74699
22.66302
24.83679
28.74218
30.21056
29.66994
30.50632
31.61099
25.86613
26.66247
27.739
28.75333
29.33393
29.05383
27.85844
27.91497
27.76313
25.87177
23.28467
23.19506
26.06433
28.29973
28.59046
29.19344
32.26987
24.98922
25.41602
25.88263
26.79061
27.75432
27.67043
26.60908
26.41125
26.68367
26.0099
24.3926
23.37893
24.23208
26.19231
27.43921
28.85114
33.92858
24.21488
24.42315
24.7381
25.55634
26.36734
26.62709
25.9905
25.32128
25.27455
25.22709
24.93748
24.40554
24.26721
24.83982
25.68674
28.37569
33.13771
23.36115
23.9773
24.2452
24.73816
25.25804
25.97673
25.95658
25.07904
24.78471
24.68907
24.64637
24.64706
24.72308
24.75026
24.88823
27.5081
30.3397
22.49267
23.47186
23.71499
24.1903
24.64001
25.36844
25.96489
25.71974
25.33772
25.03929
24.44128
24.11646
24.49703
24.6762
24.50627
26.32881
28.80207
21.79967
22.51384
23.18979
23.66149
24.15545
24.72379
25.19514
25.34476
25.2412
25.17877
24.48178
23.69948
23.88451
24.57723
24.94312
25.41664
26.49461
