0.5995241
158.7926
0.6061549
210.472
0.6142893
276.293
0.625668
359.7903
0.6418777
465.1288
0.662615
596.9313
0.6875363
760.1983
0.7135302
960.9683
0.7110898
1205.472
0.6591107
1498.488
0.6051975
1843.792
0.5558994
2242.184
0.5157976
2689.756
0.4820898
3180.874
0.4374537
3714.498
0.3690404
4294.417
0.2768967
4923.96
0.2018112
5605.24
0.1807826
6341.751
0.1641084
7116.846
0.1137847
7893.208
0.04452998
8651.917
0.01118401
9391.413
0.001676656
10111.31
0.0002075649
10815.57
 0
11511.78
 0
12208.05
 0
12908.13
 0
13611.48
 0
14316.57
 0
15020.83
 0
15722.08
 0
16419.26
 0
17112.3
 0
17801.14
 0
18485.87
 0
19167.21
 0
19845.85
