 1
0.98
0.98
1.198457
2.118792
2.608599
3.321862
4.776676
7.610038
10.82371
13.90784
16.50817
18.78456
20.90473
23.27348
26.31423
29.34982
30.92921
31.87881
32.80014
34.22454
36.00097
36.58267
36.70506
36.79844
36.86251
36.92178
37.01993
37.14191
37.21228
37.26077
37.29643
37.3258
37.36956
37.42588
37.45596
37.49959
37.54271
37.59737
37.66769
37.70908
37.73797
37.77179
37.79714
37.82095
37.83996
37.85441
37.86101
37.86129
 1
0.98
0.98
1.132166
2.091351
2.611664
3.266839
4.48857
7.052982
10.12964
13.37683
16.32425
18.98548
21.50852
24.04421
27.0966
30.05868
31.66488
32.64483
33.44315
35.10485
36.65929
37.21575
37.35882
37.47387
37.5419
37.6082
37.72108
37.85666
37.94586
38.01545
38.06284
38.09943
38.15094
38.2092
38.24766
38.30206
38.34879
38.41489
38.47993
38.51679
38.54495
38.57864
38.60004
38.62012
38.63576
38.64759
38.6517
38.65189
 1
0.9214408
0.9214074
1.225485
1.828182
2.162749
2.719282
3.989287
6.548051
9.370202
11.81137
13.83738
15.59365
17.18786
18.99268
21.4319
24.18748
25.81329
26.82211
27.83952
28.70516
30.72172
31.634
31.86877
32.00203
32.10863
32.21153
32.34364
32.48212
32.59507
32.68364
32.76355
32.83717
32.91803
33.02165
33.09821
33.19628
33.32001
33.4469
33.63044
33.77986
33.89465
34.02027
34.14871
34.25374
34.33818
34.41122
34.4497
34.4556
 1
0.98
0.98
1.267886
2.134442
2.621014
3.445012
5.222471
8.427029
11.71896
14.36845
16.4726
18.31648
19.96401
21.94997
24.68054
27.67303
29.2713
30.21447
31.20188
32.35359
34.28193
34.92653
35.03006
35.09832
35.15457
35.20458
35.2829
35.38417
35.43882
35.47062
35.49563
35.51767
35.55293
35.60972
35.63802
35.67163
35.71422
35.75771
35.83397
35.8852
35.91829
35.95384
35.98515
36.01215
36.03934
36.05841
36.06803
36.0685
 1
0.98
0.98
1.187598
2.254094
2.930725
3.802555
5.470428
8.603207
12.32343
16.07251
19.38654
22.36314
25.09145
27.80242
30.91128
33.66778
35.12708
36.02573
36.80738
38.72218
40.09807
40.31034
40.32307
40.3353
40.34222
40.35167
40.37449
40.40837
40.42231
40.43125
40.43943
40.44877
40.46694
40.48725
40.49673
40.51349
40.53143
40.55542
40.57573
40.58618
40.59704
40.60634
40.61329
40.62481
40.63662
40.64688
40.6516
40.65164
