255.7184
252.3973
256.3117
256.3705
257.5422
258.3367
258.7213
258.7784
258.5994
259.4835
260.2865
261.0853
261.7901
262.7857
263.4673
263.5739
263.8324
263.5838
262.0431
260.2826
258.0054
255.8515
254.8082
254.3666
254.6312
254.2848
254.1249
253.8413
253.3612
252.2512
251.0905
249.402
248.7287
250.4323
250.653
250.3781
250.1885
250.266
250.3291
250.5965
251.0458
251.4646
251.9838
252.4068
252.7672
252.7349
251.6157
248.9559
247.1787
255.3185
251.9997
256.0607
256.5365
257.5718
258.0158
258.3352
258.1318
258.2414
259.4195
260.1774
260.734
261.4702
262.7188
263.4456
263.4907
263.9113
263.2703
261.8825
259.7866
257.793
255.6761
255.0016
254.6667
254.8795
254.488
254.3724
254.2284
253.709
252.6392
251.489
250.2326
249.7839
250.8518
250.7046
250.4875
250.2703
250.3273
250.2611
250.6475
251.0588
251.5156
251.9941
252.4252
252.6579
252.7818
251.4897
250.7245
250.2412
255.5582
254.8793
260.3481
259.9134
261.1265
261.3923
261.8542
262.2631
263.6696
264.3486
263.5192
263.5803
263.6573
263.9918
262.9507
262.7557
262.606
262.6257
261.1656
259.7835
256.7512
254.2326
253.028
252.2924
252.3298
252.2765
252.2116
252.2064
251.7406
251.019
250.2081
249.208
248.4064
248.1936
248.2431
248.067
248.0275
248.0145
248.0118
248.0837
248.4584
248.9051
249.3306
249.7276
250.0217
250.2472
250.2093
249.468
249.0632
256.2592
252.9466
256.8627
256.5387
257.8139
258.8818
259.6246
260.2578
260.3339
260.5901
260.5873
261.7542
262.2122
263.1712
263.6111
263.795
263.9348
263.9695
262.3852
260.8246
258.3576
256.2389
254.8026
254.1441
254.5184
254.2415
253.9421
253.6226
253.1219
252.0264
250.647
248.6802
247.4462
248.6852
250.62
250.4928
250.2147
250.3099
250.5255
250.7012
251.1664
251.5539
252.0938
252.52
252.9607
252.8527
251.9514
247.118
245.4149
256.1391
253.5002
256.1808
256.7369
257.4273
257.9006
258.2384
258.8931
260.0104
260.6545
260.8177
261.3558
262.1713
263.4347
264.3984
264.2922
264.7811
263.9691
262.5935
260.6064
258.7513
256.6317
255.1541
254.668
254.9566
254.6585
254.2079
253.4073
252.5336
250.7038
248.5464
246.6094
246.0917
251.2834
251.6641
251.3646
251.1776
251.244
251.4718
251.9676
252.4675
252.9103
253.411
253.9537
254.164
253.9411
249.4932
251.3658
250.6778
