 1
1.021944
1.319289
1.854167
2.259061
2.589274
3.201596
4.560076
7.415896
10.36523
13.39725
16.01315
18.44324
20.81301
23.63972
27.24661
30.52598
32.5415
33.80647
34.76389
35.94963
36.73194
36.98304
37.03889
9.96921e+36
9.96921e+36
9.96921e+36
9.96921e+36
9.96921e+36
9.96921e+36
9.96921e+36
9.96921e+36
9.96921e+36
9.96921e+36
9.96921e+36
9.96921e+36
9.96921e+36
9.96921e+36
9.96921e+36
9.96921e+36
9.96921e+36
9.96921e+36
9.96921e+36
9.96921e+36
9.96921e+36
9.96921e+36
9.96921e+36
9.96921e+36
9.96921e+36
 1
1.011571
1.251337
1.745325
2.168634
2.536779
3.073882
4.196228
6.746429
9.699137
13.0519
16.2271
19.11926
21.94985
25.01483
28.41223
31.48367
33.43905
34.728
35.7692
37.04671
37.6546
37.89575
37.97152
9.96921e+36
9.96921e+36
9.96921e+36
9.96921e+36
9.96921e+36
9.96921e+36
9.96921e+36
9.96921e+36
9.96921e+36
9.96921e+36
9.96921e+36
9.96921e+36
9.96921e+36
9.96921e+36
9.96921e+36
9.96921e+36
9.96921e+36
9.96921e+36
9.96921e+36
9.96921e+36
9.96921e+36
9.96921e+36
9.96921e+36
9.96921e+36
9.96921e+36
 1
0.9683622
1.212935
1.624211
1.820861
1.970228
2.346217
3.404416
5.750588
8.131796
10.32481
12.1579
13.84755
15.40697
17.37078
20.31101
23.57903
25.60499
26.77511
27.49292
28.41845
29.68377
30.07063
30.13947
9.96921e+36
9.96921e+36
9.96921e+36
9.96921e+36
9.96921e+36
9.96921e+36
9.96921e+36
9.96921e+36
9.96921e+36
9.96921e+36
9.96921e+36
9.96921e+36
9.96921e+36
9.96921e+36
9.96921e+36
9.96921e+36
9.96921e+36
9.96921e+36
9.96921e+36
9.96921e+36
9.96921e+36
9.96921e+36
9.96921e+36
9.96921e+36
9.96921e+36
 1
1.037137
1.377466
1.959332
2.347233
2.665785
3.379819
5.053839
8.320147
11.38299
13.82567
15.63816
17.40998
19.09399
21.35864
24.73007
28.2346
30.34426
31.56757
32.39999
33.45175
34.44582
34.7312
34.76887
9.96921e+36
9.96921e+36
9.96921e+36
9.96921e+36
9.96921e+36
9.96921e+36
9.96921e+36
9.96921e+36
9.96921e+36
9.96921e+36
9.96921e+36
9.96921e+36
9.96921e+36
9.96921e+36
9.96921e+36
9.96921e+36
9.96921e+36
9.96921e+36
9.96921e+36
9.96921e+36
9.96921e+36
9.96921e+36
9.96921e+36
9.96921e+36
9.96921e+36
 1
1.029249
1.244335
1.691365
2.2324
2.725713
3.456814
5.041903
8.258569
12.06153
16.19842
19.91113
23.25017
26.30694
29.46794
32.92543
35.85454
37.74033
38.9892
40.18742
41.59811
42.17819
42.3049
42.32371
9.96921e+36
9.96921e+36
9.96921e+36
9.96921e+36
9.96921e+36
9.96921e+36
9.96921e+36
9.96921e+36
9.96921e+36
9.96921e+36
9.96921e+36
9.96921e+36
9.96921e+36
9.96921e+36
9.96921e+36
9.96921e+36
9.96921e+36
9.96921e+36
9.96921e+36
9.96921e+36
9.96921e+36
9.96921e+36
9.96921e+36
9.96921e+36
9.96921e+36
