0.9213937
0.8903522
0.8622733
0.827567
0.800027
0.8311681
1.027354
1.331604
1.512665
1.527443
1.540227
1.616058
1.663662
1.675639
1.66017
1.487853
1.227336
0.9609073
0.6816966
0.4195293
0.2477045
0.1451174
0.07858589
0.04078607
0.02328991
0.01564972
0.01340121
0.00862525
0.001
0.001
0.001
0.001
0.002421148
0.002739526
0.003055277
0.003430784
0.003896108
0.004419601
0.8509253
0.853986
0.8547559
0.8648856
0.9042931
1.003442
1.19087
1.456122
1.675478
1.681563
1.670469
1.812257
1.896438
1.890347
1.8002
1.604681
1.32997
1.040395
0.7303167
0.4366396
0.2553837
0.159748
0.0936891
0.048941
0.02837541
0.02020066
0.01587506
0.01004007
0.0020875
0.0008193773
0.000962626
0.001050752
0.002422169
0.002794147
0.003068274
0.003433203
0.003901299
0.004437079
0.8541346
0.8352901
0.8886342
0.9758433
1.091266
1.220897
1.373524
1.546073
1.697583
1.745632
1.801456
1.871248
1.916068
1.885122
1.816625
1.68938
1.414174
1.112358
0.7505019
0.4324992
0.2395917
0.137302
0.07765156
0.0442774
0.02726288
0.01624425
0.01190866
0.008071065
0.002228838
0.0007903676
0.0009196955
0.001020131
0.002318312
0.002845206
0.003103285
0.003455068
0.003917816
0.004466822
0.8359903
0.823719
0.9432067
1.050549
1.160966
1.279364
1.391344
1.455589
1.566492
1.632033
1.707195
1.772089
1.805495
1.795816
1.711283
1.554674
1.326566
1.056292
0.7548786
0.46231
0.2554475
0.1412936
0.07879746
0.04232811
0.0266421
0.01478551
0.009723553
0.005460431
0.001592133
0.0008614701
0.0009276205
0.001264533
0.002398238
0.002876873
0.003121414
0.003462175
0.003922984
0.004485914
0.906774
0.9442605
1.050736
1.141538
1.204429
1.279337
1.393907
1.519781
1.657423
1.775505
1.838588
1.922923
1.950863
1.933283
1.828791
1.615317
1.367374
1.108386
0.7962016
0.4903594
0.2711685
0.1498721
0.08292893
0.04342848
0.02638172
0.0135471
0.007934681
0.00418191
0.001541932
0.0008942121
0.0009373096
0.00155745
0.002593381
0.002974523
0.003145574
0.003481007
0.003951549
0.004549537
0.9414687
0.9983194
1.097678
1.18378
1.244946
1.310813
1.440528
1.603926
1.749166
1.867015
1.96094
2.051081
2.050197
2.006029
1.891767
1.660668
1.370314
1.084165
0.7911171
0.5015019
0.2863275
0.1612909
0.08837495
0.04527729
0.0269865
0.01344041
0.006372919
0.00262264
0.001252602
0.000910248
0.0009562137
0.00178235
0.002811047
0.003100949
0.003206225
0.003478454
0.003956149
0.004591631
0.9659849
1.061394
1.165978
1.253757
1.312594
1.374403
1.519696
1.715881
1.869331
1.994791
2.161293
2.339381
2.30691
2.149971
1.905833
1.605214
1.30267
1.024969
0.7920513
0.5267678
0.3102343
0.1738845
0.09252313
0.04606162
0.0245854
0.0162876
0.008118966
0.001947237
0.0008819165
0.0009263002
0.001042375
0.002059346
0.002971578
0.003172503
0.003245235
0.003483038
0.003954512
0.004589349
1.001131
1.179404
1.294942
1.376602
1.427992
1.478147
1.6349
1.866926
2.02413
2.142542
2.329555
2.613158
2.578445
2.39143
2.123016
1.734672
1.313434
0.9855673
0.7441625
0.5118472
0.3094558
0.1757326
0.09449908
0.04678165
0.02402155
0.01922685
0.01092967
0.002680002
0.0008781553
0.0009470779
0.001066569
0.002002772
0.002912311
0.003185534
0.003266419
0.00348439
0.003952824
0.004591567
1.081488
1.31563
1.438752
1.514556
1.560467
1.606576
1.787277
2.089175
2.289049
2.415443
2.490047
2.529432
2.801233
2.799813
2.410922
1.859373
1.391545
1.078817
0.7956968
0.5175574
0.310178
0.1767886
0.09560657
0.0482453
0.02425823
0.01784026
0.01342816
0.003822231
0.0009748142
0.0009332302
0.001018536
0.001652302
0.002594073
0.003043089
0.003274262
0.003533321
0.003984363
0.004605911
1.135534
1.361267
1.49305
1.57312
1.622567
1.636789
1.757954
2.078871
2.387158
2.552433
2.805305
2.973601
3.192505
3.051879
2.530707
1.95724
1.552706
1.209014
0.8312749
0.5184317
0.3124671
0.1791303
0.09632398
0.04875904
0.0247782
0.02005261
0.01371749
0.004901966
0.001143696
0.0009273484
0.0009973227
0.001376127
0.002329133
0.002911866
0.003271371
0.003608334
0.004058371
0.004632416
1.227554
1.259821
1.428454
1.537249
1.601869
1.600894
1.588381
1.8048
2.222487
2.534349
2.931585
3.233082
3.365553
3.12718
2.590865
2.099862
1.70044
1.268945
0.8352523
0.5263425
0.3225628
0.1831753
0.09609492
0.04702141
0.02469494
0.0203744
0.01209348
0.004554288
0.001223769
0.0009014831
0.0009731345
0.001233559
0.002195002
0.00284525
0.003285828
0.003684546
0.004138242
0.00467707
1.308667
1.296837
1.448505
1.543439
1.600881
1.602802
1.57914
1.822301
2.253021
2.585353
3.004458
3.430452
3.526823
3.181196
2.659448
2.192399
1.749057
1.277413
0.8599687
0.5512704
0.3285521
0.183744
0.09566328
0.04617146
0.02531349
0.02035018
0.009717324
0.003337387
0.001079256
0.0008664759
0.0009657184
0.001316415
0.00227186
0.002950431
0.003390455
0.003789129
0.004230832
0.004739135
1.375801
1.349454
1.445532
1.519947
1.572724
1.571799
1.575877
1.898732
2.336904
2.688057
3.227533
3.693362
3.684122
3.241121
2.750155
2.267143
1.790645
1.326366
0.8811687
0.5646003
0.3355766
0.1902166
0.09907891
0.04825109
0.02730709
0.02023714
0.008270321
0.002009687
0.0009688465
0.000922536
0.0009693576
0.00138159
0.002372309
0.00308601
0.003541233
0.003923479
0.004333402
0.00480149
1.45791
1.4332
1.436367
1.487575
1.51709
1.527299
1.582842
2.007278
2.49349
2.852648
3.46272
3.892883
3.778653
3.287251
2.815347
2.388527
1.828258
1.25622
0.8767161
0.5937333
0.3597269
0.201812
0.1048216
0.05396459
0.03332741
0.01886562
0.007733753
0.002037447
0.0009498183
0.0009706003
0.0009798165
0.001484094
0.002464639
0.003203347
0.003673713
0.004036445
0.004412361
0.004837533
1.556941
1.514135
1.492429
1.585291
1.609026
1.606085
1.655995
2.120824
2.644782
3.06171
3.667711
4.064751
3.885922
3.345449
2.823318
2.32717
1.756873
1.208538
0.8573909
0.5965154
0.3642334
0.2023793
0.1040475
0.05232109
0.03438621
0.01637251
0.006534096
0.00198786
0.001018377
0.001080543
0.001153189
0.001586563
0.002505206
0.003255477
0.003761335
0.004116612
0.004462258
0.004850861
1.618114
1.573823
1.525842
1.545558
1.611619
1.636079
1.665957
2.079617
2.582148
3.091489
3.744823
4.119744
3.808701
3.255611
2.853864
2.370166
1.687212
1.103202
0.8555782
0.6042863
0.3708051
0.2085809
0.1091312
0.05726543
0.03758062
0.01680314
0.005774479
0.001533162
0.001040365
0.001176278
0.001327334
0.001704769
0.002518525
0.003262609
0.003790878
0.004159708
0.004494861
0.004874768
1.641166
1.59274
1.542674
1.465808
1.446754
1.530673
1.660888
1.999024
2.468565
3.045397
3.785223
3.881439
3.474043
3.2484
3.003315
2.35471
1.498362
0.8452933
0.8002546
0.5785522
0.3687553
0.2109842
0.1108643
0.06770431
0.03354883
0.01530588
0.005827434
0.001361275
0.001031805
0.001245192
0.001475405
0.001840116
0.002533346
0.003262178
0.003816823
0.004201506
0.004537985
0.00491251
1.453261
1.4151
1.371625
1.30161
1.255783
1.340556
1.594347
1.926632
2.378373
2.96497
3.571624
3.43871
3.256366
3.275044
3.026651
2.367832
1.373912
0.7071161
0.6185132
0.5578061
0.3809681
0.2226003
0.1236801
0.06524384
0.02494726
0.01252402
0.005800263
0.001501509
0.001051974
0.001270397
0.001519173
0.001883516
0.00252359
0.003255364
0.003838269
0.004241113
0.004574117
0.004936754
1.283365
1.245593
1.210623
1.163167
1.109262
1.177881
1.469679
1.812553
2.220947
2.79479
3.088814
3.063546
3.362927
3.421694
2.968011
2.35184
1.644704
0.699303
0.4224777
0.4805688
0.3614078
0.2082559
0.1031871
0.04379289
0.01979398
0.0110714
0.005004125
0.001539015
0.001150121
0.001288091
0.001519099
0.001890533
0.002512408
0.003201433
0.003794503
0.004224002
0.004555908
0.004921167
1.220168
1.18745
1.151268
1.098487
1.065312
1.052721
1.287121
1.600018
1.905583
2.421132
2.650573
2.924231
3.338764
3.340911
2.872448
2.174692
1.452653
0.7147731
0.3792115
0.245219
0.1088968
0.05679743
0.03896988
0.02614472
0.0168575
0.01012137
0.004740074
0.00156028
0.001275532
0.001365769
0.001534549
0.001870451
0.002452292
0.003130818
0.003753355
0.004210892
0.004543667
0.004893046
1.149346
1.113758
1.074133
1.017569
0.9719444
0.9773257
1.104684
1.311206
1.578094
1.880963
2.134866
2.603432
2.918518
2.811231
2.472431
2.045973
1.575129
1.05583
0.6368125
0.1933978
0.03310127
0.0114837
0.01383252
0.01432156
0.01274392
0.008044117
0.003825419
0.001547313
0.001398069
0.001448639
0.001536214
0.001840711
0.002413194
0.003096591
0.00373502
0.004203378
0.004529676
0.004861658
0.9196423
0.8965678
0.8665382
0.8196111
0.7934736
0.8047638
0.879113
1.063796
1.355628
1.672362
2.029109
2.565612
2.673725
2.574754
2.212188
1.853693
1.44706
0.9734746
0.3851911
0.1313426
0.05010611
0.02726153
0.01770835
0.01344185
0.0101311
0.00604326
0.003069998
0.001607407
0.001509495
0.001541392
0.001568226
0.001857577
0.00243619
0.003122329
0.00373124
0.004175783
0.004487125
0.004808271
0.7799994
0.7726685
0.7606227
0.7424138
0.717402
0.6841385
0.6645508
0.757463
1.004433
1.466205
1.906456
2.297983
2.38979
2.28337
2.163135
1.752883
1.19575
0.5792386
0.2782873
0.1431286
0.07207246
0.03707602
0.01975417
0.01250471
0.007826618
0.004402689
0.002540371
0.001578579
0.001619703
0.001638982
0.001611882
0.001863259
0.002420838
0.003092308
0.003689652
0.004131021
0.004438488
0.004747327
0.7372684
0.7418435
0.7412951
0.7352685
0.7226719
0.6926896
0.6403493
0.6234883
0.8005182
1.27847
1.778313
2.000194
2.0256
1.86296
1.860752
1.525162
0.9612709
0.4695376
0.2569617
0.1545665
0.08915448
0.04656394
0.02228012
0.01135839
0.005501347
0.002931917
0.002144014
0.001630794
0.001721893
0.001694718
0.001678454
0.001912317
0.002428342
0.003074791
0.003665209
0.004105893
0.004417094
0.004723727
 0
 0
 0
 0
 0
 0
 0
 0
 0
 0
 0
 0
 0
 0
 0
 0
 0
 0
 0
 0
 0
 0
 0
 0
 0
 0
 0
 0
 0
 0
 0
 0
 0
 0
 0
 0
 0
 0
 0
 0
 0
 0
 0
 0
 0
 0
 0
 0
 0
 0
 0
 0
 0
 0
 0
 0
 0
 0
 0
 0
 0
 0
 0
 0
 0
 0
 0
 0
 0
 0
 0
 0
 0
 0
 0
 0
 0
 0
 0
 0
 0
 0
 0
 0
 0
0.02282585
0.01347444
0.05522978
0.1365151
0.2049824
0.1212116
 0
 0
 0
 0
 0
 0
 0
 0
 0
 0
 0
 0
 0
 0
 0
 0
 0
 0
 0
 0
 0
 0
 0
 0
 0
 0
 0
 0
 0
 0
 0
 0
 0
 0
 0
 0
 0
 0
 0
 0
 0
 0
 0
 0
 0
 0
 0
 0
 0
 0
 0
 0
 0
 0
 0
 0
 0
 0
 0
 0
 0
 0
 0
 0
 0
 0
 0
 0
 0
 0
 0
 0
 0
 0
 0
 0
 0
 0
 0
 0
 0
 0
 0
 0
 0
 0
 0
 0
 0
 0
 0
 0
 0
 0
 0
 0
 0
 0
 0
 0
 0
 0
 0
 0
 0
 0
 0
 0
 0
 0
 0
 0
 0
 0
 0
 0
 0
 0
 0
 0
 0
 0
 0
 0
 0
 0
 0
 0
 0
 0
 0
 0
 0
 0
 0
 0
 0
 0
 0
 0
 0
 0
 0
 0
 0
 0
 0
 0
 0
 0
 0
 0
 0
 0
 0
 0
 0
 0
 0
 0
 0
 0
 0
 0
 0
 0
 0
 0
 0
 0
 0
 0
 0
 0
 0
 0
 0
 0
 0
 0
 0
 0
 0
 0
 0
 0
 0
 0
 0
 0
 0
 0
 0
 0
 0
 0
 0
 0
 0
 0
 0
 0
 0
 0
 0
 0
 0
 0
 0
 0
 0
 0
 0
 0
 0
 0
 0
 0
 0
 0
 0
 0
 0
 0
 0
 0
 0
 0
 0
 0
 0
 0
 0
 0
 0
 0
 0
 0
 0
 0
 0
 0
 0
 0
 0
 0
 0
 0
 0
 0
 0
 0
 0
 0
 0
 0
 0
 0
 0
 0
 0
 0
 0
 0
 0
 0
 0
 0
 0
 0
 0
 0
 0
 0
 0
 0
 0
 0
 0
 0
 0
 0
 0
 0
 0
 0
 0
 0
 0
 0
 0
 0
 0
 0
 0
 0
 0
 0
 0
 0
 0
0.02719875
0.002036436
 0
 0
 0
 0
 0
 0
 0
 0
 0
 0
 0
 0
 0
 0
 0
 0
 0
 0
 0
 0
 0
 0
 0
 0
 0
 0
 0
 0
 0
 0
 0
 0
 0
0.01118919
0.01521084
0.02747379
0.04822717
0.03048421
 0
 0
 0
 0
 0
 0
 0
 0
 0
 0
 0
 0
 0
 0
 0
 0
 0
 0
 0
 0
 0
 0
 0
 0
 0
 0
 0
 0
 0
 0
 0
 0
 0
0.01574459
0.02226598
0.04557048
0.05767596
0.04140612
 0
 0
 0
 0
 0
 0
 0
 0
 0
 0
 0
 0
 0
 0
 0
 0
 0
 0
 0
 0
 0
 0
 0
 0
 0
 0
 0
 0
 0
 0
 0
 0
 0
0.01996967
0.03096432
0.0594691
0.06878264
0.0568729
0.0490518
0.006189954
 0
 0
 0
 0
 0
 0
 0
 0
 0
 0
 0
 0
 0
 0
 0
 0
 0
 0
 0
 0
 0
 0
 0
 0
 0
 0
 0
 0
 0
 0
 0
0.01024761
0.02478771
0.0397502
0.04884976
0.0364278
0.01431317
 0
 0
 0
 0
 0
 0
 0
 0
 0
 0
 0
 0
 0
 0
 0
 0
 0
 0
 0
 0
 0
 0
 0
 0
 0
 0
 0
 0
 0
 0
 0
 0
 0
0.01934706
0.03672051
0.03637613
0.007159533
 0
 0
 0
 0
 0
 0
 0
 0
 0
 0
 0
 0
 0
 0
 0
 0
 0
 0
 0
 0
 0
 0
 0
 0
 0
 0
 0
 0
 0
 0
 0
 0
 0
 0
0.04177734
0.06667627
0.0502977
0.04197773
0.04039287
 0
 0
 0
 0
 0
 0
 0
 0
 0
 0
 0
 0
 0
 0
 0
 0
 0
 0
 0
 0
 0
 0
 0
 0
 0
 0
 0
 0
 0
 0
 0
 0
 0
0.04896079
0.04978902
0.04284284
0.06858635
0.04967577
0.2854254
 0
 0
 0
 0
 0
 0
 0
 0
 0
 0
 0
 0
 0
 0
 0
 0
 0
 0
 0
 0
 0
 0
 0
 0
 0
 0
 0
 0
 0
 0
 0
 0
 0
 0
 0
0.005963257
0.05887723
0.01295697
0.1250539
 0
 0
 0
 0
 0
 0
 0
 0
 0
 0
 0
 0
 0
 0
 0
 0
 0
 0
 0
 0
 0
 0
 0
 0
 0
 0
 0
 0
 0
 0
 0
 0
 0
0.04374816
0.1516588
0.1405214
0.1791403
 0
 0
 0
 0
 0
 0
 0
 0
 0
 0
 0
 0
 0
 0
 0
 0
 0
 0
 0
 0
 0
 0
 0
 0
 0
 0
 0
 0
 0
 0
 0
 0
 0
 0
 0
 0
 0
 0
 0
 0
 0
 0
 0
 0
 0
 0
 0
 0
 0
 0
 0
 0
 0
 0
 0
 0
 0
 0
 0
 0
 0
 0
 0
 0
 0
 0
 0
 0
 0
 0
 0
 0
 0
 0
 0
 0
 0
 0
 0
 0
 0
 0
 0
 0
 0
 0
 0
 0
 0
 0
 0
 0
 0
 0
 0
 0
 0
 0
 0
 0
 0
 0
 0
 0
 0
 0
 0
 0
 0
 0
 0
 0
 0
 0
 0
 0
 0
 0
 0
 0
 0
 0
 0
 0
 0
 0
 0
 0
 0
 0
 0
 0
 0
 0
 0
 0
 0
 0
 0
 0
 0
 0
 0
 0
 0
 0
 0
 0
 0
 0
 0
 0
 0
 0
 0
 0
 0
 0
 0
 0
 0
 0
 0
 0
 0
 0
 0
 0
 0
 0
 0
 0
 0
 0
 0
 0
 0
 0
 0
 0
 0
 0
 0
 0
 0
 0
 0
 0
 0
 0
 0
 0
 0
 0
 0
 0
 0
 0
 0
 0
 0
 0
 0
 0
 0
 0
 0
 0
 0
 0
 0
 0
 0
 0
 0
 0
 0
 0
 0
 0
 0
 0
 0
 0
 0
 0
 0
 0
 0
 0
 0
 0
 0
 0
 0
 0
 0
 0
 0
 0
 0
 0
 0
 0
 0
 0
 0
 0
 0
 0
 0
 0
 0
 0
 0
 0
 0
 0
 0
 0
 0
 0
 0
 0
 0
 0
 0
 0
 0
 0
 0
 0
 0
 0
 0
 0
 0
 0
 0
 0
 0
 0
 0
 0
 0
 0
 0
 0
 0
 0
 0
 0
 0
 0
 0
 0
 0
 0
 0
 0
 0
 0
 0
 0
 0
 0
 0
 0
 0
 0
 0
 0
 0
 0
 0
 0
 0
 0
 0
 0
 0
 0
 0
 0
 0
 0
 0
 0
 0
 0
 0
 0
 0
 0
 0
 0
 0
 0
 0
 0
 0
 0
 0
 0
 0
 0
 0
 0
 0
 0
 0
 0
 0
 0
 0
 0
 0
 0
 0
 0
 0
 0
 0
 0
 0
 0
 0
 0
 0
 0
 0
 0
 0
 0
 0
 0
 0
 0
 0
 0
 0
 0
 0
 0
 0
 0
 0
 0
 0
 0
 0
 0
 0
 0
 0
 0
 0
 0
 0
 0
 0
 0
 0
 0
 0
 0
 0
 0
 0
 0
 0
 0
 0
 0
 0
 0
 0
 0
 0
 0
 0
 0
 0
 0
 0
 0
 0
 0
 0
 0
 0
 0
 0
 0
 0
 0
 0
 0
 0
 0
 0
 0
 0
 0
 0
 0
 0
 0
 0
 0
 0
 0
 0
 0
 0
 0
 0
 0
 0
 0
 0
 0
 0
 0
 0
 0
 0
 0
 0
 0
 0
 0
 0
 0
 0
 0
 0
 0
 0
 0
 0
 0
 0
 0
 0
 0
 0
 0
 0
 0
 0
 0
 0
 0
 0
 0
 0
 0
 0
 0
 0
 0
 0
 0
 0
 0
 0
 0
 0
 0
 0
 0
 0
 0
 0
 0
 0
 0
 0
 0
1.335975e-09
3.201798e-09
5.131922e-09
5.291033e-09
1.027162e-09
 0
 0
 0
 0
 0
 0
 0
 0
 0
 0
 0
 0
 0
 0
 0
 0
 0
 0
 0
 0
 0
 0
 0
 0
 0
 0
 0
 0
 0
 0
 0
 0
 0
 0
 0
1.485848e-07
1.494677e-06
5.403341e-06
5.523878e-06
2.557523e-06
3.449313e-07
 0
 0
 0
 0
 0
 0
 0
 0
 0
 0
 0
 0
 0
 0
 0
 0
 0
 0
 0
 0
 0
 0
 0
 0
 0
 0
 0
 0
 0
 0
 0
 0
2.67205e-07
2.913837e-06
1.117776e-05
1.05594e-05
4.045719e-06
4.318285e-07
 0
 0
 0
 0
 0
 0
 0
 0
 0
 0
 0
 0
 0
 0
 0
 0
 0
 0
 0
 0
 0
 0
 0
 0
 0
 0
 0
 0
 0
 0
 0
9.65106e-07
7.780513e-06
2.437396e-05
2.91042e-05
1.643899e-05
3.743481e-06
5.106696e-09
 0
 0
 0
 0
 0
 0
 0
 0
 0
 0
 0
 0
 0
 0
 0
 0
 0
 0
 0
 0
 0
 0
 0
 0
 0
 0
 0
 0
 0
 0
1.658423e-06
9.856368e-06
2.567187e-05
3.612909e-05
3.09473e-05
1.193736e-05
1.691214e-06
 0
 0
 0
 0
 0
 0
 0
 0
 0
 0
 0
 0
 0
 0
 0
 0
 0
 0
 0
 0
 0
 0
 0
 0
 0
 0
 0
1.38561e-05
1.600331e-05
1.930449e-05
2.433638e-05
3.169783e-05
4.15188e-05
5.038837e-05
4.949542e-05
3.045409e-05
1.123826e-05
2.847034e-06
1.986343e-07
 0
 0
 0
 0
 0
 0
 0
 0
 0
 0
 0
 0
 0
 0
 0
 0
 0
 0
 0
 0
 0
 0
 0
 0
 0
 0
 0
 0
 0
 0
 0
 0
 0
8.634764e-07
5.32206e-06
5.918816e-06
2.342777e-06
1.587721e-07
 0
 0
 0
 0
 0
 0
 0
 0
 0
 0
 0
 0
 0
 0
 0
 0
 0
 0
 0
 0
 0
 0
 0
 0
 0
 0
 0
 0
 0
 0
 0
 0
2.791888e-08
4.231748e-07
2.243038e-06
2.907159e-06
1.004894e-06
 0
 0
 0
 0
 0
 0
 0
 0
 0
 0
 0
 0
 0
 0
 0
 0
 0
 0
 0
 0
 0
 0
 0
 0
 0
 0
 0
 0
 0
 0
 0
 0
 0
3.309994e-08
3.451221e-07
1.368623e-06
1.688628e-06
7.972403e-07
3.738111e-07
3.777144e-07
3.414662e-07
2.477954e-07
9.570795e-08
 0
 0
 0
 0
 0
 0
 0
 0
 0
 0
 0
 0
 0
 0
 0
 0
 0
 0
 0
 0
 0
 0
 0
 0
 0
 0
 0
 0
 0
 0
 0
 0
 0
 0
 0
 0
 0
 0
 0
 0
 0
 0
 0
 0
 0
 0
 0
 0
 0
 0
 0
 0
 0
 0
 0
 0
 0
 0
 0
 0
 0
 0
 0
 0
 0
 0
 0
 0
 0
 0
 0
 0
 0
 0
 0
 0
 0
 0
 0
 0
 0
 0
 0
 0
 0
 0
 0
 0
 0
 0
 0
 0
 0
 0
 0
 0
 0
 0
 0
 0
 0
 0
 0
 0
 0
 0
 0
 0
 0
 0
 0
 0
 0
 0
 0
 0
 0
 0
 0
 0
 0
 0
 0
 0
 0
 0
 0
 0
 0
 0
 0
 0
 0
 0
 0
 0
 0
 0
 0
 0
 0
 0
 0
 0
 0
 0
 0
 0
 0
 0
 0
 0
 0
 0
 0
 0
 0
 0
 0
 0
 0
 0
 0
 0
 0
 0
 0
 0
 0
 0
 0
 0
 0
 0
 0
 0
 0
 0
 0
 0
 0
 0
 0
 0
 0
 0
 0
 0
 0
 0
 0
 0
 0
 0
 0
 0
 0
 0
 0
 0
 0
 0
 0
 0
 0
 0
 0
 0
 0
 0
 0
 0
 0
 0
 0
 0
 0
 0
 0
 0
 0
 0
 0
 0
 0
 0
 0
 0
 0
 0
 0
 0
 0
 0
 0
 0
 0
 0
 0
 0
 0
 0
 0
 0
 0
 0
 0
 0
 0
 0
 0
 0
 0
 0
 0
 0
 0
 0
 0
 0
 0
 0
 0
 0
 0
 0
 0
 0
 0
 0
 0
 0
 0
 0
 0
 0
 0
 0
 0
 0
 0
 0
 0
 0
 0
 0
 0
 0
 0
 0
 0
 0
 0
 0
 0
 0
 0
 0
 0
 0
 0
 0
 0
 0
 0
 0
 0
 0
 0
 0
 0
 0
 0
 0
 0
 0
 0
 0
 0
 0
 0
 0
 0
 0
 0
 0
 0
 0
 0
 0
 0
 0
 0
 0
 0
 0
 0
1.335421e-09
4.035939e-08
2.586503e-07
2.243706e-07
1.870997e-06
5.41049e-05
0.0006368173
0.003061453
0.005965159
0.006104419
0.007309113
0.006319913
0.00346313
0.0001475774
 0
 0
 0
 0
 0
 0
 0
 0
 0
 0
 0
 0
 0
 0
 0
 0
 0
 0
 0
1.276671e-09
3.989889e-08
3.54195e-07
1.239403e-06
3.622394e-06
1.19437e-05
4.028192e-05
7.491147e-05
7.383068e-05
0.0001136411
0.000855465
0.003084435
0.006695634
0.01017132
0.01016889
0.009141617
0.007025285
0.004342576
0.0002954917
 0
 0
 0
 0
 0
 0
 0
 0
 0
 0
 0
 0
 0
 0
 0
 0
 0
6.585309e-09
7.31761e-08
8.631977e-07
4.570836e-06
1.242635e-05
1.981766e-05
3.817552e-05
6.798405e-05
9.423926e-05
0.0001441112
1.631421e-05
7.881806e-05
0.001062259
0.00369534
0.006808636
0.01029713
0.01040796
0.009267755
0.007792155
0.004302444
0.0004549974
4.682601e-08
 0
 0
 0
 0
 0
 0
 0
 0
 0
 0
 0
 0
 0
 0
 0
 0
9.162216e-09
1.338063e-07
1.8055e-06
9.388421e-06
2.76381e-05
5.430184e-05
9.092603e-05
0.0001692004
0.0003073009
0.0003545758
0.0005331111
0.0009843062
0.002394694
0.003900428
0.006711995
0.009315999
0.01012817
0.01053564
0.009023131
0.004901162
0.0007092636
2.236183e-08
 0
 0
 0
 0
 0
 0
 0
 0
 0
 0
 0
 0
 0
 0
 0
 0
 0
2.499827e-08
5.396275e-07
5.480429e-06
1.564357e-05
2.730103e-05
4.118762e-05
8.031763e-05
0.000165022
0.0001991296
0.0002030281
0.0002512576
0.0002663382
0.0002462215
0.003261795
0.00931492
0.01172893
0.01129167
0.009192636
0.006831313
0.002728705
4.152499e-05
 0
 0
 0
 0
 0
 0
 0
 0
 0
 0
 0
 0
 0
 0
 0
 0
 0
2.44374e-08
2.828726e-07
2.481457e-06
6.328607e-06
1.402082e-05
1.951528e-05
2.906604e-05
4.152927e-05
6.77858e-05
0.0002000999
0.0003701091
0.0007938303
0.001174115
0.002745376
0.005973116
0.009566414
0.01040389
0.009033768
0.007334732
0.0040883
0.0001700527
1.057586e-07
 0
 0
 0
 0
 0
 0
 0
 0
 0
 0
 0
 0
 0
 0
 0
 0
 0
4.200808e-08
6.618262e-07
2.647889e-06
6.798336e-06
1.394093e-05
2.134756e-05
5.266467e-05
0.0001725539
0.0003558985
0.0007906599
0.00197469
0.002921434
0.004819429
0.008337553
0.01120009
0.01210611
0.01118565
0.009502765
0.005960292
0.002075222
3.5933e-06
 0
 0
 0
 0
 0
 0
 0
 0
 0
 0
 0
 0
 0
 0
 0
 0
 0
1.47328e-08
2.156482e-07
1.199001e-06
5.091677e-06
2.114415e-05
4.116267e-05
0.0001120273
0.0003486869
0.0007288174
0.001538114
0.002549557
0.004478619
0.007801105
0.01039067
0.01258967
0.01241803
0.01107227
0.009654096
0.00532758
0.001028069
2.664346e-08
 0
 0
 0
 0
 0
 0
 0
 0
 0
 0
 0
 0
 0
 0
 0
2.869795e-09
5.05162e-08
9.110967e-09
3.889819e-08
5.773203e-07
5.08832e-06
2.199716e-05
4.366276e-05
0.0001132863
0.0003754904
0.0008624222
0.00225947
0.002589008
0.004555839
0.006101163
0.006926985
0.01042137
0.01147056
0.01123126
0.009428624
0.00514693
0.0007967019
 0
 0
 0
 0
 0
 0
 0
 0
 0
 0
 0
 0
 0
 0
 0
1.262491e-09
3.889751e-08
2.350245e-07
6.324098e-07
1.995427e-06
3.641434e-06
8.085914e-06
2.332628e-05
5.006216e-05
0.0001653406
0.0003856841
0.0009123627
0.002492809
0.003029007
0.005685417
0.007840846
0.01052007
0.01117166
0.01066958
0.0103051
0.008855513
0.004805634
0.000304151
 0
 0
 0
 0
 0
 0
 0
 0
 0
 0
 0
 0
 0
 0
 0
 0
5.824979e-09
1.396168e-07
7.328161e-07
2.90115e-06
4.949037e-06
2.008222e-05
6.018478e-05
0.0001711332
0.0003352554
0.0008419764
0.002047403
0.003746116
0.005901307
0.007709603
0.008200388
0.008662865
0.009628749
0.0103902
0.01049055
0.009306667
0.005528796
0.0001096916
 0
 0
 0
 0
 0
 0
 0
 0
 0
 0
 0
 0
9.617532e-08
1.825923e-07
5.16142e-08
2.359099e-08
7.623506e-09
2.457776e-07
2.132831e-06
9.255029e-06
1.382805e-05
1.994303e-05
4.748689e-05
7.730725e-05
0.0001906285
0.0003421925
0.0009795355
0.002418949
0.004743873
0.008776352
0.01125386
0.01426633
0.01353274
0.01250632
0.01123161
0.007938383
0.00277234
3.685423e-07
 0
 0
 0
 0
 0
 0
 0
 0
 0
 0
 0
 0
1.021436e-08
3.72601e-08
1.699422e-07
1.634266e-09
5.727103e-08
7.293355e-07
4.414341e-06
1.60536e-05
1.880153e-05
1.648442e-05
2.543971e-05
3.210479e-05
6.142462e-05
0.0001352291
0.0003541082
0.0007990572
0.002362524
0.004420013
0.007918172
0.01089183
0.01413638
0.01335116
0.01196615
0.009038082
0.001152885
3.583572e-08
 0
 0
 0
 0
 0
 0
 0
 0
 0
 0
 0
 0
2.280474e-09
1.669016e-08
2.411175e-09
1.136457e-09
4.712251e-08
1.02166e-06
6.262171e-06
1.849176e-05
2.757513e-05
2.021048e-05
6.079722e-06
6.098377e-06
1.944533e-05
3.770683e-05
0.0001110958
0.0003387646
0.0007244368
0.001453207
0.004860781
0.009366353
0.01348268
0.01319961
0.01200027
0.00984977
0.001246558
3.457531e-07
 0
 0
 0
 0
 0
 0
 0
 0
 0
 0
 0
 0
4.192328e-08
3.09302e-07
1.039341e-06
1.046232e-06
9.174615e-07
3.224176e-06
1.532776e-05
3.940439e-05
3.526797e-05
1.922244e-05
4.991045e-06
5.263348e-06
4.516834e-06
3.358461e-06
2.610356e-06
8.276558e-09
5.775557e-07
6.249545e-05
0.002485788
0.008893152
0.01155446
0.01245671
0.01067936
0.002518065
3.936852e-06
 0
 0
 0
 0
 0
 0
 0
 0
 0
 0
 0
 0
 0
8.821977e-07
2.106174e-06
3.203254e-06
4.553689e-06
5.987349e-06
6.098035e-07
7.422526e-06
3.470764e-05
3.115354e-05
1.901289e-05
1.987614e-05
2.12912e-05
2.202773e-05
2.055096e-05
6.507511e-06
1.662566e-06
 0
1.034143e-06
0.0002212283
0.006930009
0.0146292
0.01358193
0.006598919
0.0007846401
9.713244e-09
 0
 0
 0
 0
 0
 0
 0
 0
 0
 0
 0
 0
 0
1.966521e-06
2.579143e-06
3.515787e-06
4.467791e-06
4.685999e-06
3.231242e-06
1.065721e-05
3.303343e-05
4.25871e-05
4.503535e-05
3.776178e-05
3.841514e-05
3.540565e-05
2.209548e-05
6.63576e-06
8.741749e-08
4.29339e-07
 0
9.148138e-09
7.335371e-07
6.336973e-06
1.894034e-05
3.980567e-06
 0
 0
 0
 0
 0
 0
 0
 0
 0
 0
 0
 0
 0
 0
 0
1.494033e-06
2.178152e-06
2.909296e-06
4.02961e-06
5.558444e-06
3.786519e-06
7.575011e-06
1.745234e-05
2.324672e-05
1.809442e-05
8.19692e-06
8.02839e-06
7.728845e-06
5.395957e-06
4.624822e-06
1.169143e-05
1.994622e-05
4.933623e-09
 0
 0
 0
 0
 0
 0
 0
 0
 0
 0
 0
 0
 0
 0
 0
 0
 0
 0
 0
 0
2.743754e-07
3.415001e-07
3.526298e-07
3.019715e-07
2.320737e-07
5.862019e-08
3.167366e-07
9.27299e-07
1.280728e-06
1.314009e-06
1.404739e-06
1.113551e-06
1.292836e-06
2.185994e-06
4.419378e-06
8.257885e-06
3.603421e-05
0.0001068917
2.202415e-05
 0
 0
 0
 0
 0
 0
 0
 0
 0
 0
 0
 0
 0
 0
 0
 0
 0
 0
 0
1.573124e-07
2.358216e-07
3.028502e-07
3.063428e-07
2.271651e-07
 0
 0
 0
2.064977e-08
4.796279e-08
 0
 0
5.018782e-08
2.548942e-06
1.094893e-05
9.87328e-06
2.676606e-06
1.68247e-06
 0
 0
 0
 0
 0
 0
 0
 0
 0
 0
 0
 0
 0
 0
 0
 0
 0
 0
 0
 0
7.227384e-07
1.06904e-06
1.363959e-06
1.450829e-06
1.568684e-06
1.54626e-06
8.656318e-07
3.215953e-07
2.416892e-07
 0
 0
 0
 0
 0
 0
 0
 0
 0
 0
 0
 0
 0
 0
 0
 0
 0
 0
 0
 0
 0
 0
 0
 0
 0
 0
 0
 0
 0
4.755835e-05
7.030773e-05
0.000106856
0.0001723441
0.000276158
0.0003939079
0.0003628781
0.0001326192
 0
3.260145e-08
 0
 0
 0
 0
 0
 0
 0
 0
 0
 0
 0
 0
 0
 0
 0
 0
 0
 0
 0
 0
 0
 0
 0
 0
 0
 0
 0
 0
 0
 0
 0
 0
 0
 0
 0
 0
 0
 0
 0
 0
 0
 0
 0
 0
 0
 0
 0
 0
 0
 0
 0
 0
 0
 0
 0
 0
 0
 0
 0
 0
 0
 0
 0
 0
 0
 0
 0
 0
 0
 0
 0
 0
 0
 0
 0
 0
 0
 0
 0
 0
 0
 0
 0
 0
 0
 0
 0
 0
 0
 0
 0
 0
 0
 0
 0
 0
 0
 0
 0
 0
 0
 0
 0
 0
 0
 0
 0
 0
 0
 0
 0
 0
 0
 0
 0
 0
 0
 0
 0
 0
 0
 0
 0
 0
 0
 0
 0
 0
 0
 0
 0
 0
 0
 0
 0
 0
 0
 0
 0
 0
 0
 0
2.362158e-07
2.34762e-07
2.457846e-07
2.898768e-07
4.040107e-07
6.195038e-07
9.128771e-07
1.211815e-06
1.382947e-06
1.323537e-06
1.048053e-06
6.391144e-07
2.777348e-07
7.859683e-08
 0
 0
 0
 0
 0
 0
 0
 0
 0
 0
 0
 0
 0
 0
 0
 0
 0
 0
 0
 0
 0
 0
 0
 0
3.127495e-07
3.110137e-07
3.122419e-07
3.180437e-07
3.306974e-07
3.511154e-07
3.691785e-07
3.556672e-07
3.071664e-07
2.398984e-07
1.666629e-07
1.030554e-07
5.659432e-08
2.417841e-08
4.417406e-09
 0
 0
 0
 0
 0
 0
 0
 0
 0
 0
 0
 0
 0
 0
 0
 0
 0
 0
 0
 0
 0
 0
 0
4.358489e-08
3.740508e-08
3.058842e-08
2.429259e-08
1.96641e-08
1.785472e-08
2.29989e-08
3.262313e-08
3.541417e-08
2.891712e-08
2.037142e-08
1.622483e-08
1.906272e-08
2.8201e-08
3.56445e-08
3.313668e-08
2.272697e-08
8.726917e-09
 0
 0
 0
 0
 0
 0
 0
 0
 0
 0
 0
 0
 0
 0
 0
 0
 0
 0
 0
 0
2.562091e-09
2.594996e-09
4.198067e-09
9.370314e-09
2.03581e-08
4.026638e-08
7.40202e-08
1.133154e-07
1.373157e-07
1.384732e-07
1.24767e-07
1.070826e-07
9.02148e-08
7.572233e-08
6.030948e-08
4.071879e-08
2.050879e-08
4.819587e-09
 0
 0
 0
 0
 0
 0
 0
 0
 0
 0
 0
 0
 0
 0
 0
 0
 0
 0
 0
 0
1.002072e-07
1.0246e-07
1.063691e-07
1.125001e-07
1.212828e-07
1.342444e-07
1.544417e-07
1.75183e-07
1.758368e-07
1.542442e-07
1.260581e-07
1.032493e-07
8.559575e-08
7.024157e-08
5.285379e-08
3.398961e-08
1.866544e-08
8.748953e-09
 0
 0
 0
 0
 0
 0
 0
 0
 0
 0
 0
 0
 0
 0
 0
 0
 0
 0
 0
 0
1.129955e-07
1.153336e-07
1.19218e-07
1.250661e-07
1.330963e-07
1.459573e-07
1.711257e-07
2.053729e-07
2.209119e-07
2.028774e-07
1.686357e-07
1.363821e-07
1.016536e-07
6.426897e-08
3.66092e-08
2.053216e-08
1.18554e-08
6.20025e-09
 0
 0
 0
 0
 0
 0
 0
 0
 0
 0
 0
 0
 0
 0
 0
 0
 0
 0
 0
 0
3.762481e-06
4.591296e-06
5.766653e-06
7.46977e-06
9.875246e-06
1.300279e-05
1.633661e-05
1.821634e-05
1.645283e-05
1.07732e-05
3.954666e-06
7.221939e-07
3.450401e-07
1.575026e-07
3.231989e-08
1.186296e-09
1.315571e-09
 0
 0
 0
 0
 0
 0
 0
 0
 0
 0
 0
 0
 0
 0
 0
 0
 0
 0
 0
 0
 0
0.0004864492
0.0005045129
0.000521517
0.0005342604
0.0005381234
0.0005268016
0.0004903277
0.0004154372
0.0002936992
0.0001496319
4.401697e-05
3.892877e-06
1.248252e-06
5.442486e-07
4.472496e-08
 0
 0
 0
 0
 0
 0
 0
 0
 0
 0
 0
 0
 0
 0
 0
 0
 0
 0
 0
 0
 0
 0
 0
0.0003161895
0.000326537
0.0003371264
0.0003455763
0.000349958
0.0003479373
0.0003353922
0.0003009703
0.0002264251
0.0001201091
3.582015e-05
3.375168e-06
8.227898e-07
1.900932e-07
 0
 0
 0
 0
 0
 0
 0
 0
 0
 0
 0
 0
 0
 0
 0
 0
 0
 0
 0
 0
 0
 0
 0
 0
0.0001009788
0.0001179956
0.0001435735
0.0001818259
0.0002412753
0.0003352624
0.0004712395
0.0006200465
0.0006957222
0.000613025
0.0003776408
9.889675e-05
2.900969e-06
1.439541e-07
2.517712e-08
 0
 0
 0
 0
 0
 0
 0
 0
 0
 0
 0
 0
 0
 0
 0
 0
 0
 0
 0
 0
 0
 0
 0
0.005405062
0.005535635
0.005697188
0.005869141
0.006021739
0.006106759
0.006027354
0.005664883
0.004916767
0.003868874
0.002691339
0.001377813
0.0001866984
2.842606e-08
4.887664e-09
5.142228e-09
1.075977e-08
 0
 0
 0
 0
 0
 0
 0
 0
 0
 0
 0
 0
 0
 0
 0
 0
 0
 0
 0
 0
 0
0.001900466
0.00193583
0.001981153
0.002034517
0.002075451
0.002080715
0.002006394
0.001796006
0.001411578
0.0009278428
0.0004941628
0.0001874217
4.169785e-05
9.44633e-07
 0
 0
6.210275e-09
 0
 0
 0
 0
 0
 0
 0
 0
 0
 0
 0
 0
 0
 0
 0
 0
 0
 0
 0
 0
 0
0.001066259
0.001111689
0.001172736
0.001252924
0.00134664
0.001430167
0.001461391
0.001378182
0.001125255
0.0007507732
0.000391149
0.0001276078
2.111269e-05
1.741745e-08
 0
1.566866e-08
1.104615e-08
 0
 0
 0
 0
 0
 0
 0
 0
 0
 0
 0
 0
 0
 0
 0
 0
 0
 0
 0
 0
 0
0.00131959
0.001368973
0.001433665
0.001518293
0.001623244
0.001740764
0.001839735
0.001865263
0.001750914
0.001466335
0.001018358
0.0004436849
5.274103e-08
2.679706e-07
3.773414e-09
4.784342e-08
2.463315e-09
 0
 0
 0
 0
 0
 0
 0
 0
 0
 0
 0
 0
 0
 0
 0
 0
 0
 0
 0
 0
 0
0.0005305177
0.0005293912
0.0005260995
0.0005188108
0.000501983
0.0004684134
0.0004084672
0.0003173523
0.0002049413
0.0001033601
5.109176e-05
2.707559e-05
1.145312e-06
1.553302e-07
1.529008e-06
1.335174e-07
 0
 0
 0
 0
 0
 0
 0
 0
 0
 0
 0
 0
 0
 0
 0
 0
 0
 0
 0
 0
 0
 0
8.935759e-05
8.741154e-05
8.522614e-05
8.295379e-05
8.078771e-05
7.904443e-05
7.692682e-05
7.266689e-05
6.505744e-05
5.37456e-05
4.0739e-05
2.953084e-05
1.934346e-05
1.07867e-05
5.627378e-06
2.480069e-06
6.078473e-07
 0
 0
 0
 0
 0
 0
 0
 0
 0
 0
 0
 0
 0
 0
 0
 0
 0
 0
 0
 0
 0
0.0009101292
0.0009403217
0.0009736791
0.001007776
0.001038904
0.001071762
0.001105758
0.001134103
0.001155158
0.001158323
0.001078916
0.0008655583
0.0005451351
0.0002284852
1.668236e-05
2.951539e-08
6.792072e-09
 0
 0
 0
 0
 0
 0
 0
 0
 0
 0
 0
 0
 0
 0
 0
 0
 0
 0
 0
 0
 0
2.428763e-06
2.210194e-06
1.967577e-06
1.687759e-06
1.362254e-06
9.776236e-07
5.043958e-07
6.888479e-08
4.01195e-08
1.309304e-07
1.627498e-07
1.898187e-07
1.461132e-07
1.100285e-08
2.003961e-07
2.929171e-07
1.932894e-07
5.412614e-08
 0
 0
 0
 0
 0
 0
 0
 0
 0
 0
 0
 0
 0
 0
 0
 0
 0
 0
 0
 0
6.531334e-08
6.622884e-08
6.668478e-08
6.78821e-08
7.139948e-08
7.889444e-08
9.017487e-08
1.003454e-07
1.014809e-07
9.205338e-08
7.601328e-08
6.313162e-08
5.806074e-08
3.885208e-08
3.533093e-08
2.940469e-08
1.589553e-08
1.560714e-09
 0
 0
 0
 0
 0
 0
 0
 0
 0
 0
 0
 0
 0
 0
 0
 0
 0
 0
 0
 0
5.672214e-09
6.763688e-09
7.476556e-09
7.576157e-09
7.54344e-09
7.056708e-09
5.48058e-09
2.953465e-09
1.607171e-09
 0
 0
 0
 0
 0
 0
1.202115e-09
 0
 0
 0
 0
 0
 0
 0
 0
 0
 0
 0
 0
 0
 0
 0
 0
 0
 0
 0
 0
 0
 0
 0
 0
 0
 0
 0
 0
 0
 0
 0
 0
 0
 0
 0
 0
 0
 0
 0
 0
 0
 0
 0
 0
 0
 0
 0
 0
 0
 0
 0
 0
 0
 0
 0
 0
 0
 0
 0
 0
 0
 0
 0
 0
 0
 0
 0
 0
 0
 0
 0
 0
 0
 0
 0
 0
 0
 0
 0
 0
 0
 0
 0
 0
 0
 0
 0
 0
 0
 0
 0
 0
 0
 0
 0
 0
 0
 0
 0
 0
 0
 0
 0
 0
 0
 0
 0
 0
 0
 0
 0
 0
 0
 0
 0
 0
 0
 0
1.472891e-09
2.118862e-08
3.818516e-08
 0
 0
 0
 0
 0
 0
 0
 0
 0
 0
 0
 0
 0
 0
 0
 0
 0
 0
 0
 0
 0
 0
1.005359e-08
1.431344e-07
3.645752e-06
5.421789e-05
0.0003264177
0.0009263972
0.00144529
0.002483991
0.01062386
0.03287173
0.05665492
0.05207718
0.0310285
0.01744962
0.01011212
0.005102806
0.00112127
4.840508e-05
 0
 0
 0
 0
 0
 0
 0
 0
 0
 0
 0
 0
 0
0.4439685
0.4535868
0.445556
0.4392367
0.4305742
0.4167881
0.3947799
0.3612972
0.3160695
0.2759763
0.2383954
0.2024729
0.1715136
0.1469331
0.128599
0.1188273
0.1153905
0.1097368
0.09804431
0.07722866
0.04940443
0.02391258
0.008217918
0.001169756
3.824249e-05
1.312475e-08
 0
 0
 0
 0
 0
 0
 0
 0
 0
 0
 0
 0
0.1614868
0.1588328
0.1550985
0.1545523
0.1585209
0.1667418
0.1784278
0.188648
0.1878532
0.1790931
0.1694791
0.1626423
0.153415
0.1414921
0.1334828
0.133102
0.1360474
0.1330464
0.1207344
0.0927506
0.0549898
0.02576463
0.009335873
0.001771718
4.979319e-05
6.775689e-08
 0
 0
 0
 0
 0
 0
 0
 0
 0
 0
 0
 0
0.1760014
0.1762809
0.1769584
0.1809599
0.1896626
0.2024989
0.2167829
0.2268427
0.2229861
0.2099223
0.2017149
0.2009386
0.1976756
0.1851801
0.1742852
0.1683593
0.1598071
0.1425853
0.1149038
0.08333433
0.05328044
0.02781903
0.01049908
0.002228029
0.0001959705
8.646212e-08
 0
 0
 0
 0
 0
 0
 0
 0
 0
 0
 0
 0
0.269429
0.2700051
0.2735928
0.2825094
0.2981964
0.3196963
0.3411354
0.3521871
0.3373942
0.3021937
0.2741013
0.262282
0.2594591
0.2494794
0.2290179
0.193024
0.1478871
0.1120431
0.1006066
0.09777521
0.07333692
0.04207883
0.01763083
0.004210139
0.0004776318
1.255086e-07
8.31191e-09
 0
 0
 0
 0
 0
 0
 0
 0
 0
 0
 0
0.5765933
0.5661556
0.5697151
0.5836651
0.6085475
0.6426719
0.6754566
0.6945318
0.6808015
0.6375134
0.6013983
0.5836761
0.5814649
0.5640581
0.5118676
0.4252047
0.3196131
0.2233535
0.1573051
0.1190913
0.0865554
0.05019999
0.02257937
0.007134154
0.0007409853
4.303195e-07
1.287507e-08
 0
 0
 0
 0
 0
 0
 0
 0
 0
 0
 0
0.7891178
0.7606323
0.756239
0.7653249
0.7869232
0.8207661
0.8545344
0.8740289
0.8559061
0.7916962
0.7303925
0.6977185
0.6617969
0.616954
0.5573059
0.4749442
0.3833898
0.3060972
0.2405434
0.1793609
0.1199103
0.06743821
0.03075961
0.01022256
0.001837168
7.820332e-05
3.463805e-08
1.493048e-09
 0
 0
 0
 0
 0
 0
 0
 0
 0
 0
0.8194399
0.7893074
0.780114
0.7844651
0.8013234
0.8363061
0.8794428
0.9180352
0.9239666
0.8628423
0.7634704
0.6954881
0.647921
0.5933712
0.5306793
0.4578306
0.386782
0.3230852
0.2586855
0.1921039
0.1272585
0.07252801
0.03439253
0.01175616
0.002486605
0.0002971264
4.430532e-08
 0
 0
 0
 0
 0
 0
 0
 0
 0
 0
 0
0.704409
0.697051
0.6764361
0.6699002
0.6771809
0.7052005
0.7566265
0.8151299
0.8536738
0.8167144
0.7067207
0.6196807
0.5672929
0.5244967
0.4797342
0.4221954
0.3573164
0.2847668
0.2155299
0.1563108
0.1034399
0.06164858
0.0309583
0.01152138
0.002368312
0.0001601382
6.054877e-08
 0
 0
 0
 0
 0
 0
 0
 0
 0
 0
 0
0.6121531
0.6117113
0.5959824
0.5926049
0.6007901
0.6266354
0.6760046
0.7323029
0.7701858
0.7370795
0.635035
0.5522337
0.5047213
0.4636436
0.4204639
0.3629626
0.2993962
0.2387871
0.1852641
0.1425648
0.1041402
0.06325609
0.03075178
0.01120807
0.001941683
5.022848e-07
6.336019e-08
 0
 0
 0
 0
 0
 0
 0
 0
 0
 0
 0
0.5493249
0.5512999
0.5420552
0.5412918
0.550588
0.5784066
0.6289672
0.6830014
0.7050295
0.6576049
0.5651028
0.5072162
0.4771101
0.4447557
0.4014306
0.3436895
0.2711379
0.206129
0.1733434
0.1456951
0.0998114
0.05602609
0.02730343
0.009654311
0.001552786
6.309111e-08
8.495366e-08
 0
 0
 0
 0
 0
 0
 0
 0
 0
 0
 0
0.5460148
0.5493658
0.5483807
0.5470662
0.5563204
0.5810974
0.624257
0.6640924
0.6669818
0.6074569
0.5209395
0.4666277
0.4481558
0.4088653
0.3516338
0.2726725
0.1919155
0.1541748
0.1511427
0.1424039
0.1030945
0.05550555
0.02474875
0.008179422
0.001165139
9.544296e-08
 0
 0
 0
 0
 0
 0
 0
 0
 0
 0
 0
 0
0.6273274
0.63688
0.6468874
0.6458101
0.6605763
0.68982
0.7295015
0.7524334
0.7460408
0.7014017
0.6404237
0.5993787
0.5684061
0.5401658
0.4998439
0.4163585
0.306148
0.2298842
0.2276627
0.2307917
0.1775891
0.1012668
0.04352527
0.01099527
0.0002653551
7.249386e-08
 0
 0
 0
 0
 0
 0
 0
 0
 0
 0
 0
 0
0.7973745
0.8075009
0.8184448
0.8228195
0.8264184
0.8398812
0.8629827
0.8560705
0.8212069
0.7498706
0.6572121
0.5829757
0.5318683
0.4921946
0.4296868
0.3233455
0.2050447
0.1653752
0.1954772
0.2081458
0.151641
0.08523002
0.03793026
0.01032909
0.0003172082
2.614608e-07
 0
 0
 0
 0
 0
 0
 0
 0
 0
 0
 0
 0
0.5681564
0.5727166
0.5764334
0.5799714
0.5790075
0.568846
0.5552997
0.524431
0.4700871
0.4018672
0.3360121
0.2892194
0.243733
0.1800175
0.1167691
0.07174231
0.03072989
0.04019723
0.132561
0.1699957
0.1260101
0.06979334
0.02561684
0.004010906
6.261946e-07
3.906848e-08
 0
 0
 0
 0
 0
 0
 0
 0
 0
 0
 0
 0
0.2846181
0.287478
0.2905391
0.2947977
0.3002819
0.2991171
0.3021759
0.3077203
0.3009183
0.2812485
0.2547856
0.2285007
0.1923359
0.1466648
0.1088236
0.1082008
0.004727096
0.005852728
0.03644351
0.1227706
0.1175358
0.06171728
0.021106
0.0005822893
6.264255e-07
 0
 0
 0
 0
 0
 0
 0
 0
 0
 0
 0
 0
 0
0.2032868
0.2071197
0.2122496
0.2202893
0.2340494
0.2517863
0.2770832
0.3090523
0.3332669
0.337497
0.3380166
0.3499723
0.3468041
0.3333036
0.3037515
0.2170641
0.1051083
0.00022659
1.107799e-07
2.871083e-06
0.0001025568
0.0001193302
6.220534e-06
6.232386e-09
 0
 0
 0
 0
 0
 0
 0
 0
 0
 0
 0
 0
 0
 0
0.245142
0.2409781
0.2332759
0.2212159
0.2024813
0.1781957
0.1644154
0.1667892
0.1847731
0.2048663
0.2193195
0.2236154
0.2177042
0.1842283
0.1070991
0.05383545
0.02227725
1.08962e-05
7.139973e-07
5.462535e-09
 0
 0
 0
 0
 0
 0
 0
 0
 0
 0
 0
 0
 0
 0
 0
 0
 0
 0
0.5329985
0.5445143
0.5562965
0.5689772
0.5810701
0.5815336
0.5770561
0.5709341
0.5690221
0.5844974
0.6285716
0.686927
0.7581153
0.8292779
0.8822556
0.8665609
0.7228245
0.4355789
0.07264533
5.303876e-06
1.821109e-06
2.98563e-09
3.012969e-09
 0
 0
 0
 0
 0
 0
 0
 0
 0
 0
 0
 0
 0
 0
 0
0.3390289
0.3442689
0.3499271
0.3565115
0.3602618
0.3528701
0.3407732
0.3173073
0.287203
0.2584119
0.2325951
0.2113435
0.2076927
0.2101952
0.2190078
0.2136769
0.1539013
0.05438142
8.477629e-05
7.458391e-08
 0
 0
 0
 0
 0
 0
 0
 0
 0
 0
 0
 0
 0
 0
 0
 0
 0
 0
0.0920717
0.09286308
0.09329388
0.09259386
0.08949979
0.08234665
0.07037495
0.05810086
0.04864121
0.03763965
0.02699039
0.0169998
0.01344873
0.01295974
0.01579013
0.01405235
0.001795943
2.683566e-09
 0
 0
 0
 0
 0
 0
 0
 0
 0
 0
 0
 0
 0
 0
 0
 0
 0
 0
 0
 0
0.0321896
0.03213277
0.03147672
0.02970296
0.02606704
0.01992868
0.01184268
0.004327306
0.00113118
0.00045611
9.251336e-05
3.842403e-05
5.048109e-07
2.317359e-05
0.0001212303
4.629974e-05
8.492508e-09
 0
 0
 0
 0
 0
 0
 0
 0
 0
 0
 0
 0
 0
 0
 0
 0
 0
 0
 0
 0
 0
