0.6273274
158.7379
0.63688
210.2978
0.6468874
275.9895
0.6458101
359.4706
0.6605763
464.9215
0.68982
596.8022
0.7295015
760.1798
0.7524334
961.2784
0.7460408
1206.26
0.7014017
1499.594
0.6404237
1844.774
0.5993787
2242.879
0.5684061
2690.296
0.5401658
3181.312
0.4998439
3714.818
0.4163585
4294.533
0.306148
4923.704
0.2298842
5604.514
0.2276627
6340.673
0.2307917
7115.497
0.1775891
7891.48
0.1012668
8649.781
0.04352527
9389.207
0.01099527
10109.5
0.0002653551
10814.08
7.249386e-08
11510.25
 0
12206.55
 0
12906.98
 0
13610.8
 0
14316.3
 0
15020.84
 0
15722.31
 0
16419.82
 0
17113.11
 0
17802.01
 0
18486.66
 0
19167.88
 0
19846.43
