 1
0.9800034
1.005767
1.494551
2.112812
2.63226
3.317108
4.780264
7.445973
10.48528
13.64561
16.50773
19.0502
21.58268
24.36525
27.71837
30.95698
32.72611
33.52924
34.2235
35.74101
37.70853
38.2783
38.38266
9.96921e+36
9.96921e+36
9.96921e+36
9.96921e+36
9.96921e+36
9.96921e+36
9.96921e+36
9.96921e+36
9.96921e+36
9.96921e+36
9.96921e+36
9.96921e+36
9.96921e+36
9.96921e+36
9.96921e+36
9.96921e+36
9.96921e+36
9.96921e+36
9.96921e+36
9.96921e+36
9.96921e+36
9.96921e+36
9.96921e+36
9.96921e+36
9.96921e+36
 1
0.98
1.006768
1.476004
2.111781
2.656631
3.275977
4.461752
6.883967
9.781929
12.9718
15.9522
18.60574
21.27002
23.94126
27.00045
30.03299
31.81777
32.68346
33.50903
35.36813
37.22046
37.76252
37.89355
9.96921e+36
9.96921e+36
9.96921e+36
9.96921e+36
9.96921e+36
9.96921e+36
9.96921e+36
9.96921e+36
9.96921e+36
9.96921e+36
9.96921e+36
9.96921e+36
9.96921e+36
9.96921e+36
9.96921e+36
9.96921e+36
9.96921e+36
9.96921e+36
9.96921e+36
9.96921e+36
9.96921e+36
9.96921e+36
9.96921e+36
9.96921e+36
9.96921e+36
 1
0.9214661
0.9557395
1.430564
1.873836
2.225875
2.769553
4.062838
6.575064
9.398096
12.07651
14.40594
16.4513
18.42586
20.84138
23.96878
27.2745
29.16372
30.03392
30.81954
31.6876
34.03448
34.86784
35.03489
9.96921e+36
9.96921e+36
9.96921e+36
9.96921e+36
9.96921e+36
9.96921e+36
9.96921e+36
9.96921e+36
9.96921e+36
9.96921e+36
9.96921e+36
9.96921e+36
9.96921e+36
9.96921e+36
9.96921e+36
9.96921e+36
9.96921e+36
9.96921e+36
9.96921e+36
9.96921e+36
9.96921e+36
9.96921e+36
9.96921e+36
9.96921e+36
9.96921e+36
 1
0.9800137
1.00236
1.515026
2.101003
2.621042
3.436498
5.196157
8.162653
11.31362
14.25797
16.90407
19.37454
21.72921
24.51217
28.01493
31.48877
33.30976
34.10324
34.73484
35.92016
38.0018
38.61212
38.6924
9.96921e+36
9.96921e+36
9.96921e+36
9.96921e+36
9.96921e+36
9.96921e+36
9.96921e+36
9.96921e+36
9.96921e+36
9.96921e+36
9.96921e+36
9.96921e+36
9.96921e+36
9.96921e+36
9.96921e+36
9.96921e+36
9.96921e+36
9.96921e+36
9.96921e+36
9.96921e+36
9.96921e+36
9.96921e+36
9.96921e+36
9.96921e+36
9.96921e+36
 1
0.9800009
1.001298
1.507578
2.269717
3.003025
3.850493
5.487644
8.402449
11.82457
15.39093
18.59423
21.424
24.14359
26.81611
29.863
32.60762
34.17171
34.9974
36.02227
38.15712
39.76865
40.05539
40.07753
9.96921e+36
9.96921e+36
9.96921e+36
9.96921e+36
9.96921e+36
9.96921e+36
9.96921e+36
9.96921e+36
9.96921e+36
9.96921e+36
9.96921e+36
9.96921e+36
9.96921e+36
9.96921e+36
9.96921e+36
9.96921e+36
9.96921e+36
9.96921e+36
9.96921e+36
9.96921e+36
9.96921e+36
9.96921e+36
9.96921e+36
9.96921e+36
9.96921e+36
