255.7184
252.876
256.4486
256.6136
258.4679
258.8993
259.4649
259.0357
258.7007
259.6247
260.3865
261.2059
261.7888
262.7459
263.5234
263.6596
263.8435
263.6561
261.7256
260.6458
258.4239
256.3516
255.0135
254.2872
254.3917
254.0611
253.8286
253.5277
252.8677
251.703
250.4111
249.1041
247.9905
248.7866
249.3649
249.2556
249.7147
249.6104
250.4097
251.2717
252.0264
252.6022
252.9785
252.9968
252.9361
252.5643
251.734
251.1627
247.2827
255.3185
252.6073
256.3049
256.5693
258.0048
258.2869
258.6748
258.3791
258.4487
259.5164
260.4417
260.8798
261.518
262.7673
263.5209
263.5667
263.9094
263.2652
261.6235
260.2841
258.2238
256.1902
255.2018
254.5191
254.6989
254.2255
254.0841
253.9472
253.2571
252.2288
251.1109
249.9098
249.5493
249.9111
249.7507
249.8845
249.8728
249.7731
250.4629
251.3578
252.0811
252.6829
252.9647
252.9777
252.8735
252.6931
252.187
251.9123
250.3518
255.5582
255.3822
260.4427
258.8088
259.6776
260.0675
260.2245
262.1894
264.1289
264.2615
263.5279
263.6695
263.6314
263.7625
262.858
262.7835
262.6872
262.6946
260.8717
259.9142
257.0598
254.6962
253.2881
252.2689
252.166
252.0847
251.9825
251.8498
251.2527
250.4911
249.5878
248.6859
248.0078
247.8053
247.7719
247.7092
247.8063
247.6316
248.1114
248.8122
249.5178
250.0882
250.4113
250.4347
250.3653
250.1977
250.1648
250.047
249.3219
256.2592
253.2448
256.8256
256.7591
258.4749
259.1922
260.0318
260.4489
260.6293
260.4807
260.5645
261.7434
262.2324
263.1228
263.6954
263.8458
263.9811
264.0652
262.1325
261.112
258.7777
256.7076
255.0305
254.1323
254.239
254.0619
253.5793
253.1861
252.5264
251.3226
250.0046
248.3533
247.0244
246.8596
248.6166
248.6997
249.6019
249.7507
250.4844
251.3399
252.1578
252.7392
253.2022
253.2517
253.1685
252.596
251.5454
249.8178
245.4895
256.1391
254.3318
256.3244
256.8248
257.5493
258.0544
258.4901
258.9936
259.9539
260.6769
260.9828
261.4995
262.2392
263.4943
264.4644
264.3186
264.753
264.0032
262.2198
261.2531
259.3762
257.2877
255.2303
254.7095
255.0842
254.5059
254.2154
253.0879
252.3447
250.6851
248.4084
245.5961
245.0091
246.7437
249.2518
250.0005
250.712
250.5692
251.6281
252.5978
253.3468
253.9748
254.2728
254.2582
254.1332
253.7948
252.8795
253.0612
250.6033
