0.9213937
0.8903522
0.8622733
0.827567
0.800027
0.8311681
1.027354
1.331604
1.512665
1.527443
1.540227
1.616058
1.663662
1.675639
1.66017
1.487853
1.227336
0.9609073
0.6816966
0.4195293
0.2477045
0.1451174
0.07858589
0.04078607
0.02328991
0.01564972
0.01340121
0.00862525
0.001
0.001
0.001
0.001
0.002421148
0.002739526
0.003055277
0.003430784
0.003896108
0.004419601
0.9303558
0.9695982
1.066932
1.159144
1.227955
1.296629
1.409048
1.504583
1.611488
1.723098
1.780334
1.860828
1.898168
1.888761
1.802263
1.602043
1.351023
1.086138
0.7716481
0.4589302
0.2435188
0.1346969
0.07547612
0.03917521
0.02236463
0.01332664
0.007959866
0.004063406
0.001448645
0.0008927075
0.000944464
0.001569037
0.002595545
0.002975184
0.003146247
0.003480872
0.003950979
0.004548602
1.121056
1.321871
1.434549
1.508791
1.559069
1.618918
1.807158
2.123578
2.310036
2.398682
2.46757
2.496456
2.728041
2.71301
2.35243
1.824096
1.354786
1.043133
0.7829068
0.5036026
0.2861341
0.1592504
0.08595975
0.04354611
0.02203023
0.01596412
0.01342099
0.00355286
0.0009417144
0.0009410813
0.001007925
0.001647908
0.002601058
0.003028394
0.003265003
0.003532724
0.003984435
0.004603218
1.403239
1.392793
1.42716
1.539416
1.592345
1.587782
1.541865
1.830644
2.262723
2.643921
3.181236
3.648398
3.615614
3.12393
2.598959
2.146492
1.706105
1.28147
0.8563002
0.5381056
0.3064756
0.171986
0.0901597
0.04370186
0.02443326
0.0193266
0.008111602
0.001850253
0.0009586581
0.0009352381
0.0009670572
0.001345871
0.002352773
0.003085847
0.00354481
0.003935519
0.004350123
0.004816254
1.62175
1.575982
1.523221
1.472319
1.503303
1.536028
1.644608
1.949489
2.380507
2.898072
3.635531
3.853345
3.378252
2.994504
2.792298
2.24013
1.569672
1.023967
0.8047523
0.5641403
0.3498183
0.1974445
0.1015898
0.05317197
0.03173957
0.01544643
0.005857875
0.001376451
0.001013356
0.001232556
0.001470116
0.001821936
0.002532726
0.003273683
0.003821829
0.004211857
0.004555103
0.004930895
1.052787
1.026977
0.9962566
0.9405183
0.9077681
0.9272845
1.075008
1.27673
1.584122
1.916331
2.120574
2.589835
2.937201
2.805575
2.384107
1.931458
1.470045
0.963776
0.5785382
0.1792496
0.02764466
0.01142029
0.01409004
0.01436575
0.01276145
0.008149097
0.003966527
0.001611513
0.001390605
0.001449092
0.001537575
0.001843643
0.002416126
0.003096594
0.003737101
0.004208355
0.00453655
0.004868594
 0
 0
 0
 0
 0
 0
 0
 0
 0
 0
 0
 0
 0
 0
 0
 0
 0
 0
 0
 0
 0
 0
 0
 0
 0
 0
 0
 0
 0
 0
 0
 0
 0
 0
 0
 0
 0
 0
 0
 0
 0
 0
 0
 0
 0
 0
 0
 0
 0
 0
 0
 0
 0
 0
 0
 0
 0
 0
 0
 0
 0
 0
 0
 0
 0
 0
 0
 0
 0
 0
 0
 0
 0
 0
 0
 0
 0
 0
 0
 0
 0
 0
 0
 0
 0
 0
 0
 0
 0
 0
 0
 0
 0
 0
 0
 0
 0
 0
 0
 0
 0
 0
 0
 0
 0
 0
 0
 0
 0
 0
 0
 0
 0
 0
 0
 0
 0
 0
 0
 0
 0
 0
 0
 0
 0
 0
 0
 0
 0
 0
 0
 0
 0
 0
 0
 0
 0
 0
 0
 0
 0
 0
 0
 0
 0
 0
 0
 0
 0
 0
 0
 0
 0
 0
 0
 0
 0
 0
 0
 0
 0
 0
 0
 0
 0
 0
 0
 0
 0
 0
 0
 0
 0
 0
 0
 0
 0
 0
 0
 0
 0
 0
 0
 0
 0
 0
 0
 0
 0
 0
 0
 0
 0
 0
 0
 0
 0
 0
 0
 0
 0
 0
 0
 0
 0
 0
 0
 0
 0
 0
 0
 0
 0
 0
 0
 0
 0
 0
 0
 0
 0
 0
 0
 0
 0
 0
 0
 0
 0
 0
 0
 0
 0
 0
 0
 0
 0
 0
 0
 0
 0
 0
 0
 0
 0
 0
 0
 0
 0
 0
 0
 0
 0
 0
 0
 0
 0
 0
 0
 0
 0
 0
 0
 0
 0
 0
 0
 0
 0
 0
 0
 0
 0
 0
 0
 0
 0
 0
 0
 0
 0
 0
 0
 0
 0
 0
 0
 0
 0
 0
 0
 0
 0
 0
 0
 0
 0
 0
 0
 0
 0
 0
 0
 0
 0
 0
 0
 0
 0
 0
 0
 0
 0
 0
 0
 0
 0
 0
 0
 0
 0
 0
 0
 0
 0
 0
 0
 0
 0
 0
 0
 0
 0
 0
 0
 0
 0
 0
 0
 0
 0
 0
 0
 0
 0
 0
 0
 0
 0
 0
 0
 0
 0
 0
 0
 0
 0
 0
 0
 0
 0
 0
 0
 0
 0
 0
 0
 0
 0
 0
 0
 0
 0
 0
 0
 0
 0
 0
 0
 0
 0
 0
 0
 0
 0
 0
 0
 0
 0
 0
 0
 0
 0
 0
 0
 0
 0
 0
 0
 0
 0
 0
 0
 0
 0
 0
 0
 0
 0
 0
 0
 0
 0
 0
 0
 0
 0
 0
 0
 0
 0
 0
 0
 0
 0
 0
 0
 0
 0
 0
 0
 0
 0
 0
 0
 0
 0
 0
 0
 0
 0
 0
 0
 0
 0
 0
 0
 0
 0
 0
 0
 0
 0
 0
 0
 0
 0
 0
 0
 0
 0
 0
 0
 0
 0
 0
 0
 0
 0
 0
 0
 0
 0
 0
 0
 0
 0
 0
 0
 0
 0
 0
 0
 0
 0
 0
 0
 0
 0
 0
 0
 0
 0
 0
0.007359008
0.007374256
0.008328066
0.0111616
0.01847639
0.03322379
0.05298325
0.05999384
0.04581755
0.03514035
0.03081146
0.03227211
0.03255461
0.03121946
0.0354996
0.0540482
0.08079997
0.09832825
0.0919491
0.06463593
0.03119305
0.01250157
0.005381529
0.00187098
0.0001847882
 0
 0
 0
 0
 0
 0
 0
 0
 0
 0
 0
 0
 0
0.0001265682
8.179773e-06
 0
 0
 0
1.782116e-05
0.001325927
0.01351924
0.03302523
0.02944382
0.0195439
0.03142638
0.05956545
0.08639129
0.0986367
0.1056051
0.1118016
0.1201342
0.1315616
0.1261235
0.07279924
0.03761073
0.01860682
0.006908776
0.001767544
0.0004825693
 0
 0
 0
 0
 0
 0
 0
 0
 0
 0
 0
 0
0.0003298154
0.0001737208
0.0001580678
0.000105484
0.0001044924
6.228082e-06
0.001119359
0.02945903
0.07403606
0.07665905
0.07684317
0.08352885
0.09059132
0.09596224
0.1018434
0.1094618
0.1176051
0.1248066
0.1335393
0.1215869
0.06759846
0.03185305
0.01432634
0.005000741
0.001359077
7.581598e-06
 0
 0
 0
 0
 0
 0
 0
 0
 0
 0
 0
 0
0.0002032891
0.0002920878
0.0003785282
0.0006859402
0.001163665
0.002850475
0.0115572
0.03706073
0.06439006
0.07097502
0.07760478
0.08654198
0.09213243
0.09739849
0.1056213
0.05044614
0.05580113
0.04277887
0.111248
0.1037802
0.06583732
0.03171657
0.0135794
0.004261923
3.740517e-05
 0
 0
 0
 0
 0
 0
 0
 0
 0
 0
 0
 0
 0
0.002055246
0.00241346
0.002839244
0.00369559
0.006332467
0.009645066
0.0132928
0.0131266
0.009145575
0.005120012
0.002732507
0.001513153
0.006089021
0.0251833
0.0669935
0.1063059
0.118895
0.1281691
0.03869738
 0
 0
 0
 0
 0
 0
 0
 0
 0
 0
 0
 0
 0
 0
 0
 0
 0
 0
 0
 0
 0
 0
 0
 0
 0
 0
 0
 0
 0
 0
 0
 0
 0
 0
 0
 0
 0
 0
 0
 0
 0
 0
 0
 0
 0
 0
 0
 0
 0
 0
 0
 0
 0
 0
 0
 0
 0
0.003600768
0.003593715
0.003643604
0.00381897
0.004164127
0.004647507
0.005103128
0.005222012
0.004710972
0.004188252
0.003570706
0.002907056
0.002193152
0.001519544
0.001010083
0.0006554748
0.0003506662
0.0001156152
2.995899e-05
1.37711e-05
3.436098e-06
5.522752e-07
1.370221e-07
3.875551e-08
 0
 0
 0
 0
 0
 0
 0
 0
 0
 0
 0
 0
 0
 0
0.0260072
0.02627692
0.02712505
0.02869217
0.03109667
0.03471448
0.03895866
0.0404345
0.03103525
0.02181981
0.01995064
0.018502
0.01574999
0.01123383
0.006684314
0.003416456
0.001558703
0.0006371672
0.0001831775
4.82065e-05
1.220881e-05
3.089735e-06
6.157443e-07
1.541848e-07
4.130841e-08
 0
 0
 0
 0
 0
 0
 0
 0
 0
 0
 0
 0
 0
0.04285862
0.0442842
0.04588516
0.04771873
0.05026925
0.05315525
0.05448543
0.04988458
0.0382802
0.02876087
0.02643752
0.02250899
0.01689032
0.01157611
0.007283968
0.004171186
0.002076246
0.0007812255
0.0002138075
5.336918e-05
1.197108e-05
3.070735e-06
4.450064e-07
1.075177e-07
2.640817e-08
 0
 0
2.101948e-41
 0
 0
 0
 0
 0
 0
 0
 0
 0
 0
0.03617007
0.03676688
0.03753398
0.03832888
0.03917358
0.04017332
0.04058784
0.03682728
0.02927391
0.02078604
0.01548808
0.01142625
0.007038218
0.003590118
0.001422919
0.0004166485
0.0004442458
0.0003605571
0.0005377103
0.0001292427
3.045157e-05
4.525114e-06
3.753805e-08
9.171884e-09
 0
 0
 0
 0
 0
 0
 0
 0
 0
 0
 0
 0
 0
 0
0.01044166
0.01100366
0.01163423
0.01219645
0.01243678
0.01188364
0.01090471
0.01063004
0.0113255
0.01236152
0.01214751
0.01052186
0.009353439
0.008654984
0.007195912
0.004574811
0.001800854
0.0005250861
1.382901e-05
 0
 0
 0
 0
 0
 0
8.407791e-42
 0
1.121039e-41
 0
 0
 0
 0
 0
 0
 0
 0
 0
 0
 0
 0
 0
 0
 0
 0
 0
 0
 0
 0
 0
 0
 0
 0
 0
 0
 0
 0
 0
 0
 0
 0
 0
 0
 0
 0
 0
 0
 0
 0
 0
 0
 0
 0
 0
 0
 0
 0
0.08838541
0.08682301
0.0863167
0.08819497
0.09427027
0.104076
0.1161839
0.1250038
0.128639
0.1258394
0.1174301
0.103718
0.08825769
0.07128423
0.05480312
0.03925464
0.02349367
0.00975512
0.00276493
0.001237575
0.000314163
8.637802e-05
2.337791e-05
6.219968e-06
 0
 0
 0
 0
 0
 0
 0
 0
 0
 0
 0
 0
 0
 0
0.5161424
0.5124363
0.5155768
0.5251686
0.5443231
0.5749168
0.6168707
0.6529617
0.648894
0.596764
0.5444952
0.5125217
0.4752977
0.4134334
0.3330061
0.2343776
0.1450812
0.08337046
0.03811783
0.009863836
0.001689426
0.0004157934
0.0001928932
4.830963e-05
1.241901e-05
 0
 0
 0
 0
 0
 0
 0
 0
 0
 0
 0
 0
 0
0.3926624
0.393771
0.3924017
0.3931468
0.4026856
0.4273038
0.4668052
0.5187989
0.5407115
0.4700034
0.4106846
0.3995599
0.3843438
0.3487399
0.2987726
0.2391959
0.1712187
0.09816116
0.03530365
0.008904261
0.001630838
0.0003921182
0.0001646232
4.120844e-05
1.01365e-05
 0
 0
5.605194e-42
 0
 0
 0
 0
 0
 0
 0
 0
 0
 0
0.4587908
0.4618281
0.465103
0.4658884
0.4647702
0.4652546
0.4653295
0.4573784
0.4236491
0.3700201
0.3193752
0.2734319
0.2116889
0.1371578
0.06959419
0.04227414
0.04542858
0.04179277
0.0514989
0.01360109
0.003398064
0.0006350187
2.512755e-05
4.148443e-07
 0
 0
 0
 0
 0
 0
 0
 0
 0
 0
 0
 0
 0
 0
0.2252385
0.2303738
0.2396167
0.2568483
0.2858351
0.3225247
0.3697756
0.4154623
0.4519437
0.4753694
0.4809179
0.4664494
0.4486093
0.4381233
0.4170136
0.3538435
0.2216368
0.06206124
0.00295262
1.801226e-09
 0
 0
9.809089e-42
 0
 0
 0
 0
 0
3.082857e-41
7.006492e-42
 0
 0
 0
 0
 0
 0
 0
 0
