 0
0.0419437
0.3392893
0.8741668
1.279061
1.609274
2.221596
3.580076
6.435896
9.385226
12.41531
15.01368
17.41199
19.72371
22.48403
26.06215
29.33913
31.35459
32.61955
33.57697
34.76271
35.54502
35.79613
35.85198
35.90545
35.95706
35.99969
36.05193
36.09238
36.10987
36.11889
36.1253
36.13115
36.14014
36.14938
36.155
36.17182
36.18134
36.1947
36.22529
36.24109
36.25541
36.27953
36.31143
36.36412
36.40579
36.43076
36.44136
36.44311
 0
0.03157125
0.2713366
0.7653249
1.188634
1.556779
2.093882
3.216228
5.766429
8.719136
12.07135
15.24026
18.12338
20.94045
23.99191
27.38393
30.45473
32.4101
33.69905
34.74025
36.01776
36.62565
36.8668
36.94257
37.03296
37.10325
37.16018
37.23333
37.29401
37.3233
37.34014
37.35218
37.36467
37.37949
37.3886
37.39858
37.4134
37.42253
37.4399
37.46819
37.48411
37.50052
37.52927
37.56291
37.60736
37.63784
37.65748
37.66683
37.66822
 0
0.0466683
0.2898462
0.6986744
0.8942975
1.042942
1.41706
2.470062
4.805035
7.175517
9.358752
11.18223
12.84726
14.32585
16.09058
18.92276
22.18043
24.20577
25.37589
26.09371
27.01923
28.28455
28.67142
28.74025
28.81046
28.885
28.95452
29.03086
29.10679
29.16617
29.21404
29.25348
29.28825
29.3205
29.3534
29.3836
29.43799
29.48787
29.53221
29.61516
29.67915
29.74022
29.8146
29.90366
30.02009
30.14226
30.2371
30.27694
30.28406
 0
0.05713705
0.3974662
0.979332
1.367233
1.685785
2.399819
4.073839
7.340146
10.40299
12.83855
14.5999
16.25286
17.73105
19.77222
23.02323
26.51716
28.62654
29.84985
30.68227
31.73403
32.7281
33.01348
33.05115
33.07685
33.10739
33.13669
33.17044
33.1952
33.205
33.21001
33.21294
33.21511
33.21873
33.22949
33.23391
33.25071
33.26163
33.27007
33.30521
33.32404
33.33969
33.36176
33.39135
33.44112
33.4976
33.53206
33.54442
33.54639
 0
0.04924928
0.2643354
0.7113652
1.2524
1.745713
2.476814
4.061903
7.278569
11.08153
15.21684
18.91414
22.23113
25.26551
28.41335
31.86492
34.79317
36.67894
37.9278
39.12603
40.53672
41.11679
41.24351
41.26232
41.26723
41.27107
41.27366
41.27612
41.27651
41.27651
41.27651
41.27651
41.27716
41.27998
41.28269
41.28352
41.28775
41.2899
41.29203
41.2972
41.29853
41.30056
41.30343
41.30729
41.31836
41.33148
41.34624
41.35563
41.35631
