255.7184
257.2262
256.5781
256.6007
257.2802
258.0791
258.4488
258.6843
259.7439
260.5364
260.7867
261.394
261.8841
262.7823
263.4559
263.7735
263.5528
262.7319
261.2264
260.5721
259.2056
256.8309
255.3007
254.6754
254.6196
254.1433
253.641
253.262
251.9825
250.3178
248.9452
247.2366
245.5253
245.8656
247.7243
246.9166
248.0896
248.1154
249.7946
250.7403
251.7426
252.3544
252.7047
252.8509
252.786
252.3821
251.0416
250.2384
247.8167
255.3185
256.5876
256.4139
256.6073
257.3682
257.9003
258.0887
258.1475
258.8284
259.6944
260.6131
260.9779
261.5936
262.8014
263.3
263.463
263.4127
262.3183
261.06
260.4231
258.8718
256.6626
255.5561
254.9032
254.9547
254.4036
254.0063
253.6283
252.4568
251.1518
250.0004
248.7522
247.7616
248.8851
248.3145
248.2821
248.7006
248.5008
250.1032
250.8607
251.8657
252.432
252.7765
252.8681
252.7938
252.5852
251.7343
251.6214
250.5004
255.5582
258.0096
259.3892
259.1181
261.6893
262.0267
262.6734
263.5394
264.2593
264.6505
264.1761
263.9568
263.9963
263.2202
263.018
263.2298
263.1787
262.4073
260.7696
259.8186
257.8253
255.2663
253.7891
252.7988
252.6061
252.3267
252.0227
251.7442
250.9822
249.9144
248.9733
248.0726
247.3307
246.9982
246.8704
246.6589
246.836
246.929
247.6057
248.356
249.2916
249.929
250.2913
250.4076
250.3658
250.1585
250.0106
249.6547
249.3605
256.2592
257.8281
257.1288
256.6211
257.441
258.4148
259.1505
260.0824
261.7381
262.7855
261.4892
262.0243
262.39
262.9625
263.6053
264.1534
263.9123
263.2185
261.6455
260.8734
259.5928
257.1572
255.3029
254.5554
254.47
254.1043
253.3918
252.9932
251.7734
249.6291
248.0383
245.9469
244.7317
243.5767
245.8344
246.0714
247.6369
248.3275
249.6413
250.8061
251.8293
252.5289
252.9007
253.0553
252.9491
252.3395
250.4682
247.783
245.6865
256.1391
257.1197
256.4297
256.8741
257.5619
258.1239
258.4649
259.0993
260.0215
260.8254
261.1622
261.4755
262.4988
263.5231
264.2302
263.9872
264.1405
263.0324
261.7026
261.1552
260.216
257.8166
255.4706
255.0925
255.3562
254.2547
253.9311
253.149
251.6576
248.0134
245.8208
244.2285
243.2201
244.2309
246.1269
246.4203
249.1869
248.5123
251.0549
252.184
253.1433
253.7293
254.0253
254.1548
254.0433
253.3857
251.33
251.7918
250.3101
