0.9213937
0.8903522
0.8622733
0.827567
0.800027
0.8311681
1.027354
1.331604
1.512665
1.527443
1.540227
1.616058
1.663662
1.675639
1.66017
1.487853
1.227336
0.9609073
0.6816966
0.4195293
0.2477045
0.1451174
0.07858589
0.04078607
0.02328991
0.01564972
0.01340121
0.00862525
0.001
0.001
0.001
0.001
0.002421148
0.002739526
0.003055277
0.003430784
0.003896108
0.004419601
0.8504872
0.8539142
0.854884
0.8651257
0.9046689
1.003909
1.19136
1.456422
1.675117
1.680469
1.669962
1.812041
1.89584
1.88836
1.796514
1.600928
1.327476
1.038323
0.7280507
0.4346141
0.2520436
0.1468437
0.08153373
0.04400004
0.02617217
0.02014795
0.01587316
0.01001585
0.002067372
0.0008197299
0.0009628811
0.001052389
0.002423219
0.002794407
0.003068424
0.003433306
0.003901371
0.004437107
0.8429701
0.8289471
0.8884657
0.9780182
1.092119
1.219648
1.365558
1.532912
1.679979
1.74609
1.791486
1.870472
1.915776
1.903146
1.844529
1.607677
1.331062
1.04044
0.7166725
0.4240649
0.2385883
0.1364865
0.07615651
0.04087291
0.02445145
0.0162867
0.01197283
0.008110793
0.002239693
0.0007966081
0.0009225977
0.00101587
0.002322333
0.002845841
0.003103806
0.003455673
0.003918241
0.004466885
0.8597496
0.8535087
0.9439606
1.043491
1.156618
1.279823
1.406267
1.510464
1.646053
1.689803
1.73978
1.801128
1.825222
1.812792
1.729439
1.571239
1.341283
1.07114
0.7681559
0.471826
0.2568788
0.1378168
0.07497837
0.04019682
0.02440723
0.01493441
0.009824941
0.005491553
0.001597428
0.0008625515
0.0009289022
0.001260076
0.002403443
0.00287745
0.003121855
0.003463321
0.003923913
0.004486247
1.01772
1.03474
1.089831
1.155741
1.220303
1.309405
1.43195
1.540745
1.646585
1.750681
1.816835
1.904573
1.931436
1.916421
1.824395
1.620566
1.374155
1.11579
0.8047105
0.5016515
0.2757335
0.1457158
0.07755183
0.04046624
0.02401004
0.01360847
0.007957011
0.004141866
0.001494383
0.000895545
0.000937727
0.001553701
0.002598638
0.00297469
0.003145779
0.003481726
0.003951907
0.004549212
1.063996
1.084247
1.135776
1.193006
1.24891
1.336902
1.481914
1.63183
1.761576
1.874565
1.964292
2.046958
2.035718
1.98478
1.87228
1.647446
1.363935
1.088989
0.7996351
0.5083639
0.2895382
0.1577323
0.08261682
0.04138817
0.02351936
0.01333807
0.006393661
0.002546669
0.001227727
0.0009167007
0.0009491186
0.001772759
0.002809851
0.003102161
0.003207324
0.003481325
0.003959225
0.004592526
1.111687
1.151641
1.199291
1.249776
1.305403
1.40319
1.572786
1.757228
1.889076
1.995779
2.145252
2.313804
2.298439
2.149959
1.917327
1.615998
1.304076
1.028705
0.7970091
0.5286918
0.3102402
0.1695887
0.08697671
0.04224571
0.02305043
0.01626717
0.008165441
0.00187107
0.0008945949
0.0009343855
0.001022796
0.002052374
0.00297871
0.003176914
0.003246607
0.003485757
0.003957627
0.004592401
1.093591
1.205542
1.273975
1.329283
1.389147
1.487498
1.673478
1.908844
2.073513
2.168182
2.343756
2.61551
2.602648
2.426871
2.162691
1.776547
1.342217
0.9971057
0.7554883
0.5204146
0.3120739
0.1733823
0.09013606
0.04417196
0.02312701
0.01837423
0.01099339
0.002665312
0.0008972846
0.0009544306
0.001053655
0.002020216
0.002925366
0.003190433
0.003267035
0.003486238
0.003956076
0.00459536
1.069426
1.286515
1.398204
1.474624
1.528479
1.595546
1.792074
2.123844
2.334124
2.449651
2.524712
2.576942
2.847816
2.836373
2.452196
1.896241
1.410159
1.0856
0.8066728
0.5272997
0.313012
0.177368
0.09336457
0.04580507
0.02300616
0.01689251
0.01367166
0.003894888
0.0009688062
0.0009448375
0.001015303
0.001669095
0.002622839
0.003042878
0.003271325
0.003534566
0.003985677
0.004605981
1.17037
1.35279
1.4561
1.534633
1.591921
1.623822
1.762315
2.116049
2.458397
2.625504
2.881196
3.005385
3.194435
3.068994
2.553896
1.968405
1.545756
1.208826
0.8432899
0.5281477
0.3137264
0.1787395
0.09397257
0.04580021
0.0226238
0.01664302
0.01381822
0.005023942
0.001114725
0.0009319519
0.000997327
0.00137638
0.002343159
0.002911229
0.003266795
0.003607195
0.004058023
0.004631986
1.254552
1.300177
1.441707
1.526834
1.579625
1.58658
1.572931
1.800236
2.264181
2.596148
3.032065
3.29325
3.394018
3.143225
2.595166
2.088518
1.6844
1.268789
0.8452617
0.5331875
0.3217708
0.1820456
0.09350116
0.04437691
0.02242512
0.01813223
0.01223018
0.004600974
0.001193841
0.0009147058
0.0009764687
0.001224012
0.002187817
0.002841937
0.003281326
0.003683173
0.004138077
0.00467671
1.321699
1.318848
1.333057
1.561258
1.613545
1.602671
1.527243
1.744408
2.221663
2.626565
3.147369
3.514909
3.568707
3.196068
2.634454
2.167357
1.729034
1.276953
0.8676798
0.5555186
0.3287642
0.1828074
0.09293213
0.04417471
0.02294314
0.01996985
0.00989928
0.003351502
0.001066268
0.0008843743
0.0009694027
0.001304603
0.002254671
0.002943517
0.003385876
0.003789333
0.00423223
0.004740764
1.387169
1.381843
1.393972
1.53308
1.595453
1.589065
1.528558
1.825226
2.291966
2.732629
3.35017
3.722725
3.703182
3.247728
2.703839
2.232359
1.762522
1.316155
0.8837357
0.5682335
0.3366744
0.185564
0.09405496
0.04485905
0.02541107
0.01986604
0.008324277
0.002008345
0.0009635515
0.0009238538
0.0009710116
0.001375588
0.002356084
0.003085856
0.003544296
0.003927509
0.004339051
0.004806589
1.510185
1.496581
1.483869
1.461552
1.533742
1.544216
1.528603
1.892587
2.410743
2.909228
3.611983
3.939601
3.793425
3.291621
2.784581
2.327263
1.799147
1.256083
0.8831869
0.6068608
0.3631708
0.1948842
0.09716716
0.04791375
0.02871341
0.01881058
0.00787919
0.002084118
0.000957216
0.0009713506
0.0009792347
0.00148306
0.002456511
0.003202749
0.003672302
0.004036327
0.004415476
0.004843652
1.6209
1.587712
1.556857
1.531084
1.551534
1.578226
1.601282
2.033455
2.571439
3.030787
3.729857
4.08694
3.895605
3.347135
2.822099
2.334698
1.767985
1.214281
0.861048
0.6006287
0.3618627
0.1998354
0.0998523
0.04865636
0.03334758
0.01659861
0.00667149
0.002034486
0.001024281
0.001078578
0.001153484
0.001578854
0.002486344
0.003248807
0.00376063
0.004117471
0.004466542
0.004858111
1.611209
1.573354
1.531764
1.487439
1.538902
1.597631
1.62313
2.023767
2.556116
3.055631
3.733794
4.133225
3.840811
3.302941
2.917899
2.419339
1.700322
1.105698
0.8670473
0.6148217
0.3743635
0.2068045
0.1043903
0.05294604
0.03555019
0.01723979
0.005973826
0.001601541
0.001031536
0.0011762
0.001332624
0.001713163
0.002527504
0.003263801
0.003793513
0.004162007
0.004501713
0.004883569
1.62883
1.593573
1.554643
1.535366
1.46135
1.538648
1.632811
1.965747
2.425935
2.94532
3.66451
3.862479
3.488211
3.258079
3.002494
2.405562
1.607826
0.8380275
0.8109315
0.5892761
0.3732128
0.2105128
0.1064444
0.05755962
0.03316281
0.01593538
0.006080619
0.001392365
0.001016593
0.001246066
0.001485506
0.001852457
0.002545565
0.003273061
0.003821091
0.00420447
0.004544812
0.004921257
1.606239
1.575234
1.543362
1.504019
1.469123
1.430442
1.562773
1.915036
2.382178
2.922324
3.521195
3.42131
3.272876
3.325021
3.027297
2.38019
1.370179
0.7127872
0.6094252
0.5599719
0.3774358
0.2133694
0.1086444
0.06237277
0.02502126
0.01254425
0.005777891
0.001464377
0.00105872
0.001264043
0.001506041
0.001874096
0.002521051
0.003252824
0.003836987
0.004240622
0.00457732
0.004943105
1.366999
1.341908
1.315452
1.267959
1.247615
1.270284
1.4593
1.831811
2.311214
2.797993
3.084161
3.122998
3.597805
3.556678
2.895192
2.214522
1.452331
0.6226889
0.4236493
0.4785603
0.3515073
0.2038959
0.09954614
0.04226979
0.01944071
0.01102969
0.005086811
0.001576755
0.001157145
0.001281153
0.001514791
0.001881302
0.002492158
0.003186562
0.003793279
0.004227148
0.004559889
0.004927523
1.233807
1.207401
1.182821
1.152423
1.112354
1.148929
1.321765
1.619413
2.013407
2.508811
2.714571
3.008564
3.409622
3.406332
2.843563
2.151736
1.545559
0.7893234
0.3848046
0.2454099
0.109475
0.05633368
0.03890714
0.0261624
0.01689245
0.01013862
0.004690513
0.001531241
0.00127788
0.001363099
0.001530454
0.00186841
0.002451163
0.003128553
0.003752468
0.004212724
0.004546055
0.004897042
1.010958
0.9910618
0.9663059
0.9186328
0.8918967
0.9146783
1.079602
1.311072
1.60517
1.94748
2.172256
2.632298
2.987936
2.914245
2.605475
2.175965
1.695412
1.138336
0.6451376
0.1874111
0.03084298
0.01170259
0.01394224
0.01432442
0.01273558
0.008066648
0.003878487
0.001580918
0.001394678
0.001450103
0.001538856
0.001846741
0.002420452
0.003099152
0.003736814
0.004205886
0.004531776
0.00486416
0.8307187
0.8148406
0.7948384
0.7881578
0.7548947
0.7435288
0.8341183
1.057792
1.378201
1.666735
1.994194
2.528725
2.700245
2.624335
2.279066
1.946356
1.523799
0.9749494
0.3954429
0.130108
0.05001296
0.0272797
0.01768754
0.01343996
0.01013684
0.006060022
0.003084358
0.00161292
0.001509896
0.001542012
0.001570128
0.00186787
0.002448751
0.003131333
0.00373445
0.004177216
0.004489083
0.004810679
0.7329144
0.7266388
0.7189978
0.7087768
0.6953608
0.6715135
0.6397682
0.7475865
1.060106
1.499313
1.893822
2.301637
2.396084
2.311908
2.182587
1.804891
1.189177
0.5753869
0.2727296
0.1418538
0.0719125
0.03704515
0.01970859
0.01249802
0.00781999
0.004397638
0.002536185
0.001577088
0.001619932
0.001638563
0.001613867
0.001868029
0.002426053
0.003098784
0.003693704
0.00413311
0.004439838
0.004748035
0.7032319
0.7035304
0.699487
0.6902956
0.6745368
0.6416072
0.5760036
0.5690924
0.833144
1.344952
1.80536
1.997498
2.030528
1.913338
1.905125
1.549929
0.9729678
0.4646243
0.2525522
0.1534728
0.08933663
0.04671677
0.02225052
0.01131283
0.005487322
0.002931889
0.002142099
0.001633437
0.00171923
0.001695435
0.001680258
0.001912797
0.002426791
0.003073266
0.003662684
0.004103514
0.004415871
0.004723068
 0
 0
 0
 0
 0
 0
 0
 0
 0
 0
 0
 0
 0
 0
 0
 0
 0
 0
 0
 0
 0
 0
 0
 0
 0
 0
 0
 0
 0
 0
 0
 0
 0
 0
 0
 0
 0
 0
 0
 0
 0
 0
 0
 0
 0
 0
 0
1.421085e-11
 0
 0
 0
 0
 0
 0
 0
 0
 0
 0
 0
 0
 0
 0
 0
 0
 0
 0
 0
 0
 0
 0
 0
 0
 0
 0
 0
 0
 0
 0
 0
 0
 0
 0
 0
5.684342e-11
2.467004e-08
0.0006070231
4.799844e-06
0.0181647
0.06323739
0.08023311
0.0004409394
 0
 0
 0
 0
 0
 0
 0
 0
 0
 0
 0
 0
 0
 0
 0
 0
 0
 0
 0
 0
 0
 0
 0
 0
 0
 0
 0
 0
 0
 0
 0
 0
 0
 0
 0
 0
 0
 0
 0
 0
 0
 0
 0
 0
 0
 0
 0
 0
 0
 0
 0
 0
 0
 0
 0
 0
 0
 0
 0
 0
 0
 0
 0
 0
 0
 0
 0
 0
 0
 0
 0
 0
 0
 0
 0
 0
 0
 0
 0
 0
 0
 0
 0
 0
 0
 0
 0
 0
 0
 0
 0
 0
 0
 0
 0
 0
 0
 0
 0
 0
 0
 0
 0
 0
 0
 0
 0
 0
 0
 0
 0
 0
 0
 0
 0
 0
 0
 0
 0
 0
 0
 0
 0
 0
 0
 0
 0
 0
 0
 0
 0
 0
 0
 0
 0
 0
 0
 0
 0
 0
 0
 0
 0
 0
 0
 0
 0
 0
 0
 0
 0
 0
 0
 0
 0
 0
 0
 0
 0
 0
 0
 0
 0
 0
 0
 0
 0
 0
 0
 0
 0
 0
 0
 0
 0
 0
 0
 0
 0
 0
 0
 0
 0
 0
 0
 0
 0
 0
 0
 0
 0
 0
 0
 0
 0
 0
 0
 0
 0
 0
 0
 0
 0
 0
 0
 0
 0
 0
 0
 0
 0
 0
 0
 0
 0
 0
 0
 0
 0
1.061123e-09
6.262616e-06
0.01513034
0.01700439
 0
 0
 0
 0
 0
 0
 0
 0
 0
 0
 0
 0
 0
 0
 0
 0
 0
 0
 0
 0
 0
 0
 0
 0
 0
 0
 0
 0
 0
 0
 0
 0
 0
 0
7.660539e-10
4.568023e-06
0.01257479
0.0298571
0.003332688
 0
 0
 0
 0
 0
 0
 0
 0
 0
 0
 0
 0
 0
 0
 0
 0
 0
 0
 0
 0
 0
 0
 0
 0
 0
 0
 0
 0
 0
 0
 0
 0
 0
 0
4.47932e-09
1.784849e-05
0.03240978
0.01700653
0.001878853
0.01256988
 0
 0
 0
 0
 0
 0
 0
 0
 0
 0
 0
 0
 0
 0
 0
 0
 0
 0
 0
 0
 0
 0
 0
 0
 0
 0
 0
 0
 0
 0
 0
 0
8.491485e-09
3.064383e-05
0.04485812
0.03578256
0.03463705
0.03600787
 0
 0
 0
 0
 0
 0
 0
 0
 0
 0
 0
 0
 0
 0
 0
 0
 0
 0
 0
 0
 0
 0
 0
 0
 0
 0
 0
 0
 0
 0
 0
 0
3.696478e-06
0.01102816
0.04405407
0.03487539
0.04040419
0.03272813
 0
 0
 0
 0
 0
 0
 0
 0
 0
 0
 0
 0
 0
 0
 0
 0
 0
 0
 0
 0
 0
 0
 0
 0
 0
 0
 0
 0
 0
 0
 0
 0
2.437446e-06
0.00861459
0.02829652
0.02567982
0.03858686
0.03376001
0.0009567387
 0
 0
 0
 0
 0
 0
 0
 0
 0
 0
 0
 0
 0
 0
 0
 0
 0
 0
 0
 0
 0
 0
 0
 0
 0
 0
 0
 0
 0
 0
 0
8.5564e-07
0.004615983
0.01406485
0.02140995
0.03931996
0.04178544
0.02365472
 0
 0
 0
 0
 0
 0
 0
 0
 0
 0
 0
 0
 0
 0
 0
 0
 0
 0
 0
 0
 0
 0
 0
 0
 0
 0
 0
 0
 0
 0
 0
5.884235e-07
0.003691256
0.02367897
0.04146989
0.06763086
0.06375953
0.02880888
0.002061746
 0
 0
 0
 0
 0
 0
 0
 0
 0
 0
 0
 0
 0
 0
 0
 0
 0
 0
 0
 0
 0
 0
 0
 0
 0
 0
 0
 0
 0
 0
2.870276e-06
0.00951908
0.04488711
0.08892582
0.1355064
0.1248963
0.1069882
0.07999184
0.1399427
 0
 0
 0
 0
 0
 0
 0
 0
 0
 0
 0
 0
 0
 0
 0
 0
 0
 0
 0
 0
 0
 0
 0
 0
 0
 0
 0
 0
 0
1.036452e-08
3.552316e-05
0.04947181
0.1275734
0.1637806
0.1999272
0.2355467
0.08735611
0.3958905
 0
 0
 0
 0
 0
 0
 0
 0
 0
 0
 0
 0
 0
 0
 0
 0
 0
 0
 0
 0
 0
 0
 0
 0
 0
 0
2.842171e-11
 0
 0
2.6261e-08
0.0006262954
0.07856812
0.09441946
0.08012727
0.1229368
0.01488749
0.000150173
0.2059947
1.421085e-11
 0
 0
 0
 0
 0
 0
 0
 0
 0
 0
 0
 0
 0
 0
 0
 0
 0
 0
 0
 0
 0
 0
 0
 0
 0
 0
 0
 0
2.153833e-09
1.146422e-05
0.02476348
4.387819e-08
0.0001320307
0.152082
0.2066353
0.05871306
0.222098
 0
 0
 0
 0
 0
 0
 0
 0
 0
 0
 0
 0
 0
 0
 0
 0
 0
 0
 0
 0
 0
 0
 0
 0
 0
 0
 0
 0
 0
 0
 0
 0
 0
 0
1.421085e-11
2.227107e-10
3.394149e-06
0.02118753
0.01014961
 0
 0
 0
 0
 0
 0
 0
 0
 0
 0
 0
 0
 0
 0
 0
 0
 0
 0
 0
 0
 0
 0
 0
 0
 0
 0
 0
 0
 0
 0
 0
 0
 0
 0
 0
 0
 0
 0
 0
 0
 0
 0
 0
 0
 0
 0
 0
 0
 0
 0
 0
 0
 0
 0
 0
 0
 0
 0
 0
 0
 0
 0
 0
 0
 0
 0
 0
 0
 0
 0
 0
 0
 0
 0
 0
 0
 0
 0
 0
 0
 0
 0
 0
 0
 0
 0
 0
 0
 0
 0
 0
 0
 0
 0
 0
 0
 0
 0
 0
 0
 0
 0
 0
 0
 0
 0
 0
 0
 0
 0
 0
 0
 0
 0
 0
 0
 0
 0
 0
 0
 0
 0
 0
 0
 0
 0
 0
 0
 0
 0
 0
 0
 0
 0
 0
 0
 0
 0
 0
 0
 0
 0
 0
 0
 0
 0
 0
 0
 0
 0
 0
 0
 0
 0
 0
 0
 0
 0
 0
 0
 0
 0
 0
 0
 0
 0
 0
 0
 0
 0
 0
 0
 0
 0
 0
 0
 0
 0
 0
 0
7.659096e-11
 0
 0
 0
 0
 0
2.24544e-11
 0
 0
 0
 0
 0
 0
 0
 0
 0
 0
 0
 0
 0
 0
 0
 0
 0
 0
 0
 0
 0
 0
 0
 0
 0
 0
 0
 0
 0
 0
4.180769e-07
6.656888e-07
9.169887e-07
1.258934e-06
1.975139e-06
3.851676e-06
6.889966e-06
6.994805e-06
5.168559e-07
4.878133e-11
 0
 0
 0
 0
 0
 0
 0
 0
 0
 0
 0
 0
 0
 0
 0
 0
 0
 0
 0
 0
 0
 0
 0
 0
 0
 0
 0
 0
2.283297e-08
3.808267e-08
1.443379e-08
8.996951e-11
 0
 0
 0
 0
 0
 0
 0
 0
 0
 0
 0
 0
 0
 0
 0
 0
 0
 0
 0
 0
 0
 0
 0
 0
 0
 0
 0
 0
 0
 0
 0
 0
 0
 0
 0
 0
 0
 0
 0
 0
 0
 0
 0
 0
 0
 0
 0
 0
 0
 0
 0
 0
 0
 0
 0
 0
 0
 0
 0
 0
 0
 0
 0
 0
 0
 0
 0
 0
 0
 0
 0
 0
 0
 0
 0
 0
 0
 0
 0
 0
 0
 0
 0
 0
 0
 0
 0
 0
 0
 0
 0
 0
 0
 0
 0
 0
 0
 0
 0
 0
 0
 0
 0
 0
 0
 0
 0
 0
 0
 0
 0
 0
 0
 0
 0
 0
 0
 0
 0
 0
 0
 0
 0
 0
 0
 0
 0
 0
 0
 0
 0
 0
 0
 0
 0
 0
 0
 0
 0
 0
 0
 0
 0
 0
 0
 0
 0
 0
 0
 0
 0
 0
 0
 0
 0
1.608345e-11
 0
 0
 0
 0
 0
 0
 0
 0
 0
 0
 0
 0
 0
 0
 0
 0
 0
 0
 0
 0
 0
 0
 0
 0
 0
 0
 0
 0
 0
 0
7.517594e-09
1.668247e-08
5.727583e-08
8.316326e-08
6.729097e-09
4.586652e-09
1.679784e-08
3.388104e-08
6.994179e-10
 0
 0
 0
 0
 0
 0
 0
 0
 0
 0
 0
 0
 0
 0
 0
 0
 0
 0
 0
 0
 0
 0
 0
 0
 0
 0
 0
 0
 0
1.867151e-07
3.819821e-07
1.160432e-06
2.257069e-06
2.223066e-06
1.054024e-06
7.347152e-07
2.319161e-07
 0
 0
 0
 0
 0
 0
 0
 0
 0
 0
 0
 0
 0
 0
 0
 0
 0
 0
 0
 0
 0
 0
 0
 0
 0
 0
 0
 0
 0
 0
1.781538e-06
2.315194e-06
3.403637e-06
5.914721e-06
5.124468e-06
3.041927e-06
1.340875e-06
1.390318e-07
 0
 0
 0
 0
 0
 0
 0
 0
 0
 0
 0
 0
 0
 0
 0
 0
 0
 0
 0
 0
 0
 0
 0
 0
 0
 0
 0
 0
 0
 0
 0
4.644066e-06
8.547288e-06
8.720519e-06
5.512955e-06
2.451856e-06
6.977315e-07
4.157326e-09
 0
 0
 0
 0
 0
 0
 0
 0
 0
 0
 0
 0
 0
 0
 0
 0
 0
 0
 0
 0
 0
 0
 0
 0
 0
 0
 0
 0
 0
 0
 0
4.652184e-06
9.50315e-06
8.96399e-06
6.636208e-06
3.197093e-06
9.111428e-07
3.223968e-10
 0
 0
 0
 0
 0
 0
 0
 0
 0
 0
 0
 0
 0
 0
 0
 0
 0
 0
 0
 0
 0
 0
 0
 0
 0
 0
 0
5.478238e-08
 0
 0
 0
2.243407e-06
9.175465e-06
9.775993e-06
7.014102e-06
3.93247e-06
1.244804e-06
1.223842e-07
 0
 0
 0
 0
 0
 0
 0
 0
 0
 0
 0
 0
 0
 0
 0
 0
 0
 0
 0
 0
 0
 0
 0
 0
 0
 0
5.541701e-10
 0
 0
 0
 0
1.503937e-06
5.340818e-06
8.506467e-06
6.704913e-06
5.732315e-06
4.370791e-06
2.424962e-06
5.901708e-07
2.627729e-09
 0
 0
 0
 0
 0
 0
 0
 0
 0
 0
 0
 0
 0
 0
 0
 0
 0
 0
 0
 0
 0
 0
 0
 0
 0
 0
 0
 0
 0
2.028731e-05
2.745509e-05
2.138156e-05
1.285612e-05
9.066993e-06
7.465181e-06
5.607886e-06
4.213452e-06
3.442824e-07
 0
 0
 0
 0
 0
 0
 0
 0
 0
 0
 0
 0
 0
 0
 0
 0
 0
 0
 0
 0
 0
 0
 0
 0
 0
2.039861e-09
 0
 0
 0
1.151425e-05
1.847826e-05
2.281516e-05
3.231369e-05
4.122175e-05
3.798994e-05
3.360437e-05
3.285004e-05
3.430606e-05
2.411044e-08
 0
 0
 0
 0
 0
 0
 0
 0
 0
 0
 0
 0
 0
 0
 0
 0
 0
 0
 0
 0
 0
1.771601e-05
2.048037e-05
2.410653e-05
2.89509e-05
3.544439e-05
4.486934e-05
6.328952e-05
0.0001024871
0.000167303
0.0002176517
0.0002483823
0.0002345675
0.0002119429
0.0001645686
0.0001177491
0.0002131889
 0
 0
 0
 0
 0
 0
 0
 0
 0
 0
 0
 0
 0
 0
 0
 0
 0
 0
 0
 0
 0
 0
1.869351e-05
2.18136e-05
2.613111e-05
3.223579e-05
4.202848e-05
5.940846e-05
9.418219e-05
0.0001704609
0.0003065379
0.0003453424
0.0003463352
0.0004232872
0.0005241961
0.0004633245
0.0004324383
0.0004078382
1.20279e-11
 0
 0
 0
 0
 0
 0
 0
 0
 0
 0
 0
 0
 0
 0
 0
 0
 0
 0
 0
 0
 0
 0
 0
 0
6.969396e-06
8.6954e-06
1.250811e-05
1.897394e-05
3.714823e-05
7.959501e-05
9.95065e-05
0.0001060035
0.0001640258
0.0002144685
0.0001663966
8.353875e-05
5.614697e-05
3.724829e-07
 0
 0
 0
 0
 0
 0
 0
 0
 0
 0
 0
 0
 0
 0
 0
 0
 0
 0
 0
 0
 0
 0
 0
 0
 0
 0
 0
 0
 0
 0
1.796813e-06
2.984259e-06
5.044363e-06
5.519548e-06
3.274709e-07
3.326187e-06
8.119909e-06
6.493558e-06
5.430819e-07
 0
 0
 0
 0
 0
 0
 0
 0
 0
 0
 0
 0
 0
 0
 0
 0
 0
 0
 0
 0
 0
 0
 0
 0
 0
 0
 0
 0
 0
 0
 0
4.55605e-11
1.303171e-09
1.435525e-08
1.366906e-08
3.324537e-10
2.483797e-10
8.379774e-10
 0
 0
 0
 0
 0
 0
 0
 0
 0
 0
 0
 0
 0
 0
 0
 0
 0
 0
 0
 0
 0
 0
 0
 0
 0
 0
 0
 0
 0
 0
 0
 0
 0
 0
6.54167e-09
2.103371e-08
 0
 0
 0
 0
 0
 0
 0
 0
 0
 0
 0
 0
 0
 0
 0
 0
 0
 0
 0
 0
 0
 0
 0
 0
 0
 0
 0
8.700246e-11
 0
 0
 0
 0
 0
 0
 0
 0
 0
 0
 0
 0
 0
 0
 0
 0
 0
 0
 0
 0
 0
 0
 0
 0
 0
 0
 0
 0
 0
 0
 0
 0
 0
 0
 0
 0
 0
 0
 0
 0
 0
 0
 0
 0
 0
 0
 0
 0
 0
 0
 0
 0
 0
 0
 0
 0
 0
 0
 0
 0
 0
 0
 0
 0
 0
 0
 0
 0
 0
 0
3.009984e-09
3.528005e-09
5.509176e-09
1.015717e-07
6.268451e-07
3.000299e-06
9.268913e-06
4.034625e-05
0.0001058697
0.0001357057
0.0001278268
0.0001077481
0.000150856
0.0002473397
0.0003965369
0.0005278814
0.0004776526
0.0003496002
8.515058e-05
9.354779e-05
0.002408093
0.01072632
0.01019683
0.004446063
0.002003745
3.399446e-05
 0
 0
 0
 0
 0
 0
 0
 0
 0
 0
 0
 0
9.338983e-05
0.0001062325
0.0001211315
0.0001364921
0.0001492473
0.0001564229
0.0001873559
0.0001786142
0.0001889195
0.0002346946
0.0002458228
0.0003878838
0.0007550572
0.001459798
0.002493493
0.004779615
0.007643444
0.01312353
0.02256584
0.03047464
0.03433171
0.0329024
0.02450516
0.01114272
0.002394173
 0
 0
 0
 0
 0
 0
 0
 0
 0
 0
 0
 0
 0
0.0004701116
0.0004627748
0.000449591
0.0004333014
0.0004125694
0.0003635245
0.0002754172
0.0001700176
9.427124e-05
4.349971e-05
8.370012e-06
6.771733e-05
4.156296e-05
1.644514e-05
 0
 0
0.007525495
0.01219188
0.02054403
0.03674894
0.05576901
0.0523138
0.03485798
0.01495129
0.002272399
 0
 0
 0
 0
 0
 0
 0
 0
 0
 0
 0
 0
 0
2.905393e-05
2.515051e-05
2.102907e-05
1.689076e-05
1.299217e-05
9.544196e-06
8.201331e-06
8.953913e-06
7.265122e-06
3.513784e-06
3.161466e-06
5.518294e-06
7.476461e-06
7.00009e-06
 0
1.492666e-05
 0
0.009358712
0.01591924
0.02626169
0.04702903
0.05647803
0.04148855
0.01900288
0.003265414
 0
 0
 0
 0
 0
 0
 0
 0
 0
 0
 0
 0
 0
2.600821e-06
2.158646e-06
1.87339e-06
1.619556e-06
1.412919e-06
1.199131e-06
1.062069e-06
9.982315e-07
7.472328e-07
5.055027e-07
5.109538e-07
5.457896e-07
4.988291e-07
2.897274e-07
 0
 0
 0
0.008260666
0.01780381
0.03489286
0.05142643
0.05843968
0.04368126
0.02157749
0.005015327
 0
 0
 0
 0
 0
 0
 0
 0
 0
 0
 0
 0
 0
3.550427e-07
2.860424e-07
2.585054e-07
2.42087e-07
2.254034e-07
1.990979e-07
1.885241e-07
2.10463e-07
2.209881e-07
2.221099e-07
2.774574e-07
3.250186e-07
3.294272e-07
2.380016e-07
 0
 0
 0
0.007951722
0.01978
0.03945151
0.05791592
0.06237087
0.04721757
0.02484243
0.006977621
 0
 0
 0
 0
 0
 0
 0
 0
 0
 0
 0
 0
 0
9.698144e-08
8.305785e-08
9.378024e-08
1.207461e-07
1.706033e-07
2.534566e-07
3.718864e-07
5.106636e-07
8.306066e-07
1.108262e-06
5.262673e-07
 0
2.814753e-06
5.023656e-06
5.023817e-06
 0
 0
0.004772479
0.0156995
0.03537593
0.05953268
0.06342916
0.0474957
0.0273384
0.01024316
0.000588268
 0
 0
 0
 0
 0
 0
 0
 0
 0
 0
 0
 0
5.819338e-07
5.282905e-07
4.884825e-07
5.474887e-07
6.552926e-07
7.748855e-07
7.866319e-07
1.814134e-07
1.914046e-06
6.873927e-06
8.218612e-06
6.59783e-06
7.499805e-06
7.745217e-06
7.392891e-06
6.220694e-06
4.28031e-06
0.0003931511
0.008563721
0.02336647
0.04669412
0.04891728
0.04675605
0.03324016
0.01540351
0.0040402
 0
 0
 0
 0
 0
 0
 0
 0
 0
 0
 0
 0
4.687958e-07
4.696315e-07
5.06117e-07
5.813648e-07
6.864728e-07
8.318626e-07
9.904435e-07
8.172997e-07
8.416278e-07
4.563003e-06
9.370592e-06
9.968049e-06
1.001681e-05
9.748546e-06
4.423853e-06
 0
 0
0.0003465693
0.005992686
0.01629497
0.04939859
0.06188977
0.0555708
0.04041551
0.02051135
0.005346798
 0
 0
 0
 0
 0
 0
 0
 0
 0
 0
 0
 0
6.710572e-07
7.757497e-07
9.407703e-07
1.181709e-06
1.516122e-06
1.94429e-06
2.49498e-06
2.736096e-06
2.551095e-06
4.103134e-06
6.665359e-06
8.564052e-06
1.00235e-05
8.01305e-06
4.732975e-06
 0
 0
 0
0.00927515
0.01913007
0.05472211
0.06607358
0.06325553
0.04666094
0.02029443
0.0035413
 0
 0
 0
 0
 0
 0
 0
 0
 0
 0
 0
 0
1.319717e-06
1.561147e-06
1.817655e-06
2.192914e-06
2.589582e-06
3.026667e-06
3.69882e-06
4.046833e-06
4.460404e-06
4.810081e-06
3.685239e-06
3.911283e-06
7.397976e-06
7.943208e-06
7.136401e-06
 0
 0
0.008640828
0.01308375
0.03011665
0.06229937
0.07503548
0.06465692
0.05092635
0.01857248
0.0005549986
 0
 0
 0
 0
 0
 0
 0
 0
 0
 0
 0
 0
1.460375e-06
1.717318e-06
1.98009e-06
2.344235e-06
2.81094e-06
3.389887e-06
4.42003e-06
4.977843e-06
5.864021e-06
5.072487e-06
2.022541e-06
6.942947e-07
5.911521e-06
4.971551e-06
 0
2.259269e-05
 0
0.008931668
0.01885925
0.03731621
0.06108144
0.07358614
0.05812746
0.03615532
0.01288054
7.687234e-05
 0
 0
 0
 0
 0
 0
 0
 0
 0
 0
 0
 0
1.885034e-06
2.20118e-06
2.571739e-06
3.08577e-06
4.011094e-06
4.995962e-06
6.558875e-06
8.388726e-06
1.023007e-05
8.087207e-06
4.575881e-06
6.190089e-06
1.776355e-05
1.91051e-05
1.788483e-05
 0
0.006728014
0.01456465
0.02335978
0.03024106
0.0555864
0.07196242
0.05727085
0.03081376
0.008770063
 0
 0
 0
 0
 0
 0
 0
 0
 0
 0
 0
 0
 0
1.739028e-06
1.977343e-06
2.400654e-06
2.760562e-06
3.250387e-06
4.141049e-06
5.14799e-06
8.413907e-06
1.470289e-05
1.303118e-05
4.626128e-06
 0
4.741078e-05
8.109695e-05
8.189675e-05
9.727146e-05
0.001550662
0.00955527
0.01466918
0.02724837
0.04931927
0.06979903
0.06629129
0.03843251
0.002407795
 0
 0
 0
 0
 0
 0
 0
 0
 0
 0
 0
 0
 0
 0
1.537781e-05
1.766719e-05
2.236307e-05
3.053278e-05
4.492692e-05
8.141897e-05
0.0001298386
0.0001316822
8.129046e-05
2.187459e-05
 0
0.0001250729
0.0002140849
0.000318994
0.0004259628
 0
0.01017856
0.01723409
0.03251277
0.06692676
0.08366223
0.06757805
0.03364907
0.003685446
 0
 0
 0
 0
 0
 0
 0
 0
 0
 0
 0
 0
 0
 0
1.103836e-05
1.34845e-05
1.775043e-05
2.655905e-05
3.538319e-05
4.607526e-05
4.253488e-05
2.602e-05
1.882323e-05
2.127263e-05
 0
0.0002218432
0.0002452784
 0
0.00496879
0.005027231
0.007149043
0.01640752
0.03938735
0.07370891
0.08174036
0.05642918
0.01854093
0.0003200489
 0
 0
 0
 0
 0
 0
 0
 0
 0
 0
 0
 0
 0
9.122678e-07
3.51222e-06
 0
 0
4.456761e-05
7.205717e-05
0.0001177469
0.0001626173
0.000152957
8.517251e-05
4.35704e-05
 0
0.0006471984
0.0006269583
0.0006872533
0.001124049
0.0005314869
0.0003880305
0.008632247
0.03037781
0.06615331
0.07520359
0.04535949
0.001414286
 0
 0
 0
 0
 0
 0
 0
 0
 0
 0
 0
 0
 0
 0
3.821917e-05
3.968042e-05
4.457232e-05
5.831843e-05
9.077512e-05
0.0001013779
0.0001121254
0.0001114479
9.67231e-05
8.155013e-05
7.456906e-05
0.0002857363
 0
0.0005722689
0.0008248175
0.001254166
0.0008155131
 0
 0
0.0002262862
0.001551275
3.141712e-05
 0
 0
 0
 0
 0
 0
 0
 0
 0
 0
 0
 0
 0
 0
 0
 0
3.04373e-05
3.390995e-05
3.9511e-05
4.983025e-05
6.951854e-05
5.819518e-05
3.724396e-05
3.409247e-05
2.556768e-05
1.439532e-05
3.282061e-06
 0
0.0002068049
0.0004908925
0.0008399022
0.001386864
0.001796783
3.671205e-05
 0
 0
 0
 0
 0
 0
 0
 0
 0
 0
 0
 0
 0
 0
 0
 0
 0
 0
 0
 0
6.229084e-05
6.441756e-05
6.337318e-05
5.499881e-05
3.723636e-05
1.726561e-05
4.624676e-06
 0
6.461548e-07
8.808464e-07
2.911695e-08
 0
 0
0.0001137952
0.0002612931
0.0007333735
0.001178863
0.00140073
0.007384506
 0
 0
 0
 0
 0
 0
 0
 0
 0
 0
 0
 0
 0
 0
 0
 0
 0
 0
 0
0.0002843622
0.0003019157
0.0003068767
0.0002702276
0.0001981057
0.0001164276
3.00413e-05
7.051015e-08
3.557161e-07
 0
1.510374e-07
 0
2.932125e-06
8.550758e-06
2.400994e-06
4.23573e-06
0.0002068818
0.007951995
0.0001552678
 0
 0
 0
 0
 0
 0
 0
 0
 0
 0
 0
 0
 0
 0
 0
 0
 0
 0
 0
0.0009983667
0.001063571
0.001117871
0.001137853
0.001142246
0.001228586
0.001055714
0.0003070397
5.177161e-05
7.044982e-07
2.985693e-06
5.362563e-05
0.0005383714
0.0006413397
0.000589994
0.0007316089
0.000921616
 0
 0
 0
 0
 0
 0
 0
 0
 0
 0
 0
 0
 0
 0
 0
 0
 0
 0
 0
 0
 0
0.002906199
0.003069695
0.003210193
0.003276111
0.003316607
0.004017919
0.004696687
0.00288686
0.000334078
0.0001205279
0.0001151358
0.0001043751
6.056773e-05
5.890716e-05
 0
7.822268e-05
 0
 0
 0
 0
 0
 0
 0
 0
 0
 0
 0
 0
 0
 0
 0
 0
 0
 0
 0
 0
 0
 0
 0
 0
 0
 0
 0
 0
 0
 0
 0
 0
 0
 0
 0
 0
 0
 0
 0
 0
 0
 0
 0
 0
 0
 0
 0
 0
 0
 0
 0
 0
 0
 0
 0
 0
 0
 0
 0
 0
 0
 0
 0
 0
 0
 0
 0
 0
 0
 0
 0
 0
 0
 0
 0
 0
 0
 0
 0
 0
 0
 0
 0
 0
 0
 0
 0
 0
 0
 0
 0
 0
 0
 0
 0
 0
 0
 0
4.860222e-09
5.123972e-09
5.476646e-09
5.936395e-09
6.506873e-09
7.120647e-09
7.557957e-09
7.868184e-09
8.228193e-09
8.501271e-09
8.402232e-09
7.983322e-09
6.839388e-09
4.261659e-09
8.137579e-10
 0
 0
 0
 0
 0
 0
 0
 0
 0
 0
 0
 0
 0
 0
 0
 0
 0
 0
 0
 0
 0
 0
 0
3.142153e-09
2.960266e-09
2.767828e-09
2.54057e-09
2.262707e-09
1.906854e-09
1.464932e-09
9.513312e-10
4.812296e-10
1.887441e-10
5.331878e-11
 0
 0
 0
 0
 0
 0
 0
 0
 0
 0
 0
 0
 0
 0
 0
 0
 0
 0
 0
 0
 0
 0
 0
 0
 0
 0
 0
3.994188e-10
4.026299e-10
4.102835e-10
4.247553e-10
4.496189e-10
4.864756e-10
5.19175e-10
4.766795e-10
3.267537e-10
1.508509e-10
3.55292e-11
 0
 0
 0
 0
 0
 0
 0
 0
 0
 0
 0
 0
 0
 0
 0
 0
 0
 0
 0
 0
 0
 0
 0
 0
 0
 0
 0
 0
 0
 0
 0
 0
 0
 0
 0
 0
 0
 0
 0
 0
 0
 0
 0
 0
 0
 0
 0
 0
 0
 0
 0
 0
 0
 0
 0
 0
 0
 0
 0
 0
 0
 0
 0
 0
 0
 0
 0
 0
 0
 0
 0
 0
 0
 0
 0
 0
 0
 0
 0
 0
 0
 0
 0
 0
 0
 0
 0
 0
 0
 0
 0
 0
 0
 0
 0
 0
 0
 0
 0
 0
 0
 0
 0
 0
 0
 0
 0
 0
 0
 0
 0
 0
 0
 0
 0
 0
 0
 0
 0
 0
 0
 0
 0
 0
 0
 0
 0
 0
 0
 0
 0
 0
 0
 0
 0
 0
 0
 0
 0
 0
 0
7.798678e-10
7.985561e-10
8.255165e-10
8.665302e-10
9.212578e-10
9.929063e-10
1.069935e-09
1.07449e-09
8.984837e-10
5.76535e-10
3.009156e-10
1.496372e-10
6.297321e-11
 0
 0
 0
 0
 0
 0
 0
 0
 0
 0
 0
 0
 0
 0
 0
 0
 0
 0
 0
 0
 0
 0
 0
 0
 0
1.027186e-09
1.040694e-09
1.064487e-09
1.101962e-09
1.12626e-09
1.075321e-09
9.106779e-10
6.61551e-10
4.00692e-10
2.873019e-10
1.770673e-10
8.130566e-11
2.488336e-11
 0
 0
 0
 0
 0
 0
 0
 0
 0
 0
 0
 0
 0
 0
 0
 0
 0
 0
 0
 0
 0
 0
 0
 0
 0
8.778067e-09
9.220887e-09
9.540008e-09
9.624358e-09
9.297343e-09
8.179049e-09
5.489981e-09
2.733835e-09
1.241714e-09
5.839899e-10
2.364373e-10
6.431416e-11
 0
 0
 0
 0
 0
 0
 0
 0
 0
 0
 0
 0
 0
 0
 0
 0
 0
 0
 0
 0
 0
 0
 0
 0
 0
 0
5.859032e-09
5.615592e-09
5.290544e-09
4.862382e-09
4.317421e-09
3.76777e-09
3.161393e-09
2.035753e-09
7.771169e-10
1.858482e-10
 0
 0
 0
 0
 0
 0
 0
 0
 0
 0
 0
 0
 0
 0
 0
 0
 0
 0
 0
 0
 0
 0
 0
 0
 0
 0
 0
 0
4.109011e-09
3.844137e-09
3.452065e-09
2.927973e-09
2.377585e-09
1.930068e-09
1.619277e-09
1.258109e-09
6.082475e-10
1.517504e-10
 0
 0
 0
 0
 0
 0
 0
 0
 0
 0
 0
 0
 0
 0
 0
 0
 0
 0
 0
 0
 0
 0
 0
 0
 0
 0
 0
 0
7.064854e-09
6.256704e-09
5.280375e-09
4.287407e-09
3.370995e-09
2.505058e-09
1.764522e-09
1.068699e-09
4.325841e-10
1.063307e-10
 0
 0
 0
 0
 0
 0
 0
 0
 0
 0
 0
 0
 0
 0
 0
 0
 0
 0
 0
 0
 0
 0
 0
 0
 0
 0
 0
 0
3.871916e-08
3.794838e-08
3.557883e-08
2.996341e-08
2.118709e-08
1.145487e-08
6.726057e-09
3.055412e-09
4.60152e-10
7.253409e-11
1.511294e-10
1.590441e-10
7.068842e-11
 0
 0
 0
 0
 0
 0
 0
 0
 0
 0
 0
 0
 0
 0
 0
 0
 0
 0
 0
 0
 0
 0
 0
 0
 0
1.061042e-06
9.500548e-07
7.780175e-07
5.595291e-07
4.227055e-07
6.238426e-07
1.435758e-06
2.379932e-06
2.387316e-06
1.128965e-06
5.588177e-08
2.729988e-09
1.085704e-08
8.188376e-09
4.75106e-09
1.789821e-09
2.379026e-10
 0
 0
 0
 0
 0
 0
 0
 0
 0
 0
 0
 0
 0
 0
 0
 0
 0
 0
 0
 0
 0
2.013769e-06
2.121594e-06
2.234632e-06
2.333637e-06
2.514177e-06
2.79931e-06
3.136657e-06
3.138771e-06
2.179514e-06
8.505777e-07
2.729932e-07
1.510958e-07
1.053877e-07
7.049442e-08
3.855467e-08
1.58227e-08
6.47282e-11
 0
 0
 0
 0
 0
 0
 0
 0
 0
 0
 0
 0
 0
 0
 0
 0
 0
 0
 0
 0
 0
5.037761e-07
5.01299e-07
4.909988e-07
4.636797e-07
4.158265e-07
3.670675e-07
3.279314e-07
2.911098e-07
2.251101e-07
1.59334e-07
1.384862e-07
1.357204e-07
1.273281e-07
1.156923e-07
9.740237e-08
6.745956e-08
3.511072e-10
 0
 0
 0
 0
 0
 0
 0
 0
 0
 0
 0
 0
 0
 0
 0
 0
 0
 0
 0
 0
 0
1.02396e-06
1.035643e-06
1.040133e-06
1.034889e-06
1.020777e-06
1.03246e-06
1.078576e-06
1.151167e-06
1.210601e-06
1.237781e-06
1.261964e-06
1.290299e-06
1.297449e-06
1.209084e-06
9.621164e-07
5.563144e-07
1.996781e-08
 0
 0
 0
 0
 0
 0
 0
 0
 0
 0
 0
 0
 0
 0
 0
 0
 0
 0
 0
 0
 0
1.3252e-06
1.328887e-06
1.318846e-06
1.288972e-06
1.245968e-06
1.208491e-06
1.186277e-06
1.168109e-06
1.103591e-06
9.686299e-07
7.969422e-07
5.981321e-07
3.953135e-07
2.309996e-07
1.234835e-07
5.519429e-08
1.094186e-09
 0
 0
 0
 0
 0
 0
 0
 0
 0
 0
 0
 0
 0
 0
 0
 0
 0
 0
 0
 0
 0
4.341569e-06
4.41961e-06
4.508936e-06
4.619667e-06
4.753751e-06
4.954944e-06
5.234424e-06
5.633567e-06
6.193804e-06
6.871133e-06
7.542174e-06
8.170786e-06
8.56027e-06
8.065912e-06
5.96019e-06
4.613625e-06
2.89888e-06
1.120234e-06
6.016127e-08
 0
 0
 0
 0
 0
 0
 0
 0
 0
 0
 0
 0
 0
 0
 0
 0
 0
 0
 0
3.324781e-07
3.302501e-07
3.254367e-07
3.162368e-07
3.060821e-07
2.956015e-07
2.82328e-07
2.654585e-07
2.454339e-07
2.24985e-07
2.094223e-07
2.034825e-07
2.053365e-07
1.934789e-07
1.671533e-07
1.217275e-07
6.490044e-08
2.245046e-08
 0
 0
 0
 0
 0
 0
 0
 0
 0
 0
 0
 0
 0
 0
 0
 0
 0
 0
 0
 0
1.361804e-10
2.068852e-10
3.591462e-10
4.990488e-10
4.408241e-10
4.527477e-10
4.706117e-10
4.80094e-10
4.530224e-10
8.141027e-10
9.110331e-10
9.94375e-10
1.276858e-09
1.66763e-09
1.746033e-09
8.140389e-10
 0
 0
 0
 0
 0
 0
 0
 0
 0
 0
 0
 0
 0
 0
 0
 0
 0
 0
 0
 0
 0
 0
3.526608e-09
3.299846e-09
2.90397e-09
2.328411e-09
1.589403e-09
8.043103e-10
2.232163e-10
 0
 0
 0
 0
 0
 0
 0
 0
 0
 0
 0
 0
 0
 0
 0
 0
 0
 0
 0
 0
 0
 0
 0
 0
 0
 0
 0
 0
 0
 0
 0
 0
 0
 0
 0
 0
 0
 0
 0
 0
 0
 0
 0
 0
 0
 0
 0
 0
 0
 0
 0
 0
 0
 0
 0
 0
 0
 0
 0
 0
 0
 0
 0
 0
 0
 0
 0
 0
 0
1.459422e-05
1.784078e-05
2.314317e-05
4.045491e-05
7.216497e-05
0.0001292848
0.000228054
0.0003808675
0.0005626227
0.0005856583
0.0004420973
0.000564525
0.001057882
0.001787983
0.002088598
0.001394369
0.0003980947
3.423819e-05
5.959112e-05
0.0003081716
0.0007593462
0.0006899088
0.000264552
4.672887e-05
3.903789e-06
 0
 0
 0
 0
 0
 0
 0
 0
 0
 0
 0
 0
 0
0.01947223
0.019983
0.0207046
0.02166908
0.0228953
0.02435874
0.02595242
0.02757223
0.02994656
0.03436229
0.04215228
0.0557454
0.07231045
0.08375879
0.08143509
0.06879026
0.04820312
0.02443103
0.007836089
0.001958485
0.001038002
0.0007422042
0.0004260297
8.744018e-05
2.205245e-05
 0
 0
 0
 0
 0
 0
 0
 0
 0
 0
 0
 0
 0
0.1686321
0.1699104
0.1722891
0.1753828
0.179142
0.1832527
0.1869821
0.1880592
0.1832145
0.1716135
0.1556842
0.137362
0.1170282
0.09916193
0.08724654
0.08332485
0.07821376
0.07394484
0.06225856
0.04228741
0.01988982
0.00630476
0.001449975
0.0002707172
7.674484e-05
 0
 0
 0
 0
 0
 0
 0
 0
 0
 0
 0
 0
 0
0.1158128
0.116904
0.1190592
0.1228764
0.1293866
0.1400356
0.1556598
0.1711832
0.1778316
0.1744795
0.1656151
0.1576453
0.1480297
0.1353978
0.1239515
0.1171468
0.1132964
0.09904779
0.08098449
0.05372752
0.02488696
0.007576069
0.001768389
0.0002616729
8.16329e-06
 0
 0
 0
 0
 0
 0
 0
 0
 0
 0
 0
 0
 0
0.1389085
0.1405374
0.1433539
0.1477776
0.1545223
0.1644599
0.1778088
0.1897588
0.192266
0.1873779
0.1845103
0.1847988
0.1803787
0.1676446
0.1545954
0.1431606
0.1280439
0.1007354
0.0718919
0.04358153
0.02134934
0.008039564
0.002321281
0.0004158965
1.480971e-05
 0
 0
 0
 0
 0
 0
 0
 0
 0
 0
 0
 0
 0
0.2001783
0.2048526
0.2114124
0.2203095
0.2321471
0.2475931
0.2659267
0.2800201
0.2774993
0.2589794
0.2417101
0.2333391
0.2239418
0.2046164
0.176102
0.1361683
0.09243565
0.06032902
0.0587716
0.05663075
0.03322816
0.01353255
0.003484075
0.0005279491
1.393404e-05
 0
 0
 0
 0
 0
 0
 0
 0
 0
 0
 0
 0
 0
0.4094867
0.4160265
0.4246111
0.4361388
0.4513601
0.4716517
0.4970973
0.517893
0.5221319
0.5091055
0.4954229
0.4928144
0.4880742
0.4658725
0.4146914
0.3315394
0.2317543
0.1431935
0.09004694
0.06290196
0.0370951
0.01545178
0.004448621
0.0008060455
3.951088e-05
2.795494e-08
 0
 0
 0
 0
 0
 0
 0
 0
 0
 0
 0
 0
0.5568291
0.5627767
0.5700474
0.580488
0.5959255
0.6190736
0.6521869
0.6853216
0.6894585
0.6461846
0.6003717
0.5828654
0.572683
0.541497
0.4795719
0.3892267
0.2947499
0.2212803
0.1594786
0.1093496
0.06304278
0.02828882
0.008919928
0.001992372
0.0002054808
6.212402e-08
 0
 0
 0
 0
 0
 0
 0
 0
 0
 0
 0
 0
0.6119464
0.6171904
0.6237831
0.6334693
0.648119
0.6704814
0.7048838
0.7474118
0.7671463
0.7270256
0.6636709
0.6285994
0.5953738
0.5414528
0.465124
0.376053
0.2989218
0.2385202
0.1786799
0.1205801
0.06683865
0.0300034
0.01078624
0.002516103
0.0002311682
1.325923e-06
 0
 0
 0
 0
 0
 0
 0
 0
 0
 0
 0
 0
0.5869692
0.586931
0.5890401
0.5936088
0.6030618
0.6199791
0.6476375
0.6880751
0.7179659
0.6875263
0.6124389
0.5634949
0.5295041
0.4863079
0.4294315
0.3617164
0.2927271
0.2214024
0.1480822
0.09186062
0.04757848
0.02159426
0.006983008
0.001899504
0.0002006178
3.42016e-06
 0
 0
 0
 0
 0
 0
 0
 0
 0
 0
 0
 0
0.521581
0.5218409
0.522909
0.5288493
0.5387477
0.553794
0.5745604
0.6011006
0.6129931
0.5797563
0.5399317
0.5129623
0.4867465
0.4411428
0.3826406
0.3161238
0.2479097
0.1790999
0.1259075
0.08341419
0.04907809
0.02159778
0.006558412
0.002410565
0.0001916607
 0
 0
 0
 0
 0
 0
 0
 0
 0
 0
 0
 0
 0
0.4850014
0.4859411
0.4874808
0.492492
0.5016807
0.5158681
0.5364206
0.5638481
0.5754393
0.5626185
0.5349008
0.5079937
0.4772041
0.437694
0.3870138
0.3233232
0.2496631
0.1750634
0.1264689
0.09100515
0.04985514
0.01804829
0.004909073
0.001085597
6.569518e-05
 0
 0
 0
 0
 0
 0
 0
 0
 0
 0
 0
 0
 0
0.5096481
0.5118759
0.5142568
0.5169854
0.5231652
0.5353614
0.5534528
0.575444
0.5745905
0.5468168
0.5030598
0.4636788
0.4293072
0.390867
0.3380403
0.264574
0.1818826
0.1304211
0.110993
0.09084295
0.05452326
0.01987498
0.005755373
0.001231177
8.824427e-05
 0
 0
 0
 0
 0
 0
 0
 0
 0
 0
 0
 0
 0
0.5995241
0.6061549
0.6142893
0.625668
0.6418777
0.662615
0.6875363
0.7135302
0.7110898
0.6591107
0.6051975
0.5558994
0.5157976
0.4820898
0.4374537
0.3690404
0.2768967
0.2018112
0.1807826
0.1641084
0.1137847
0.04452998
0.01118401
0.001676656
0.0002075649
 0
 0
 0
 0
 0
 0
 0
 0
 0
 0
 0
 0
 0
0.7056459
0.710895
0.7167239
0.7237412
0.7344779
0.7483408
0.7629643
0.7746229
0.7619613
0.7092141
0.6269706
0.5392849
0.4822692
0.4370328
0.3775066
0.2854151
0.1740639
0.1186675
0.1304185
0.1251677
0.07529472
0.0300271
0.008600416
0.001318844
1.988171e-05
 0
 0
 0
 0
 0
 0
 0
 0
 0
 0
 0
 0
 0
0.5114658
0.5115585
0.5111969
0.5096351
0.5070503
0.5045333
0.4985426
0.4843093
0.4505431
0.3961374
0.3353761
0.2791264
0.2276004
0.1786593
0.1302268
0.08571029
0.02875236
0.01794388
0.06791835
0.08064353
0.04789636
0.01927406
0.005194021
0.0006873993
 0
 0
 0
 0
 0
 0
 0
 0
 0
 0
 0
 0
 0
 0
0.2228667
0.2210663
0.2186433
0.2153941
0.2111295
0.2066795
0.203485
0.2001344
0.191902
0.1778314
0.1594531
0.1336843
0.106966
0.07942942
0.05406505
0.04305969
0.004559181
0.006617193
0.0219518
0.07114424
0.05847087
0.0217006
0.004448374
0.0004366291
 0
 0
 0
 0
 0
 0
 0
 0
 0
 0
 0
 0
 0
 0
0.107036
0.107579
0.1083116
0.1094347
0.1113999
0.1154878
0.1234141
0.1342761
0.1437764
0.1453561
0.1326854
0.1168201
0.1005447
0.07725596
0.06592152
0.04864716
0.005569528
 0
2.997061e-05
0.0001153402
2.106947e-05
1.723516e-05
 0
 0
 0
 0
 0
 0
 0
 0
 0
 0
 0
 0
 0
 0
 0
 0
0.1325777
0.1299869
0.1269581
0.1236802
0.1210376
0.1213501
0.1277581
0.1399622
0.1540835
0.164901
0.1671015
0.158988
0.1404422
0.1035696
0.07422118
0.06604998
0.03074893
0.0006647601
 0
 0
 0
 0
 0
 0
 0
 0
 0
 0
 0
 0
 0
 0
 0
 0
 0
 0
 0
 0
0.402709
0.4017213
0.3998552
0.3973155
0.3953005
0.3977837
0.4103452
0.4356166
0.4784806
0.5386174
0.610043
0.6848068
0.7343233
0.7462789
0.7286624
0.6728904
0.5257198
0.2898285
0.04227469
 0
 0
 0
 0
 0
 0
 0
 0
 0
 0
 0
 0
 0
 0
 0
 0
 0
 0
 0
0.2491528
0.248101
0.2464791
0.2436376
0.2392687
0.2345049
0.2301101
0.2256375
0.2200483
0.2132853
0.2073588
0.2045702
0.2089658
0.2131198
0.2120629
0.198363
0.1505535
0.07202088
0.0001577906
 0
 0
 0
 0
 0
 0
 0
 0
 0
 0
 0
 0
 0
 0
 0
 0
 0
 0
 0
0.04938924
0.04886111
0.04792045
0.04622372
0.04333238
0.03883965
0.03245733
0.02645965
0.02343011
0.01975287
0.01490957
0.009493371
0.007250072
0.007206156
0.009624524
0.009900294
0.001669274
 0
 0
 0
 0
 0
 0
 0
 0
 0
 0
 0
 0
 0
 0
 0
 0
 0
 0
 0
 0
 0
0.03760793
0.03796206
0.03748985
0.03561784
0.03145804
0.0240931
0.01389175
0.00447889
0.0006928863
0.0001998191
6.308936e-05
2.254789e-05
1.905861e-05
6.871021e-05
0.0002266511
8.778068e-05
 0
 0
 0
 0
 0
 0
 0
 0
 0
 0
 0
 0
 0
 0
 0
 0
 0
 0
 0
 0
 0
 0
