 1
0.9954288
1.433898
2.094137
2.575392
2.989022
3.522127
4.727742
7.097757
9.748068
12.70403
15.34323
17.42419
19.51266
22.12987
25.31275
28.13516
29.98102
30.97891
31.89964
33.14369
33.93392
34.15414
34.236
34.34439
34.46226
34.60175
34.7491
34.91143
35.00117
35.03389
35.04172
35.04643
35.05138
35.0563
35.06403
35.07604
35.08327
35.09438
35.12508
35.14528
35.17061
35.2041
35.25652
35.35978
35.44983
35.50576
35.50677
35.50677
 1
0.9881162
1.341403
1.960574
2.486014
3.001167
3.531965
4.531467
6.752044
9.385288
12.42091
15.16318
17.45078
19.99897
22.77902
25.8155
28.59727
30.37936
31.44354
32.51464
33.99229
34.42772
34.64645
34.76546
34.92768
35.08231
35.23728
35.40797
35.61405
35.7391
35.79629
35.81104
35.82164
35.83059
35.84037
35.85696
35.8712
35.88138
35.90157
35.94017
35.96164
35.99685
36.02977
36.08384
36.16495
36.20655
36.21782
36.21789
36.21789
 1
0.9528752
1.267576
1.720145
1.917864
2.055202
2.367249
3.380477
5.534686
7.905174
10.25056
12.28294
14.01051
15.49015
17.38656
20.23378
23.15049
24.9847
25.95226
26.53391
27.46556
29.16804
29.53235
29.65038
29.82655
30.02641
30.23082
30.44276
30.66354
30.88126
31.05644
31.18169
31.29207
31.39449
31.49673
31.61581
31.75326
31.8964
32.03234
32.23581
32.4202
32.60527
32.79395
33.00694
33.28015
33.58205
33.86639
33.9467
33.94734
 1
1.010514
1.5108
2.206691
2.623953
2.945472
3.561139
5.0401
7.669609
10.5444
13.33987
15.87462
18.03733
19.99733
22.38074
25.5229
28.45879
30.34454
31.29149
31.99231
32.99407
34.2
34.4334
34.48759
34.54868
34.62149
34.72051
34.84258
34.95452
35.01387
35.03066
35.03447
35.03611
35.03819
35.04098
35.04405
35.05468
35.06441
35.07243
35.10203
35.12784
35.1475
35.1787
35.22532
35.32127
35.44996
35.56203
35.57573
35.57573
 1
1.014179
1.352247
1.958491
2.677727
3.350436
4.087014
5.578642
8.413051
11.71219
15.232
18.38049
21.05897
23.6806
26.4307
29.43845
31.92405
33.51382
34.4642
35.64236
37.14325
37.4746
37.53301
37.53493
37.53522
37.53522
37.53522
37.53522
37.53522
37.53522
37.53522
37.53522
37.53522
37.53522
37.53522
37.53522
37.53522
37.53522
37.53522
37.53522
37.53522
37.53522
37.53522
37.53522
37.53522
37.53568
37.53792
37.53799
37.53799
