0.9213937
0.8903522
0.8622733
0.827567
0.800027
0.8311681
1.027354
1.331604
1.512665
1.527443
1.540227
1.616058
1.663662
1.675639
1.66017
1.487853
1.227336
0.9609073
0.6816966
0.4195293
0.2477045
0.1451174
0.07858589
0.04078607
0.02328991
0.01564972
0.01340121
0.00862525
0.001
0.001
0.001
0.001
0.002421148
0.002739526
0.003055277
0.003430784
0.003896108
0.004419601
0.9041125
0.8862212
0.8897645
0.9130127
0.9545059
1.046426
1.20855
1.421552
1.567941
1.541746
1.549933
1.682521
1.761559
1.752415
1.662013
1.488466
1.245886
0.9772742
0.6736262
0.4076274
0.2346103
0.1381741
0.07598893
0.04004062
0.02356992
0.01985077
0.01595767
0.01008384
0.0020973
0.000823835
0.000964102
0.001044878
0.00242356
0.002793382
0.003067998
0.003432678
0.003900843
0.004436921
0.8555599
0.8373404
0.8887965
0.9735678
1.086385
1.207849
1.307575
1.416192
1.534168
1.569233
1.603241
1.688585
1.726362
1.717462
1.650792
1.5032
1.277264
1.00952
0.689634
0.4108509
0.2273761
0.1312694
0.074306
0.03909988
0.02210945
0.01629485
0.01214594
0.008218214
0.002272245
0.0008067968
0.0009407682
0.0009922797
0.002367896
0.002846383
0.003103642
0.003458519
0.003920554
0.004467458
0.8544573
0.8470781
0.9529682
1.053195
1.156411
1.269045
1.377559
1.447461
1.559613
1.617436
1.658228
1.715023
1.750749
1.760194
1.693516
1.543008
1.311494
1.037002
0.7318254
0.4331063
0.2343592
0.1303106
0.07327348
0.03871724
0.02232402
0.01477748
0.009857366
0.0054066
0.001526582
0.0008620538
0.0009371205
0.001268963
0.00242281
0.002879911
0.003123711
0.003464001
0.003924088
0.004485924
0.9303558
0.9695982
1.066932
1.159144
1.227955
1.296629
1.409048
1.504583
1.611488
1.723098
1.780334
1.860828
1.898168
1.888761
1.802263
1.602043
1.351023
1.086138
0.7716481
0.4589302
0.2435188
0.1346969
0.07547612
0.03917521
0.02236463
0.01332664
0.007959866
0.004063406
0.001448645
0.0008927075
0.000944464
0.001569037
0.002595545
0.002975184
0.003146247
0.003480872
0.003950979
0.004548602
1.001746
1.034773
1.13221
1.21763
1.278721
1.335589
1.459865
1.587789
1.692178
1.819873
1.927851
2.026753
2.021209
1.964164
1.84388
1.614622
1.326667
1.053205
0.7663001
0.4665342
0.2595115
0.1454176
0.07977136
0.03991002
0.02184549
0.01319109
0.006371201
0.002512903
0.001206463
0.0009314312
0.0009473138
0.001785442
0.002821724
0.003101247
0.003206783
0.003479376
0.003957075
0.004591987
1.033776
1.116212
1.204383
1.278854
1.332273
1.382202
1.512446
1.68485
1.796514
1.908753
2.081726
2.271867
2.261064
2.116601
1.880509
1.575039
1.264989
0.9986679
0.7774445
0.5016819
0.2782325
0.1543156
0.08281471
0.04076816
0.02173426
0.01601486
0.008097378
0.001828108
0.0008969189
0.0009414901
0.001004106
0.002057317
0.002985568
0.003169171
0.003243044
0.003481545
0.003954005
0.004594256
1.047973
1.214093
1.318136
1.393014
1.444863
1.494578
1.641243
1.871747
2.013015
2.091791
2.274286
2.561684
2.54285
2.338923
2.069084
1.702759
1.288604
0.9600285
0.7334921
0.4972678
0.2868497
0.1596334
0.0855911
0.04243831
0.02209827
0.0164688
0.01069909
0.002445138
0.0008679662
0.0009497374
0.001034391
0.00200561
0.002916113
0.003177299
0.003261559
0.003482656
0.003952497
0.004593892
1.121056
1.321871
1.434549
1.508791
1.559069
1.618918
1.807158
2.123578
2.310036
2.398682
2.46757
2.496456
2.728041
2.71301
2.35243
1.824096
1.354786
1.043133
0.7829068
0.5036026
0.2861341
0.1592504
0.08595975
0.04354611
0.02203023
0.01596412
0.01342099
0.00355286
0.0009417144
0.0009410813
0.001007925
0.001647908
0.002601058
0.003028394
0.003265003
0.003532724
0.003984435
0.004603218
1.17777
1.392269
1.509632
1.583033
1.631249
1.665047
1.801804
2.152135
2.447058
2.551369
2.737602
2.875885
3.04232
2.926767
2.453013
1.899572
1.48824
1.174819
0.8200223
0.5045294
0.2869112
0.159422
0.08561259
0.04363947
0.02185758
0.01587786
0.01358436
0.004709657
0.001082102
0.0009316824
0.0009942988
0.001355007
0.002327259
0.002900848
0.003261437
0.003607766
0.004059545
0.004630999
1.274577
1.325602
1.478419
1.567014
1.612089
1.595973
1.587045
1.838856
2.241045
2.531959
2.884565
3.150229
3.258646
3.005054
2.496396
2.015843
1.628566
1.233709
0.8187386
0.5056798
0.2930561
0.163635
0.08671808
0.04286219
0.02188613
0.01706345
0.01201308
0.004341626
0.001138821
0.000926621
0.0009780795
0.001203122
0.002190199
0.002843947
0.003280055
0.003685628
0.004142337
0.00467677
1.352437
1.344445
1.483013
1.563303
1.597078
1.585518
1.534511
1.767167
2.184961
2.538521
2.989121
3.402337
3.467294
3.06417
2.539468
2.10069
1.682327
1.242822
0.8342798
0.528261
0.3020926
0.165471
0.08742881
0.04242414
0.02240612
0.01899203
0.009681053
0.003154087
0.001027327
0.000907912
0.0009706656
0.001270012
0.002267722
0.002945281
0.003385631
0.003794427
0.004239819
0.004746504
1.403239
1.392793
1.42716
1.539416
1.592345
1.587782
1.541865
1.830644
2.262723
2.643921
3.181236
3.648398
3.615614
3.12393
2.598959
2.146492
1.706105
1.28147
0.8563002
0.5381056
0.3064756
0.171986
0.0901597
0.04370186
0.02443326
0.0193266
0.008111602
0.001850253
0.0009586581
0.0009352381
0.0009670572
0.001345871
0.002352773
0.003085847
0.00354481
0.003935519
0.004350123
0.004816254
1.514194
1.485636
1.485116
1.48516
1.558013
1.576087
1.548792
1.871184
2.355167
2.796759
3.450839
3.871843
3.720227
3.166363
2.637871
2.210922
1.745582
1.228602
0.8452519
0.5628517
0.3228888
0.1792033
0.0926097
0.04561361
0.02629066
0.01873911
0.007663386
0.001963773
0.0009544012
0.0009737685
0.0009773378
0.001464828
0.002441777
0.003194588
0.003676772
0.004047852
0.004431648
0.004856789
1.636428
1.587102
1.56398
1.589238
1.613124
1.622005
1.627946
2.045699
2.572329
3.01295
3.624548
4.02619
3.834957
3.229099
2.642858
2.190034
1.704043
1.189539
0.8311643
0.5717975
0.3430974
0.1826059
0.09412038
0.04688867
0.03003767
0.01667434
0.006604431
0.001956721
0.001022043
0.001089505
0.001154355
0.001580922
0.002479642
0.003244367
0.003761754
0.00412751
0.004481611
0.00487294
1.650369
1.604749
1.572604
1.586299
1.621624
1.641471
1.652632
2.030163
2.552965
3.0666
3.721941
4.120245
3.776951
3.149403
2.717638
2.279958
1.653521
1.105355
0.8475528
0.5892211
0.3503064
0.1892124
0.09757249
0.04949541
0.03127644
0.01714584
0.005894731
0.001564302
0.001036104
0.001181863
0.001333239
0.001705249
0.002515957
0.003257213
0.003791013
0.004169173
0.004513471
0.004896321
1.62175
1.575982
1.523221
1.472319
1.503303
1.536028
1.644608
1.949489
2.380507
2.898072
3.635531
3.853345
3.378252
2.994504
2.792298
2.24013
1.569672
1.023967
0.8047523
0.5641403
0.3498183
0.1974445
0.1015898
0.05317197
0.03173957
0.01544643
0.005857875
0.001376451
0.001013356
0.001232556
0.001470116
0.001821936
0.002532726
0.003273683
0.003821829
0.004211857
0.004555103
0.004930895
1.508377
1.465059
1.420591
1.352606
1.298381
1.350135
1.583765
1.913791
2.32426
2.847537
3.453089
3.329967
3.03544
2.988638
2.862902
2.163414
1.537225
0.7217517
0.7161918
0.5495196
0.353985
0.2016085
0.1042646
0.05740009
0.02540677
0.01274742
0.005861189
0.001493061
0.00107136
0.001257771
0.001499826
0.001851687
0.002490695
0.003236465
0.003838968
0.004250374
0.004589749
0.004952639
1.332519
1.289369
1.246329
1.191656
1.135544
1.202607
1.458125
1.769257
2.127086
2.64013
2.964192
2.979262
3.175375
3.333988
2.747646
2.05713
1.469474
0.7530111
0.4357713
0.4911828
0.3273759
0.1912753
0.09991534
0.04263604
0.01964521
0.01114617
0.005175761
0.001519383
0.001164483
0.001283149
0.001519929
0.001868967
0.002478231
0.003181936
0.003793809
0.004232297
0.004568508
0.004933832
1.15739
1.123449
1.089384
1.043385
1.00151
1.062351
1.314654
1.61714
1.85858
2.281738
2.523208
2.853631
3.248369
3.261177
2.592359
1.937571
1.36659
0.8539607
0.4430409
0.2429683
0.1050497
0.05522706
0.03876977
0.02609743
0.01691529
0.01018079
0.00473091
0.001523168
0.001281451
0.001361269
0.001530271
0.001864546
0.002441578
0.003119785
0.003748955
0.004214983
0.004551244
0.004901458
1.052787
1.026977
0.9962566
0.9405183
0.9077681
0.9272845
1.075008
1.27673
1.584122
1.916331
2.120574
2.589835
2.937201
2.805575
2.384107
1.931458
1.470045
0.963776
0.5785382
0.1792496
0.02764466
0.01142029
0.01409004
0.01436575
0.01276145
0.008149097
0.003966527
0.001611513
0.001390605
0.001449092
0.001537575
0.001843643
0.002416126
0.003096594
0.003737101
0.004208355
0.00453655
0.004868594
0.8433459
0.8233043
0.7982731
0.7779343
0.7473205
0.7441182
0.8128814
1.015675
1.354799
1.6538
1.985371
2.540504
2.691081
2.522457
2.182269
1.792668
1.297027
0.8546672
0.3958815
0.1299584
0.04881498
0.02715955
0.01770186
0.01345079
0.01015816
0.006088203
0.003107691
0.001623573
0.001512984
0.001543033
0.001567547
0.001860191
0.002449491
0.003135192
0.003738353
0.004179934
0.004491228
0.004811128
0.7440069
0.732823
0.7181309
0.6982594
0.6732674
0.6387089
0.6068303
0.7129127
0.9983199
1.458324
1.854218
2.197384
2.325113
2.239016
1.996177
1.534025
1.120817
0.5565315
0.2702273
0.1399319
0.07138734
0.03717117
0.01986738
0.01253982
0.007865973
0.004437139
0.002555975
0.001587005
0.001619753
0.001640053
0.001613783
0.001871414
0.002432222
0.003101979
0.003694101
0.004132971
0.004439896
0.004747573
0.7177248
0.7122346
0.7008207
0.6819103
0.6545051
0.6126156
0.5470152
0.5189772
0.746366
1.266454
1.788429
1.9869
2.019591
1.771251
1.71078
1.429737
0.9208981
0.4567465
0.251798
0.1502437
0.08754306
0.04646028
0.02254594
0.01153693
0.005573712
0.002949642
0.002147072
0.001636619
0.001719125
0.001696105
0.001680945
0.001913687
0.002426444
0.003072367
0.003660575
0.004102242
0.004416001
0.004723358
 0
 0
 0
 0
 0
 0
 0
 0
 0
 0
 0
 0
 0
 0
 0
 0
 0
 0
 0
 0
 0
 0
 0
 0
 0
 0
 0
 0
 0
 0
 0
 0
 0
 0
 0
 0
 0
 0
 0
 0
 0
 0
 0
 0
 0
 0
 0
 0
 0
 0
 0
 0
 0
 0
 0
 0
 0
 0
 0
 0
 0
 0
 0
 0
 0
 0
 0
 0
 0
 0
 0
 0
 0
 0
 0
 0
 0
 0
 0
 0
 0
 0
 0
 0
 0
 0
 0
 0
 0
 0
 0
 0
 0
 0
 0
 0
 0
 0
 0
 0
 0
 0
 0
 0
 0
 0
 0
 0
 0
 0
 0
 0
 0
 0
 0
 0
 0
 0
 0
 0
 0
 0
 0
 0
 0
 0
 0
 0
 0
 0
 0
 0
 0
 0
 0
 0
 0
 0
 0
 0
 0
 0
 0
 0
 0
 0
 0
 0
 0
 0
 0
 0
 0
 0
 0
 0
 0
 0
 0
 0
 0
 0
 0
 0
 0
 0
 0
 0
 0
 0
 0
 0
 0
 0
 0
 0
 0
 0
 0
 0
 0
 0
 0
 0
 0
 0
 0
 0
 0
 0
 0
 0
 0
 0
 0
 0
 0
 0
 0
 0
 0
 0
 0
 0
 0
 0
 0
 0
 0
 0
 0
 0
 0
 0
 0
 0
 0
 0
 0
 0
 0
 0
 0
 0
 0
 0
 0
 0
 0
 0
 0
 0
 0
 0
 0
 0
 0
 0
 0
 0
 0
 0
 0
 0
 0
 0
 0
 0
 0
 0
 0
 0
 0
 0
 0
 0
 0
 0
 0
 0
 0
 0
 0
 0
 0
 0
 0
 0
 0
 0
 0
 0
 0
 0
 0
 0
 0
 0
 0
 0
 0
 0
 0
 0
 0
 0
 0
 0
 0
 0
 0
 0
 0
 0
 0
 0
 0
 0
 0
 0
 0
 0
 0
 0
 0
 0
 0
 0
 0
 0
 0
 0
 0
 0
 0
 0
 0
 0
 0
 0
 0
 0
 0
 0
 0
 0
 0
 0
 0
 0
 0
 0
 0
 0
 0
 0
 0
 0
 0
 0
 0
 0
 0
 0
 0
 0
 0
 0
 0
 0
 0
 0
 0
 0
 0
 0
 0
 0
 0
 0
 0
 0
 0
 0
 0
 0
 0
 0
 0
 0
 0
 0
 0
 0
 0
 0
 0
 0
 0
 0
 0
 0
 0
 0
 0
 0
 0
 0
 0
 0
 0
 0
 0
 0
 0
 0
 0
 0
 0
 0
 0
 0
 0
 0
 0
 0
 0
 0
 0
 0
 0
 0
 0
 0
 0
 0
 0
 0
 0
 0
 0
 0
 0
 0
 0
 0
 0
 0
 0
 0
 0
 0
 0
 0
 0
 0
 0
 0
 0
 0
 0
 0
 0
 0
 0
 0
 0
 0
 0
 0
 0
 0
 0
 0
 0
 0
 0
 0
 0
 0
 0
 0
 0
 0
 0
 0
 0
 0
 0
 0
 0
 0
 0
 0
 0
 0
 0
 0
 0
 0
 0
 0
 0
 0
 0
 0
 0
 0
 0
 0
 0
 0
 0
 0
 0
 0
 0
 0
 0
 0
 0
 0
 0
 0
 0
 0
 0
 0
 0
 0
 0
 0
 0
 0
 0
 0
 0
 0
 0
 0
 0
 0
 0
 0
 0
 0
 0
 0
 0
 0
 0
 0
 0
 0
 0
 0
 0
 0
 0
 0
 0
 0
 0
 0
 0
 0
 0
 0
 0
 0
 0
 0
 0
 0
 0
 0
 0
 0
 0
 0
 0
 0
 0
 0
 0
 0
 0
 0
 0
 0
 0
 0
 0
 0
 0
 0
 0
 0
 0
 0
 0
 0
 0
 0
 0
 0
 0
 0
 0
 0
 0
 0
 0
 0
 0
 0
 0
 0
 0
 0
 0
 0
 0
 0
 0
 0
 0
 0
 0
 0
 0
 0
 0
 0
 0
 0
 0
 0
 0
 0
 0
 0
 0
 0
 0
 0
 0
 0
 0
 0
 0
 0
 0
 0
 0
 0
 0
 0
 0
 0
 0
 0
 0
 0
 0
 0
 0
 0
 0
 0
 0
 0
 0
 0
 0
 0
 0
 0
 0
 0
 0
 0
 0
 0
 0
 0
 0
 0
 0
 0
 0
 0
 0
 0
 0
 0
 0
 0
 0
 0
 0
 0
 0
 0
 0
 0
 0
 0
 0
 0
 0
 0
 0
 0
 0
 0
 0
 0
 0
 0
 0
 0
 0
 0
 0
 0
 0
 0
 0
 0
 0
 0
 0
 0
 0
 0
 0
 0
 0
 0
 0
 0
 0
 0
 0
 0
 0
 0
 0
 0
 0
 0
 0
 0
 0
 0
 0
 0
 0
 0
 0
 0
 0
 0
 0
 0
 0
 0
 0
 0
 0
 0
 0
 0
 0
 0
 0
 0
 0
 0
 0
 0
 0
 0
 0
 0
 0
 0
 0
 0
 0
 0
 0
 0
 0
 0
 0
 0
 0
 0
 0
 0
 0
 0
 0
 0
 0
 0
 0
 0
 0
 0
 0
 0
 0
 0
 0
 0
 0
 0
 0
 0
 0
 0
 0
 0
 0
 0
 0
 0
 0
 0
 0
 0
 0
 0
 0
 0
 0
 0
 0
 0
 0
 0
 0
 0
 0
 0
 0
 0
 0
 0
 0
 0
 0
 0
 0
 0
 0
 0
 0
 0
 0
 0
 0
 0
 0
 0
 0
 0
 0
 0
 0
 0
 0
 0
 0
 0
 0
 0
 0
 0
 0
 0
 0
 0
 0
 0
 0
 0
 0
 0
 0
 0
 0
 0
 0
 0
 0
 0
 0
 0
 0
 0
 0
 0
 0
 0
 0
 0
 0
 0
 0
 0
 0
 0
 0
 0
 0
 0
 0
 0
 0
 0
 0
 0
 0
 0
 0
 0
 0
 0
 0
 0
 0
 0
 0
 0
 0
 0
 0
 0
 0
 0
 0
 0
 0
 0
 0
 0
 0
 0
 0
 0
 0
 0
 0
 0
 0
 0
 0
 0
 0
 0
 0
 0
 0
 0
 0
 0
 0
 0
 0
 0
 0
 0
 0
 0
 0
 0
 0
 0
 0
 0
 0
 0
 0
 0
 0
 0
 0
 0
 0
 0
 0
 0
 0
 0
 0
 0
 0
 0
 0
 0
 0
 0
 0
 0
 0
 0
 0
 0
 0
 0
 0
 0
 0
 0
 0
 0
 0
 0
 0
 0
 0
 0
 0
 0
 0
 0
 0
 0
 0
 0
 0
 0
 0
 0
 0
 0
 0
 0
 0
 0
 0
 0
 0
 0
 0
 0
 0
 0
 0
 0
 0
 0
 0
 0
 0
 0
 0
 0
 0
 0
 0
 0
 0
 0
 0
 0
 0
 0
 0
 0
 0
 0
 0
 0
 0
 0
 0
 0
 0
 0
 0
 0
 0
 0
 0
 0
 0
 0
 0
 0
 0
 0
 0
 0
 0
 0
 0
 0
 0
 0
 0
 0
 0
 0
 0
 0
 0
 0
 0
 0
 0
 0
 0
 0
 0
 0
 0
 0
 0
 0
 0
 0
 0
 0
 0
 0
 0
 0
 0
 0
 0
 0
 0
 0
 0
 0
 0
 0
 0
 0
 0
 0
 0
 0
 0
 0
 0
 0
 0
 0
 0
 0
 0
 0
 0
 0
 0
 0
 0
 0
 0
 0
 0
 0
 0
 0
 0
 0
 0
 0
 0
 0
 0
 0
 0
 0
 0
 0
 0
 0
 0
 0
 0
 0
 0
 0
 0
 0
 0
 0
 0
 0
 0
 0
 0
 0
 0
 0
 0
 0
 0
 0
 0
 0
 0
 0
 0
 0
 0
 0
 0
 0
 0
 0
 0
 0
 0
 0
 0
 0
 0
 0
 0
 0
 0
 0
 0
 0
 0
 0
 0
 0
 0
 0
 0
 0
 0
 0
 0
 0
 0
 0
 0
 0
 0
 0
 0
 0
 0
 0
 0
 0
 0
 0
 0
 0
 0
 0
 0
 0
 0
 0
 0
 0
 0
 0
 0
 0
 0
 0
 0
 0
 0
 0
 0
 0
 0
 0
 0
 0
 0
 0
 0
 0
 0
 0
 0
 0
 0
 0
 0
 0
 0
 0
 0
 0
 0
 0
 0
 0
 0
 0
 0
 0
 0
 0
 0
 0
 0
 0
 0
 0
 0
 0
 0
 0
 0
 0
 0
 0
 0
 0
 0
 0
 0
 0
 0
 0
 0
 0
 0
 0
 0
 0
 0
 0
 0
 0
 0
 0
 0
 0
 0
 0
 0
 0
 0
 0
 0
 0
 0
 0
 0
 0
 0
 0
 0
 0
 0
 0
 0
 0
 0
 0
 0
 0
 0
 0
 0
 0
 0
 0
 0
 0
 0
 0
 0
 0
 0
 0
 0
 0
 0
 0
 0
 0
 0
 0
 0
 0
 0
 0
 0
 0
 0
 0
 0
 0
 0
 0
 0
 0
 0
 0
 0
 0
 0
 0
 0
 0
 0
 0
 0
 0
 0
 0
 0
 0
 0
 0
 0
 0
 0
 0
 0
 0
 0
 0
 0
 0
 0
 0
 0
 0
 0
 0
 0
 0
 0
 0
 0
 0
 0
 0
 0
 0
 0
 0
 0
 0
 0
 0
 0
 0
 0
 0
 0
 0
 0
 0
 0
 0
 0
 0
 0
 0
 0
 0
 0
 0
 0
 0
 0
 0
 0
 0
 0
 0
 0
 0
 0
 0
 0
 0
 0
 0
 0
 0
 0
 0
 0
 0
 0
 0
 0
 0
 0
 0
 0
 0
 0
 0
 0
 0
 0
 0
 0
 0
 0
 0
 0
 0
 0
 0
 0
 0
 0
 0
 0
 0
 0
 0
 0
 0
 0
 0
 0
 0
 0
 0
 0
 0
 0
 0
 0
 0
 0
 0
 0
 0
 0
 0
 0
 0
 0
 0
 0
 0
 0
 0
 0
 0
 0
 0
 0
 0
 0
 0
 0
 0
 0
 0
 0
 0
 0
 0
 0
 0
 0
 0
 0
 0
 0
 0
 0
 0
 0
 0
 0
 0
 0
 0
 0
 0
 0
 0
 0
 0
 0
 0
 0
 0
 0
 0
 0
 0
 0
 0
 0
 0
 0
 0
 0
 0
 0
 0
 0
 0
 0
 0
 0
 0
 0
 0
 0
 0
 0
 0
 0
 0
 0
 0
 0
 0
 0
 0
 0
 0
 0
 0
 0
 0
 0
 0
 0
 0
 0
 0
 0
 0
 0
 0
 0
 0
 0
 0
 0
 0
 0
 0
 0
 0
 0
 0
 0
 0
 0
 0
 0
 0
 0
 0
 0
 0
 0
 0
 0
 0
 0
 0
 0
 0
 0
 0
 0
 0
 0
 0
 0
 0
 0
 0
 0
 0
 0
 0
 0
 0
 0
 0
 0
 0
 0
 0
 0
 0
 0
 0
 0
 0
 0
 0
 0
 0
 0
 0
 0
 0
 0
 0
 0
 0
 0
 0
 0
 0
 0
 0
 0
 0
 0
 0
 0
 0
 0
 0
 0
 0
 0
 0
 0
 0
 0
 0
 0
 0
 0
 0
 0
 0
 0
 0
 0
 0
 0
 0
 0
 0
 0
 0
 0
 0
 0
 0
 0
 0
 0
 0
 0
 0
 0
 0
 0
 0
 0
 0
 0
 0
 0
 0
 0
 0
 0
 0
 0
 0
 0
 0
 0
 0
 0
 0
 0
 0
 0
 0
 0
 0
 0
 0
 0
 0
 0
 0
 0
 0
 0
 0
 0
 0
 0
 0
 0
 0
 0
 0
 0
 0
 0
 0
 0
 0
 0
 0
 0
 0
 0
 0
 0
 0
 0
 0
 0
 0
 0
 0
 0
 0
 0
 0
 0
 0
 0
 0
 0
 0
 0
 0
 0
 0
 0
 0
 0
 0
 0
 0
 0
 0
 0
 0
 0
 0
 0
 0
 0
 0
 0
 0
 0
 0
 0
 0
 0
 0
 0
 0
 0
 0
 0
 0
 0
 0
 0
 0
 0
 0
 0
 0
0.04125773
0.04569341
0.05002312
0.05577363
0.06091559
0.06385146
0.06604529
0.06816324
0.07079636
0.07328322
0.07616844
0.08130684
0.08749246
0.08896122
0.07556323
0.06064578
0.04683809
0.03207385
0.02134711
0.01010714
0.01108331
0.01099027
0.007761834
0.003659559
0.001358609
0.0001566292
 0
 0
 0
 0
 0
 0
 0
 0
 0
 0
 0
 0
0.05947868
0.05986178
0.05980697
0.06099506
0.06279033
0.06486859
0.06696312
0.06811748
0.06920417
0.07226676
0.07587497
0.08101375
0.08646838
0.09245661
0.09910528
0.09529423
0.06146604
0.03665249
0.02112719
0.006720149
0.005876604
0.004490129
0.003733827
0.002111866
0.0008884629
1.864016e-06
 0
 0
 0
 0
 0
 0
 0
 0
 0
 0
 0
 0
0.04277473
0.04354274
0.04510944
0.04856717
0.05441749
0.0618941
0.06652687
0.06322209
0.05513857
0.05242416
0.04837106
0.04476568
0.04109087
0.04227557
0.05289675
0.0725514
0.08903427
0.09327823
0.07681192
0.0513093
0.0253366
0.01182022
0.005166182
0.001909017
0.000611004
 0
 0
 0
 0
 0
 0
 0
 0
 0
 0
 0
 0
 0
0.007359008
0.007374256
0.008328066
0.0111616
0.01847639
0.03322379
0.05298325
0.05999384
0.04581755
0.03514035
0.03081146
0.03227211
0.03255461
0.03121946
0.0354996
0.0540482
0.08079997
0.09832825
0.0919491
0.06463593
0.03119305
0.01250157
0.005381529
0.00187098
0.0001847882
 0
 0
 0
 0
 0
 0
 0
 0
 0
 0
 0
 0
 0
0.02027091
0.02002217
0.02078645
0.02402411
0.0319972
0.04676869
0.06486023
0.0705936
0.07253599
0.06684546
0.05672404
0.05927216
0.06348463
0.06549704
0.07362982
0.0891137
0.1027165
0.1081881
0.08697508
0.0583303
0.02956331
0.0151835
0.007024294
0.002699678
0.001063009
2.467485e-06
 0
 0
 0
 0
 0
 0
 0
 0
 0
 0
 0
 0
0.002532391
0.001481641
0.0009199465
0.0007570423
0.001343234
0.009822669
0.03522884
0.06921041
0.0739816
0.06459042
0.06370384
0.07660094
0.08615907
0.08273283
0.07326273
0.05389141
0.02978289
0.02355234
0.04868316
0.06778435
0.04962331
0.02594459
0.01087585
0.00336479
0.001005424
1.414068e-06
 0
 0
 0
 0
 0
 0
 0
 0
 0
 0
 0
 0
0.0005894884
2.778575e-05
 0
 0
 0
5.502701e-06
0.001459274
0.01963101
0.03114721
0.02307149
0.01866704
0.03408069
0.05897655
0.08327418
0.09741315
0.1051657
0.1116981
0.1049842
0.08625484
0.07393027
0.04768504
0.02564389
0.01205446
0.004080609
0.001101698
0.0001544819
 0
 0
 0
 0
 0
 0
 0
 0
 0
 0
 0
 0
0.0001265682
8.179773e-06
 0
 0
 0
1.782116e-05
0.001325927
0.01351924
0.03302523
0.02944382
0.0195439
0.03142638
0.05956545
0.08639129
0.0986367
0.1056051
0.1118016
0.1201342
0.1315616
0.1261235
0.07279924
0.03761073
0.01860682
0.006908776
0.001767544
0.0004825693
 0
 0
 0
 0
 0
 0
 0
 0
 0
 0
 0
 0
0.001294045
2.090614e-05
 0
 0
 0
3.821124e-05
0.001325741
0.007517749
0.058208
0.06702616
0.05217648
0.05910766
0.08452909
0.09427036
0.1002704
0.1052402
0.1120006
0.1214678
0.1325501
0.1351684
0.07661212
0.03883591
0.01980238
0.00831151
0.002624066
0.0007247371
 0
 0
 0
 0
 0
 0
 0
 0
 0
 0
 0
 0
0.0007895016
0.0001709249
0.0001005372
3.443622e-05
1.452402e-05
4.726035e-05
0.001586286
0.005412744
0.06017067
0.07559409
0.06958824
0.0716785
0.08874201
0.09507454
0.09972376
0.105738
0.114338
0.12332
0.1331449
0.09916184
0.05506263
0.02951616
0.0156789
0.006966259
0.002398795
0.0006990304
 0
 0
 0
 0
 0
 0
 0
 0
 0
 0
 0
 0
9.583814e-05
3.836328e-05
1.081383e-05
 0
2.87674e-05
4.090593e-06
0.0004558324
0.01028271
0.07130035
0.07682495
0.07557745
0.0820665
0.09078093
0.0955255
0.1002794
0.1072191
0.1152228
0.1234176
0.1329705
0.1023503
0.06207659
0.03164271
0.014573
0.005404356
0.001471492
5.88279e-05
 0
 0
 0
 0
 0
 0
 0
 0
 0
 0
 0
 0
0.0003298154
0.0001737208
0.0001580678
0.000105484
0.0001044924
6.228082e-06
0.001119359
0.02945903
0.07403606
0.07665905
0.07684317
0.08352885
0.09059132
0.09596224
0.1018434
0.1094618
0.1176051
0.1248066
0.1335393
0.1215869
0.06759846
0.03185305
0.01432634
0.005000741
0.001359077
7.581598e-06
 0
 0
 0
 0
 0
 0
 0
 0
 0
 0
 0
 0
0.001465487
0.0003678097
0.0004032981
0.0004745581
0.0004228417
0.001982781
0.008424305
0.0491191
0.07265582
0.07305915
0.07243894
0.08469329
0.09189685
0.09800945
0.1048743
0.1126373
0.118975
0.1249633
0.1344816
0.1345442
0.08305433
0.03972726
0.02023127
0.009334784
0.002532373
2.522314e-05
 0
 0
 0
 0
 0
 0
 0
 0
 0
 0
 0
 0
5.892563e-06
1.462593e-05
2.369511e-05
 0
1.241234e-05
4.012692e-07
2.7037e-05
0.001790313
0.02246062
0.03656984
0.04794998
0.07140856
0.08875947
0.09564725
0.1026027
0.10974
0.1155605
0.1221259
0.1329942
0.1455645
0.1337328
0.06632924
0.02267912
0.006066669
0.001704169
 0
 0
 0
 0
 0
 0
 0
 0
 0
 0
 0
 0
 0
1.545259e-06
4.49242e-07
9.826162e-08
 0
 0
 0
2.723841e-05
0.001300802
0.00381213
0.01583189
0.03833551
0.06717983
0.08800527
0.09401151
0.1015616
0.1087415
0.1126616
0.1237696
0.1336636
0.1473408
0.1150493
0.06043183
0.02735391
0.01056661
0.003100551
8.968297e-07
 0
 0
 0
 0
 0
 0
 0
 0
 0
 0
 0
 0
0.0002032891
0.0002920878
0.0003785282
0.0006859402
0.001163665
0.002850475
0.0115572
0.03706073
0.06439006
0.07097502
0.07760478
0.08654198
0.09213243
0.09739849
0.1056213
0.05044614
0.05580113
0.04277887
0.111248
0.1037802
0.06583732
0.03171657
0.0135794
0.004261923
3.740517e-05
 0
 0
 0
 0
 0
 0
 0
 0
 0
 0
 0
 0
 0
0.006890873
0.008894055
0.01108928
0.01335547
0.0161348
0.01951075
0.03170965
0.04912362
0.06103706
0.06996287
0.08105206
0.08592699
0.08939859
0.09599136
0.1059428
0.07054245
0.05852711
9.849998e-05
0.0583335
0.1299914
0.07464215
0.03449521
0.01132294
0.003234674
 0
 0
 0
 0
 0
 0
 0
 0
 0
 0
 0
 0
 0
 0
0.03391896
0.03843784
0.04286797
0.04631659
0.0479286
0.04619662
0.05733814
0.06729322
0.07291552
0.07696359
0.08070143
0.08297355
0.08980826
0.1002516
0.09153388
0.1078386
0.09179617
5.268757e-05
 0
0.0006217341
0.02396952
0.008645812
6.959462e-06
 0
 0
 0
 0
 0
 0
 0
 0
 0
 0
 0
 0
 0
 0
 0
0.004807175
0.005711018
0.007485179
0.01065077
0.01573128
0.02109629
0.03240049
0.04424942
0.05536846
0.06279964
0.06942624
0.08150174
0.08998404
0.06549361
0.0507192
0.1035478
0.1047456
0.004049222
 0
 0
 0
 0
 0
 0
 0
 0
 0
 0
 0
 0
 0
 0
 0
 0
 0
 0
 0
 0
0.002055246
0.00241346
0.002839244
0.00369559
0.006332467
0.009645066
0.0132928
0.0131266
0.009145575
0.005120012
0.002732507
0.001513153
0.006089021
0.0251833
0.0669935
0.1063059
0.118895
0.1281691
0.03869738
 0
 0
 0
 0
 0
 0
 0
 0
 0
 0
 0
 0
 0
 0
 0
 0
 0
 0
 0
0.01076226
0.01243616
0.01406622
0.01506559
0.01408836
0.01365549
0.01351814
0.01134252
0.008124337
0.006675632
0.006683605
0.0157728
0.0370055
0.06698637
0.09753099
0.1078959
0.1135526
0.1080818
 0
 0
 0
 0
 0
 0
 0
 0
 0
 0
 0
 0
 0
 0
 0
 0
 0
 0
 0
 0
0.025924
0.0274038
0.02826711
0.02737025
0.02339696
0.01574629
0.00722168
0.002289393
0.0008304676
0.0002609187
0.0004031306
7.320459e-06
 0
 0
1.776357e-12
0.00547967
0.02268581
 0
 0
 0
 0
 0
 0
 0
 0
 0
 0
 0
 0
 0
 0
 0
 0
 0
 0
 0
 0
 0
0.02976452
0.03116053
0.03176052
0.03000272
0.02517907
0.017226
0.008727734
0.002966105
0.0008415988
 0
 0
 0
 0
 0
 0
 0
 0
 0
 0
 0
 0
 0
 0
 0
 0
 0
 0
 0
 0
 0
 0
 0
 0
 0
 0
 0
 0
 0
 0
 0
 0
 0
 0
 0
 0
 0
 0
 0
 0
 0
 0
 0
 0
 0
 0
 0
 0
 0
 0
 0
 0
 0
 0
 0
 0
 0
 0
 0
 0
 0
 0
 0
 0
 0
 0
 0
0.0002155357
0.0002117083
0.0001969198
0.0001890832
0.000192311
0.0002029758
0.0002193991
0.0002421049
0.0002805326
0.0003262958
0.0003633309
0.000350368
0.0002443712
0.0001702651
0.000108151
6.090527e-05
2.7501e-05
9.319637e-06
2.712684e-08
 0
 0
4.108979e-08
7.752834e-08
4.247301e-08
1.824534e-08
1.816603e-09
 0
 0
 0
 0
 0
 0
 0
 0
 0
 0
 0
 0
0.003060068
0.003045994
0.002999841
0.00292712
0.00281018
0.002626957
0.002374973
0.002094765
0.001834748
0.001565361
0.001260456
0.0009817178
0.0007253427
0.0004675075
0.0002292958
9.913873e-05
3.38523e-05
1.107799e-05
8.088825e-07
 0
 0
 0
4.993836e-08
4.721269e-08
1.845333e-08
 0
 0
 0
 0
 0
 0
 0
 0
 0
 0
 0
 0
 0
0.003824475
0.003799054
0.003781548
0.003793253
0.003856336
0.003956102
0.004062307
0.004132411
0.00417732
0.00405858
0.003591932
0.00290893
0.002181164
0.001526164
0.0009959529
0.0005911716
0.0002657479
6.984522e-05
2.176633e-05
7.593258e-06
1.953006e-06
4.981329e-07
1.367301e-07
3.631887e-08
9.582916e-09
 0
 0
 0
1.261169e-41
 0
 0
 0
 0
 0
 0
 0
 0
 0
0.003600768
0.003593715
0.003643604
0.00381897
0.004164127
0.004647507
0.005103128
0.005222012
0.004710972
0.004188252
0.003570706
0.002907056
0.002193152
0.001519544
0.001010083
0.0006554748
0.0003506662
0.0001156152
2.995899e-05
1.37711e-05
3.436098e-06
5.522752e-07
1.370221e-07
3.875551e-08
 0
 0
 0
 0
 0
 0
 0
 0
 0
 0
 0
 0
 0
 0
0.004503332
0.004467799
0.004488616
0.00459803
0.004871985
0.005211173
0.005443185
0.005324505
0.005057791
0.004934408
0.004699025
0.004154986
0.00330135
0.002376395
0.001590759
0.0009438108
0.000435429
0.0001302447
3.384193e-05
1.052253e-05
2.819583e-06
6.791889e-07
1.99887e-07
6.861713e-08
1.936383e-08
8.470329e-19
 0
 0
 0
 0
 0
 0
 0
 0
 0
 0
 0
 0
0.008412993
0.008446678
0.008640484
0.009067313
0.009793181
0.01078071
0.01154743
0.01139685
0.009582131
0.007532665
0.006108135
0.004914907
0.003613886
0.002312153
0.001187285
0.0003857149
0.0001043158
2.357475e-05
1.367757e-05
1.537843e-05
4.208126e-06
1.115133e-06
2.772826e-07
7.99362e-08
1.105414e-08
 0
 0
 0
 0
 0
 0
 0
 0
 0
 0
 0
 0
 0
0.01036814
0.01023909
0.01033044
0.0106897
0.01149711
0.01293091
0.01505791
0.01721239
0.01784519
0.01647224
0.01527945
0.01410632
0.01186556
0.008623863
0.005176782
0.002457232
0.000842856
0.0002228182
6.016538e-05
1.585535e-05
5.223384e-06
1.363496e-06
3.544339e-07
9.752316e-08
5.342771e-09
 0
 0
5.605194e-42
5.605194e-42
 0
 0
 0
 0
 0
 0
 0
 0
 0
0.0260072
0.02627692
0.02712505
0.02869217
0.03109667
0.03471448
0.03895866
0.0404345
0.03103525
0.02181981
0.01995064
0.018502
0.01574999
0.01123383
0.006684314
0.003416456
0.001558703
0.0006371672
0.0001831775
4.82065e-05
1.220881e-05
3.089735e-06
6.157443e-07
1.541848e-07
4.130841e-08
 0
 0
 0
 0
 0
 0
 0
 0
 0
 0
 0
 0
 0
0.05602922
0.05656164
0.05820461
0.06143617
0.0672022
0.07666635
0.08717228
0.09047962
0.06998003
0.04051264
0.02623718
0.02360892
0.01782393
0.01165889
0.006944151
0.00374609
0.001907322
0.000820162
0.0002400244
6.141197e-05
1.191918e-05
2.867366e-06
6.487494e-07
1.588371e-07
7.485728e-08
2.8057e-09
 0
 0
 0
 0
 0
 0
 0
 0
 0
 0
 0
 0
0.0701816
0.07042404
0.07140435
0.07378864
0.07834182
0.08541584
0.09316528
0.09500049
0.07077055
0.03746113
0.02638622
0.02321391
0.01700176
0.01179397
0.007411973
0.004200879
0.002038856
0.000686948
0.0001924579
4.723654e-05
7.534924e-06
1.893746e-06
4.720184e-07
1.42338e-07
5.830689e-08
3.739703e-09
 0
 0
 0
 0
 0
 0
 0
 0
 0
 0
 0
 0
0.05813558
0.05929822
0.06073339
0.06286026
0.06557501
0.06827837
0.06910027
0.06155923
0.04573032
0.03004535
0.02431202
0.02031016
0.01544231
0.01094977
0.006779545
0.003836757
0.001757048
0.0005774867
0.0001533555
4.077893e-05
9.6576e-06
2.388789e-06
5.501964e-07
1.392852e-07
3.111078e-08
 0
 0
 0
 0
 0
 0
 0
 0
 0
 0
 0
 0
 0
0.04285862
0.0442842
0.04588516
0.04771873
0.05026925
0.05315525
0.05448543
0.04988458
0.0382802
0.02876087
0.02643752
0.02250899
0.01689032
0.01157611
0.007283968
0.004171186
0.002076246
0.0007812255
0.0002138075
5.336918e-05
1.197108e-05
3.070735e-06
4.450064e-07
1.075177e-07
2.640817e-08
 0
 0
2.101948e-41
 0
 0
 0
 0
 0
 0
 0
 0
 0
 0
0.03676599
0.03808126
0.03998204
0.04235735
0.04512314
0.04834369
0.05006271
0.04674121
0.03643753
0.02714453
0.02324151
0.01769361
0.0129772
0.008532651
0.004782899
0.002398414
0.001122551
0.0004688985
0.0001262007
3.634779e-05
1.087069e-05
2.823076e-06
5.350372e-07
1.784685e-07
7.243072e-08
 0
 0
 0
 0
 0
 0
 0
 0
 0
 0
 0
 0
 0
0.05939315
0.06149138
0.06395953
0.06696137
0.07146688
0.07711766
0.0811048
0.0789791
0.06283739
0.04280578
0.03072663
0.02230152
0.01743639
0.01238296
0.008158394
0.004861986
0.002566252
0.001329864
0.000629022
0.0001970935
5.336476e-05
1.004994e-05
9.73266e-07
9.496465e-08
2.877262e-08
 0
 0
5.605194e-42
 0
 0
 0
 0
 0
 0
 0
 0
 0
 0
0.09014586
0.09174575
0.09312508
0.0948071
0.09742457
0.09949172
0.09821965
0.0900674
0.0719069
0.05169884
0.03656371
0.02484639
0.01779813
0.01249453
0.007470156
0.003886164
0.001966134
0.001156953
0.0004954386
0.0001450751
3.836796e-05
7.332533e-06
7.677459e-07
1.365433e-07
7.198494e-08
 0
 0
 0
 0
 0
 0
 0
 0
 0
 0
 0
 0
 0
0.03617007
0.03676688
0.03753398
0.03832888
0.03917358
0.04017332
0.04058784
0.03682728
0.02927391
0.02078604
0.01548808
0.01142625
0.007038218
0.003590118
0.001422919
0.0004166485
0.0004442458
0.0003605571
0.0005377103
0.0001292427
3.045157e-05
4.525114e-06
3.753805e-08
9.171884e-09
 0
 0
 0
 0
 0
 0
 0
 0
 0
 0
 0
 0
 0
 0
0.01563126
0.01571222
0.01574353
0.01571189
0.01557469
0.01521412
0.01484968
0.01395282
0.0123868
0.01074542
0.008815667
0.005795477
0.003477953
0.002119682
0.001080142
0.0002907491
0.00012978
1.146916e-08
6.86502e-05
0.000163602
3.930209e-05
4.785338e-06
1.88856e-08
1.747885e-08
 0
 0
 0
 0
 0
 0
 0
 0
 0
 0
 0
 0
 0
 0
0.00926452
0.009402706
0.00962058
0.009943621
0.01027973
0.01047251
0.01065831
0.00993754
0.008971532
0.008059097
0.006695948
0.004547066
0.002837671
0.001762258
0.001176226
0.0008077124
0.0002604753
4.336809e-16
 0
 0
4.050757e-07
1.515468e-07
 0
 0
 0
 0
 0
 0
 0
 0
 0
 0
 0
 0
 0
 0
 0
 0
0.0121238
0.012159
0.01211416
0.01194455
0.01147621
0.01073581
0.01015531
0.009262811
0.008245542
0.007153691
0.005733435
0.004265994
0.003428746
0.001952859
0.000927677
0.0006947521
0.0002010171
1.920408e-08
 0
 0
 0
 0
 0
 0
1.121039e-41
8.407791e-42
 0
 0
 0
 0
 0
 0
 0
 0
 0
 0
 0
 0
0.01044166
0.01100366
0.01163423
0.01219645
0.01243678
0.01188364
0.01090471
0.01063004
0.0113255
0.01236152
0.01214751
0.01052186
0.009353439
0.008654984
0.007195912
0.004574811
0.001800854
0.0005250861
1.382901e-05
 0
 0
 0
 0
 0
 0
8.407791e-42
 0
1.121039e-41
 0
 0
 0
 0
 0
 0
 0
 0
 0
 0
0.00536551
0.00536745
0.005316958
0.005158955
0.004832409
0.004455764
0.004067633
0.003631603
0.003244039
0.003055388
0.003032255
0.003125406
0.003161856
0.002781737
0.002002931
0.001052736
0.0002989812
0.0001425343
 0
 0
 0
 0
 0
 0
 0
8.407791e-42
4.203895e-42
1.121039e-41
 0
 0
 0
 0
 0
 0
 0
 0
 0
 0
0.0002673399
0.0002573338
0.0002364226
0.0002003558
0.000150139
9.39235e-05
4.458908e-05
1.777037e-05
8.405043e-06
3.338335e-06
2.505928e-06
 0
 0
9.992007e-13
 0
2.210424e-06
6.512464e-05
 0
 0
 0
 0
 0
 0
 0
 0
8.407791e-42
5.605194e-42
1.121039e-41
 0
 0
 0
 0
 0
 0
 0
 0
 0
 0
0.0002337178
0.0002363096
0.000227095
0.0002037922
0.0001632155
0.0001085072
5.205384e-05
1.17521e-05
2.260677e-06
 0
 0
 0
 0
 0
 0
4.203895e-42
 0
 0
2.942727e-41
5.605194e-42
8.407791e-42
 0
 0
 0
 0
8.407791e-42
5.605194e-42
1.121039e-41
 0
 0
 0
 0
 0
 0
 0
 0
 0
 0
 0
 0
 0
 0
 0
 0
 0
 0
 0
 0
 0
 0
 0
 0
 0
 0
 0
 0
 0
 0
 0
 0
 0
 0
 0
 0
 0
 0
 0
 0
 0
 0
 0
 0
 0
 0
 0
 0
0.008932474
0.01454411
0.02091194
0.02815228
0.03506629
0.03886877
0.03841234
0.03267163
0.02694097
0.02209124
0.02057583
0.02118282
0.01383399
0.002859898
0.001402849
0.0009912855
0.0006917689
0.0003446746
5.949824e-05
6.218582e-06
2.185066e-05
4.482854e-05
2.819309e-05
8.282448e-06
2.058854e-06
2.98515e-07
 0
7.70372e-31
 0
 0
 0
 0
 0
 0
 0
 0
 0
 0
0.1085147
0.1101104
0.1114289
0.1128134
0.1129148
0.1095355
0.09977958
0.0870908
0.08049013
0.07963658
0.07876138
0.07585274
0.06522515
0.04939888
0.02557178
0.002054192
0.001618973
0.0007037781
0.0001310779
2.532096e-06
 0
1.248709e-06
1.760219e-05
6.065905e-06
1.552011e-06
 0
 0
 0
 0
 0
 0
 0
 0
 0
 0
 0
 0
 0
0.1112692
0.1094478
0.1078206
0.1071971
0.1083969
0.1111714
0.1148042
0.1165827
0.1180709
0.1133019
0.09951199
0.0830028
0.06856858
0.05419184
0.03901745
0.02551878
0.01413096
0.005711069
0.001833852
0.0007075025
0.0002572844
8.175495e-05
2.22077e-05
5.85907e-06
9.164096e-07
 0
 0
 0
 0
 0
 0
 0
 0
 0
 0
 0
 0
 0
0.08838541
0.08682301
0.0863167
0.08819497
0.09427027
0.104076
0.1161839
0.1250038
0.128639
0.1258394
0.1174301
0.103718
0.08825769
0.07128423
0.05480312
0.03925464
0.02349367
0.00975512
0.00276493
0.001237575
0.000314163
8.637802e-05
2.337791e-05
6.219968e-06
 0
 0
 0
 0
 0
 0
 0
 0
 0
 0
 0
 0
 0
 0
0.08715837
0.08659453
0.0870439
0.08918079
0.09458064
0.1018541
0.1080118
0.1078159
0.09005096
0.08492666
0.0973203
0.1025174
0.09428246
0.08165185
0.06795703
0.05303241
0.03422169
0.0141893
0.003929624
0.001039344
0.000281387
9.78942e-05
3.11155e-05
8.539e-06
1.62408e-06
 0
 0
 0
 0
1.401298e-41
 0
 0
 0
 0
 0
 0
 0
 0
0.161543
0.1639208
0.1693105
0.1786733
0.192692
0.210089
0.2228591
0.2195797
0.1884079
0.14836
0.1256458
0.1080184
0.09013563
0.06959357
0.04646937
0.02122043
0.006507007
0.001836602
0.001194481
0.001242857
0.000565901
0.0002269541
6.35021e-05
1.704108e-05
1.332827e-06
 0
 0
 0
 0
 0
 0
 0
 0
 0
 0
 0
 0
 0
0.3805954
0.3832709
0.3919876
0.4083111
0.4326412
0.4658968
0.5036047
0.5280288
0.505537
0.4627287
0.434566
0.4181567
0.3915621
0.3444515
0.2709348
0.1757003
0.07820882
0.01968064
0.005440762
0.001688313
0.0006664778
0.0002827755
0.0001044316
2.73545e-05
3.968739e-06
 0
 0
 0
 0
 0
 0
 0
 0
 0
 0
 0
 0
 0
0.5161424
0.5124363
0.5155768
0.5251686
0.5443231
0.5749168
0.6168707
0.6529617
0.648894
0.596764
0.5444952
0.5125217
0.4752977
0.4134334
0.3330061
0.2343776
0.1450812
0.08337046
0.03811783
0.009863836
0.001689426
0.0004157934
0.0001928932
4.830963e-05
1.241901e-05
 0
 0
 0
 0
 0
 0
 0
 0
 0
 0
 0
 0
 0
0.5600801
0.5581042
0.5626539
0.5724257
0.589114
0.6133714
0.6488951
0.6963185
0.7269076
0.6691633
0.5953698
0.5292807
0.4683908
0.3998496
0.3166857
0.2289063
0.1633401
0.1122848
0.05821246
0.0134231
0.001898557
0.0004641781
0.0002023774
6.074273e-05
1.636814e-05
 0
 0
 0
 0
 0
 0
 0
 0
 0
 0
 0
 0
 0
0.5438066
0.5396802
0.5388726
0.5441716
0.5576138
0.5847164
0.6200709
0.6637581
0.693671
0.6227204
0.526379
0.4595638
0.412067
0.3664538
0.3092227
0.2451676
0.1799249
0.1014538
0.02681226
0.006748669
0.001152103
0.0003244682
0.0001346583
4.543892e-05
1.174474e-05
1.501799e-06
3.388132e-18
 0
1.121039e-41
 0
 0
 0
 0
 0
 0
 0
 0
 0
0.4614637
0.4581214
0.4559987
0.4589559
0.4679523
0.4864224
0.5152934
0.5552338
0.5788825
0.5072117
0.4217229
0.3803223
0.3597839
0.3229539
0.2708951
0.2146696
0.1496238
0.07948631
0.02175872
0.004985452
0.001234114
0.0003859131
0.0001360068
3.803576e-05
1.000803e-05
 0
 0
 0
 0
 0
 0
 0
 0
 0
 0
 0
 0
 0
0.3926624
0.393771
0.3924017
0.3931468
0.4026856
0.4273038
0.4668052
0.5187989
0.5407115
0.4700034
0.4106846
0.3995599
0.3843438
0.3487399
0.2987726
0.2391959
0.1712187
0.09816116
0.03530365
0.008904261
0.001630838
0.0003921182
0.0001646232
4.120844e-05
1.01365e-05
 0
 0
5.605194e-42
 0
 0
 0
 0
 0
 0
 0
 0
 0
 0
0.4524961
0.4562596
0.4613342
0.4630457
0.4695839
0.4919947
0.5260421
0.5569829
0.5295729
0.4559906
0.4011869
0.3781926
0.3582737
0.3194344
0.2589839
0.1849783
0.1157508
0.06833963
0.02996408
0.003173604
0.0009979634
0.0003585951
0.0001522569
5.009594e-05
1.208106e-05
 0
 0
 0
 0
 0
 0
 0
 0
 0
 0
 0
 0
 0
0.5661764
0.5712271
0.5743566
0.5767789
0.5864407
0.603454
0.6229497
0.6450026
0.6248247
0.5712985
0.5166121
0.4767138
0.4437485
0.4076287
0.3510345
0.2734074
0.1943344
0.1443998
0.1088655
0.06076539
0.01514863
0.001285943
3.488274e-05
3.959698e-05
3.733871e-06
 0
 0
 0
 0
 0
 0
 0
 0
 0
 0
 0
 0
 0
0.5980881
0.6024118
0.6043277
0.6049848
0.6107028
0.6193563
0.6297722
0.6357803
0.6169838
0.5686314
0.5099793
0.4604279
0.4109435
0.3524092
0.2780449
0.189874
0.1274379
0.1164203
0.06861423
0.04207987
0.008186697
0.00104711
0.0002022814
5.046879e-05
8.107038e-06
 0
 0
 0
 0
 0
 0
 0
 0
 0
 0
 0
 0
 0
0.4587908
0.4618281
0.465103
0.4658884
0.4647702
0.4652546
0.4653295
0.4573784
0.4236491
0.3700201
0.3193752
0.2734319
0.2116889
0.1371578
0.06959419
0.04227414
0.04542858
0.04179277
0.0514989
0.01360109
0.003398064
0.0006350187
2.512755e-05
4.148443e-07
 0
 0
 0
 0
 0
 0
 0
 0
 0
 0
 0
 0
 0
 0
0.2877954
0.2900268
0.2914008
0.2915034
0.2884479
0.2790718
0.2673655
0.2474874
0.2185585
0.1887652
0.1610859
0.123699
0.08623654
0.05888102
0.02858659
0.008579784
0.006697059
2.593978e-07
0.005474257
0.01318131
0.003200454
0.0005303431
1.491777e-05
6.975486e-07
 0
 0
 0
 0
 0
 0
 0
 0
 0
 0
 0
 0
 0
 0
0.1333893
0.1336197
0.1338557
0.1342684
0.1341674
0.1328382
0.1328567
0.1290627
0.1225835
0.1134626
0.09910084
0.07539044
0.05730485
0.03883692
0.02814622
0.03936493
0.01715728
5.127632e-08
 0
1.238801e-06
4.123947e-05
5.387648e-06
 0
 0
 0
 0
 0
1.121039e-41
 0
 0
 0
 0
 0
 0
 0
 0
 0
 0
0.2599711
0.2568195
0.2506483
0.2403626
0.2228697
0.2008016
0.1850386
0.1670228
0.1490916
0.1306524
0.1041232
0.07109646
0.0585123
0.04521322
0.03002375
0.02583463
0.01145282
 0
3.469447e-15
 0
 0
 0
2.802597e-42
 0
 0
4.203895e-42
4.203895e-42
2.101948e-41
 0
 0
 0
 0
 0
 0
 0
 0
 0
 0
0.2252385
0.2303738
0.2396167
0.2568483
0.2858351
0.3225247
0.3697756
0.4154623
0.4519437
0.4753694
0.4809179
0.4664494
0.4486093
0.4381233
0.4170136
0.3538435
0.2216368
0.06206124
0.00295262
1.801226e-09
 0
 0
9.809089e-42
 0
 0
 0
 0
 0
3.082857e-41
7.006492e-42
 0
 0
 0
 0
 0
 0
 0
 0
0.1319996
0.1332874
0.1344338
0.1339437
0.1298164
0.1234423
0.1146331
0.1024302
0.08989801
0.08182536
0.07856403
0.07887127
0.08395236
0.08933205
0.09131458
0.0790614
0.0301492
0.007411989
 0
 0
 0
 0
 0
4.203895e-42
 0
8.407791e-42
4.203895e-42
5.605194e-42
 0
 0
 0
 0
 0
 0
 0
 0
 0
 0
0.003540482
0.003884613
0.004021898
0.003931061
0.003419547
0.002463926
0.001269589
0.0005594065
0.0003456128
0.0001596305
7.666398e-05
2.633005e-09
2.220446e-12
6.217249e-12
2.398598e-05
9.136093e-05
0.001046875
 0
 0
 0
2.802597e-42
 0
 0
 0
 0
4.203895e-42
5.605194e-42
5.605194e-42
 0
 0
 0
 0
 0
 0
 0
 0
 0
 0
0.003116383
0.003204412
0.003227266
0.003066703
0.002576671
0.001667637
0.0006352875
0.0001356109
1.104188e-05
 0
 0
 0
 0
 0
 0
5.605194e-42
 0
1.401298e-42
8.407791e-42
 0
5.605194e-42
 0
 0
 0
 0
4.203895e-42
5.605194e-42
5.605194e-42
 0
 0
 0
 0
 0
 0
 0
 0
 0
 0
