0.9213937
0.8903522
0.8622733
0.827567
0.800027
0.8311681
1.027354
1.331604
1.512665
1.527443
1.540227
1.616058
1.663662
1.675639
1.66017
1.487853
1.227336
0.9609073
0.6816966
0.4195293
0.2477045
0.1451174
0.07858589
0.04078607
0.02328991
0.01564972
0.01340121
0.00862525
0.001
0.001
0.001
0.001
0.002421148
0.002739526
0.003055277
0.003430784
0.003896108
0.004419601
1.01772
1.03474
1.089831
1.155741
1.220303
1.309405
1.43195
1.540745
1.646585
1.750681
1.816835
1.904573
1.931436
1.916421
1.824395
1.620566
1.374155
1.11579
0.8047105
0.5016515
0.2757335
0.1457158
0.07755183
0.04046624
0.02401004
0.01360847
0.007957011
0.004141866
0.001494383
0.000895545
0.000937727
0.001553701
0.002598638
0.00297469
0.003145779
0.003481726
0.003951907
0.004549212
1.069426
1.286515
1.398204
1.474624
1.528479
1.595546
1.792074
2.123844
2.334124
2.449651
2.524712
2.576942
2.847816
2.836373
2.452196
1.896241
1.410159
1.0856
0.8066728
0.5272997
0.313012
0.177368
0.09336457
0.04580507
0.02300616
0.01689251
0.01367166
0.003894888
0.0009688062
0.0009448375
0.001015303
0.001669095
0.002622839
0.003042878
0.003271325
0.003534566
0.003985677
0.004605981
1.387169
1.381843
1.393972
1.53308
1.595453
1.589065
1.528558
1.825226
2.291966
2.732629
3.35017
3.722725
3.703182
3.247728
2.703839
2.232359
1.762522
1.316155
0.8837357
0.5682335
0.3366744
0.185564
0.09405496
0.04485905
0.02541107
0.01986604
0.008324277
0.002008345
0.0009635515
0.0009238538
0.0009710116
0.001375588
0.002356084
0.003085856
0.003544296
0.003927509
0.004339051
0.004806589
1.62883
1.593573
1.554643
1.535366
1.46135
1.538648
1.632811
1.965747
2.425935
2.94532
3.66451
3.862479
3.488211
3.258079
3.002494
2.405562
1.607826
0.8380275
0.8109315
0.5892761
0.3732128
0.2105128
0.1064444
0.05755962
0.03316281
0.01593538
0.006080619
0.001392365
0.001016593
0.001246066
0.001485506
0.001852457
0.002545565
0.003273061
0.003821091
0.00420447
0.004544812
0.004921257
1.010958
0.9910618
0.9663059
0.9186328
0.8918967
0.9146783
1.079602
1.311072
1.60517
1.94748
2.172256
2.632298
2.987936
2.914245
2.605475
2.175965
1.695412
1.138336
0.6451376
0.1874111
0.03084298
0.01170259
0.01394224
0.01432442
0.01273558
0.008066648
0.003878487
0.001580918
0.001394678
0.001450103
0.001538856
0.001846741
0.002420452
0.003099152
0.003736814
0.004205886
0.004531776
0.00486416
 0
 0
 0
 0
 0
 0
 0
 0
 0
 0
 0
 0
 0
 0
 0
 0
 0
 0
 0
 0
 0
 0
 0
 0
 0
 0
 0
 0
 0
 0
 0
 0
 0
 0
 0
 0
 0
 0
 0
 0
 0
 0
 0
 0
 0
 0
 0
 0
 0
 0
 0
 0
 0
 0
 0
 0
 0
 0
 0
 0
 0
 0
 0
 0
 0
 0
 0
 0
 0
 0
 0
 0
 0
 0
 0
 0
 0
 0
 0
 0
 0
 0
1.061123e-09
6.262616e-06
0.01513034
0.01700439
 0
 0
 0
 0
 0
 0
 0
 0
 0
 0
 0
 0
 0
 0
 0
 0
 0
 0
 0
 0
 0
 0
 0
 0
 0
 0
 0
 0
 0
 0
 0
 0
 0
 0
 0
3.696478e-06
0.01102816
0.04405407
0.03487539
0.04040419
0.03272813
 0
 0
 0
 0
 0
 0
 0
 0
 0
 0
 0
 0
 0
 0
 0
 0
 0
 0
 0
 0
 0
 0
 0
 0
 0
 0
 0
 0
 0
 0
 0
 0
2.870276e-06
0.00951908
0.04488711
0.08892582
0.1355064
0.1248963
0.1069882
0.07999184
0.1399427
 0
 0
 0
 0
 0
 0
 0
 0
 0
 0
 0
 0
 0
 0
 0
 0
 0
 0
 0
 0
 0
 0
 0
 0
 0
 0
 0
 0
 0
 0
 0
 0
 0
 0
1.421085e-11
2.227107e-10
3.394149e-06
0.02118753
0.01014961
 0
 0
 0
 0
 0
 0
 0
 0
 0
 0
 0
 0
 0
 0
 0
 0
 0
 0
 0
 0
 0
 0
 0
 0
 0
 0
 0
 0
 0
 0
 0
 0
 0
 0
 0
 0
 0
 0
 0
 0
 0
 0
 0
 0
 0
 0
 0
 0
 0
 0
 0
 0
 0
 0
 0
 0
 0
 0
 0
 0
 0
 0
 0
 0
 0
 0
 0
 0
 0
 0
 0
 0
 0
 0
 0
 0
 0
 0
 0
 0
 0
 0
 0
 0
 0
 0
 0
 0
 0
 0
 0
 0
 0
 0
 0
 0
 0
 0
 0
 0
 0
 0
 0
7.517594e-09
1.668247e-08
5.727583e-08
8.316326e-08
6.729097e-09
4.586652e-09
1.679784e-08
3.388104e-08
6.994179e-10
 0
 0
 0
 0
 0
 0
 0
 0
 0
 0
 0
 0
 0
 0
 0
 0
 0
 0
 0
 0
 0
 0
 0
 0
 0
 0
 0
 0
 0
 0
4.652184e-06
9.50315e-06
8.96399e-06
6.636208e-06
3.197093e-06
9.111428e-07
3.223968e-10
 0
 0
 0
 0
 0
 0
 0
 0
 0
 0
 0
 0
 0
 0
 0
 0
 0
 0
 0
 0
 0
 0
 0
 0
 0
 0
 0
2.039861e-09
 0
 0
 0
1.151425e-05
1.847826e-05
2.281516e-05
3.231369e-05
4.122175e-05
3.798994e-05
3.360437e-05
3.285004e-05
3.430606e-05
2.411044e-08
 0
 0
 0
 0
 0
 0
 0
 0
 0
 0
 0
 0
 0
 0
 0
 0
 0
 0
 0
 0
 0
 0
 0
 0
 0
 0
 0
 0
 0
 0
1.796813e-06
2.984259e-06
5.044363e-06
5.519548e-06
3.274709e-07
3.326187e-06
8.119909e-06
6.493558e-06
5.430819e-07
 0
 0
 0
 0
 0
 0
 0
 0
 0
 0
 0
 0
 0
 0
 0
 0
 0
 0
 0
 0
 0
 0
 0
 0
 0
 0
 0
 0
 0
 0
 0
 0
 0
 0
 0
 0
 0
 0
 0
 0
 0
 0
 0
 0
 0
 0
 0
 0
 0
 0
 0
 0
 0
 0
 0
 0
 0
 0
2.905393e-05
2.515051e-05
2.102907e-05
1.689076e-05
1.299217e-05
9.544196e-06
8.201331e-06
8.953913e-06
7.265122e-06
3.513784e-06
3.161466e-06
5.518294e-06
7.476461e-06
7.00009e-06
 0
1.492666e-05
 0
0.009358712
0.01591924
0.02626169
0.04702903
0.05647803
0.04148855
0.01900288
0.003265414
 0
 0
 0
 0
 0
 0
 0
 0
 0
 0
 0
 0
 0
5.819338e-07
5.282905e-07
4.884825e-07
5.474887e-07
6.552926e-07
7.748855e-07
7.866319e-07
1.814134e-07
1.914046e-06
6.873927e-06
8.218612e-06
6.59783e-06
7.499805e-06
7.745217e-06
7.392891e-06
6.220694e-06
4.28031e-06
0.0003931511
0.008563721
0.02336647
0.04669412
0.04891728
0.04675605
0.03324016
0.01540351
0.0040402
 0
 0
 0
 0
 0
 0
 0
 0
 0
 0
 0
 0
1.460375e-06
1.717318e-06
1.98009e-06
2.344235e-06
2.81094e-06
3.389887e-06
4.42003e-06
4.977843e-06
5.864021e-06
5.072487e-06
2.022541e-06
6.942947e-07
5.911521e-06
4.971551e-06
 0
2.259269e-05
 0
0.008931668
0.01885925
0.03731621
0.06108144
0.07358614
0.05812746
0.03615532
0.01288054
7.687234e-05
 0
 0
 0
 0
 0
 0
 0
 0
 0
 0
 0
 0
 0
1.103836e-05
1.34845e-05
1.775043e-05
2.655905e-05
3.538319e-05
4.607526e-05
4.253488e-05
2.602e-05
1.882323e-05
2.127263e-05
 0
0.0002218432
0.0002452784
 0
0.00496879
0.005027231
0.007149043
0.01640752
0.03938735
0.07370891
0.08174036
0.05642918
0.01854093
0.0003200489
 0
 0
 0
 0
 0
 0
 0
 0
 0
 0
 0
 0
 0
6.229084e-05
6.441756e-05
6.337318e-05
5.499881e-05
3.723636e-05
1.726561e-05
4.624676e-06
 0
6.461548e-07
8.808464e-07
2.911695e-08
 0
 0
0.0001137952
0.0002612931
0.0007333735
0.001178863
0.00140073
0.007384506
 0
 0
 0
 0
 0
 0
 0
 0
 0
 0
 0
 0
 0
 0
 0
 0
 0
 0
 0
 0
 0
 0
 0
 0
 0
 0
 0
 0
 0
 0
 0
 0
 0
 0
 0
 0
 0
 0
 0
 0
 0
 0
 0
 0
 0
 0
 0
 0
 0
 0
 0
 0
 0
 0
 0
 0
 0
3.994188e-10
4.026299e-10
4.102835e-10
4.247553e-10
4.496189e-10
4.864756e-10
5.19175e-10
4.766795e-10
3.267537e-10
1.508509e-10
3.55292e-11
 0
 0
 0
 0
 0
 0
 0
 0
 0
 0
 0
 0
 0
 0
 0
 0
 0
 0
 0
 0
 0
 0
 0
 0
 0
 0
 0
7.798678e-10
7.985561e-10
8.255165e-10
8.665302e-10
9.212578e-10
9.929063e-10
1.069935e-09
1.07449e-09
8.984837e-10
5.76535e-10
3.009156e-10
1.496372e-10
6.297321e-11
 0
 0
 0
 0
 0
 0
 0
 0
 0
 0
 0
 0
 0
 0
 0
 0
 0
 0
 0
 0
 0
 0
 0
 0
 0
4.109011e-09
3.844137e-09
3.452065e-09
2.927973e-09
2.377585e-09
1.930068e-09
1.619277e-09
1.258109e-09
6.082475e-10
1.517504e-10
 0
 0
 0
 0
 0
 0
 0
 0
 0
 0
 0
 0
 0
 0
 0
 0
 0
 0
 0
 0
 0
 0
 0
 0
 0
 0
 0
 0
2.013769e-06
2.121594e-06
2.234632e-06
2.333637e-06
2.514177e-06
2.79931e-06
3.136657e-06
3.138771e-06
2.179514e-06
8.505777e-07
2.729932e-07
1.510958e-07
1.053877e-07
7.049442e-08
3.855467e-08
1.58227e-08
6.47282e-11
 0
 0
 0
 0
 0
 0
 0
 0
 0
 0
 0
 0
 0
 0
 0
 0
 0
 0
 0
 0
 0
4.341569e-06
4.41961e-06
4.508936e-06
4.619667e-06
4.753751e-06
4.954944e-06
5.234424e-06
5.633567e-06
6.193804e-06
6.871133e-06
7.542174e-06
8.170786e-06
8.56027e-06
8.065912e-06
5.96019e-06
4.613625e-06
2.89888e-06
1.120234e-06
6.016127e-08
 0
 0
 0
 0
 0
 0
 0
 0
 0
 0
 0
 0
 0
 0
 0
 0
 0
 0
 0
 0
 0
 0
 0
 0
 0
 0
 0
 0
 0
 0
 0
 0
 0
 0
 0
 0
 0
 0
 0
 0
 0
 0
 0
 0
 0
 0
 0
 0
 0
 0
 0
 0
 0
 0
 0
 0
 0
0.1158128
0.116904
0.1190592
0.1228764
0.1293866
0.1400356
0.1556598
0.1711832
0.1778316
0.1744795
0.1656151
0.1576453
0.1480297
0.1353978
0.1239515
0.1171468
0.1132964
0.09904779
0.08098449
0.05372752
0.02488696
0.007576069
0.001768389
0.0002616729
8.16329e-06
 0
 0
 0
 0
 0
 0
 0
 0
 0
 0
 0
 0
 0
0.5568291
0.5627767
0.5700474
0.580488
0.5959255
0.6190736
0.6521869
0.6853216
0.6894585
0.6461846
0.6003717
0.5828654
0.572683
0.541497
0.4795719
0.3892267
0.2947499
0.2212803
0.1594786
0.1093496
0.06304278
0.02828882
0.008919928
0.001992372
0.0002054808
6.212402e-08
 0
 0
 0
 0
 0
 0
 0
 0
 0
 0
 0
 0
0.4850014
0.4859411
0.4874808
0.492492
0.5016807
0.5158681
0.5364206
0.5638481
0.5754393
0.5626185
0.5349008
0.5079937
0.4772041
0.437694
0.3870138
0.3233232
0.2496631
0.1750634
0.1264689
0.09100515
0.04985514
0.01804829
0.004909073
0.001085597
6.569518e-05
 0
 0
 0
 0
 0
 0
 0
 0
 0
 0
 0
 0
 0
0.5114658
0.5115585
0.5111969
0.5096351
0.5070503
0.5045333
0.4985426
0.4843093
0.4505431
0.3961374
0.3353761
0.2791264
0.2276004
0.1786593
0.1302268
0.08571029
0.02875236
0.01794388
0.06791835
0.08064353
0.04789636
0.01927406
0.005194021
0.0006873993
 0
 0
 0
 0
 0
 0
 0
 0
 0
 0
 0
 0
 0
 0
0.402709
0.4017213
0.3998552
0.3973155
0.3953005
0.3977837
0.4103452
0.4356166
0.4784806
0.5386174
0.610043
0.6848068
0.7343233
0.7462789
0.7286624
0.6728904
0.5257198
0.2898285
0.04227469
 0
 0
 0
 0
 0
 0
 0
 0
 0
 0
 0
 0
 0
 0
 0
 0
 0
 0
 0
