1.6209
158.7926
1.587712
210.472
1.556857
276.293
1.531084
359.7903
1.551534
465.1288
1.578226
596.9313
1.601282
760.1983
2.033455
960.9683
2.571439
1205.472
3.030787
1498.488
3.729857
1843.792
4.08694
2242.184
3.895605
2689.756
3.347135
3180.874
2.822099
3714.498
2.334698
4294.417
1.767985
4923.96
1.214281
5605.24
0.861048
6341.751
0.6006287
7116.846
0.3618627
7893.208
0.1998354
8651.917
0.0998523
9391.413
0.04865636
10111.31
0.03334758
10815.57
0.01659861
11511.78
0.00667149
12208.05
0.002034486
12908.13
0.001024281
13611.48
0.001078578
14316.57
0.001153484
15020.83
0.001578854
15722.08
0.002486344
16419.26
0.003248807
17112.3
0.00376063
17801.14
0.004117471
18485.87
0.004466542
19167.21
0.004858111
19845.85
 0
158.7926
 0
210.472
 0
276.293
 0
359.7903
 0
465.1288
 0
596.9313
 0
760.1983
8.5564e-07
960.9683
0.004615983
1205.472
0.01406485
1498.488
0.02140995
1843.792
0.03931996
2242.184
0.04178544
2689.756
0.02365472
3180.874
 0
3714.498
 0
4294.417
 0
4923.96
 0
5605.24
 0
6341.751
 0
7116.846
 0
7893.208
 0
8651.917
 0
9391.413
 0
10111.31
 0
10815.57
 0
11511.78
 0
12208.05
 0
12908.13
 0
13611.48
 0
14316.57
 0
15020.83
 0
15722.08
 0
16419.26
 0
17112.3
 0
17801.14
 0
18485.87
 0
19167.21
 0
19845.85
 0
158.7926
 0
210.472
5.541701e-10
276.293
 0
359.7903
 0
465.1288
 0
596.9313
 0
760.1983
1.503937e-06
960.9683
5.340818e-06
1205.472
8.506467e-06
1498.488
6.704913e-06
1843.792
5.732315e-06
2242.184
4.370791e-06
2689.756
2.424962e-06
3180.874
5.901708e-07
3714.498
2.627729e-09
4294.417
 0
4923.96
 0
5605.24
 0
6341.751
 0
7116.846
 0
7893.208
 0
8651.917
 0
9391.413
 0
10111.31
 0
10815.57
 0
11511.78
 0
12208.05
 0
12908.13
 0
13611.48
 0
14316.57
 0
15020.83
 0
15722.08
 0
16419.26
 0
17112.3
 0
17801.14
 0
18485.87
 0
19167.21
 0
19845.85
1.739028e-06
158.7926
1.977343e-06
210.472
2.400654e-06
276.293
2.760562e-06
359.7903
3.250387e-06
465.1288
4.141049e-06
596.9313
5.14799e-06
760.1983
8.413907e-06
960.9683
1.470289e-05
1205.472
1.303118e-05
1498.488
4.626128e-06
1843.792
 0
2242.184
4.741078e-05
2689.756
8.109695e-05
3180.874
8.189675e-05
3714.498
9.727146e-05
4294.417
0.001550662
4923.96
0.00955527
5605.24
0.01466918
6341.751
0.02724837
7116.846
0.04931927
7893.208
0.06979903
8651.917
0.06629129
9391.413
0.03843251
10111.31
0.002407795
10815.57
 0
11511.78
 0
12208.05
 0
12908.13
 0
13611.48
 0
14316.57
 0
15020.83
 0
15722.08
 0
16419.26
 0
17112.3
 0
17801.14
 0
18485.87
 0
19167.21
 0
19845.85
3.871916e-08
158.7926
3.794838e-08
210.472
3.557883e-08
276.293
2.996341e-08
359.7903
2.118709e-08
465.1288
1.145487e-08
596.9313
6.726057e-09
760.1983
3.055412e-09
960.9683
4.60152e-10
1205.472
7.253409e-11
1498.488
1.511294e-10
1843.792
1.590441e-10
2242.184
7.068842e-11
2689.756
 0
3180.874
 0
3714.498
 0
4294.417
 0
4923.96
 0
5605.24
 0
6341.751
 0
7116.846
 0
7893.208
 0
8651.917
 0
9391.413
 0
10111.31
 0
10815.57
 0
11511.78
 0
12208.05
 0
12908.13
 0
13611.48
 0
14316.57
 0
15020.83
 0
15722.08
 0
16419.26
 0
17112.3
 0
17801.14
 0
18485.87
 0
19167.21
 0
19845.85
0.5995241
158.7926
0.6061549
210.472
0.6142893
276.293
0.625668
359.7903
0.6418777
465.1288
0.662615
596.9313
0.6875363
760.1983
0.7135302
960.9683
0.7110898
1205.472
0.6591107
1498.488
0.6051975
1843.792
0.5558994
2242.184
0.5157976
2689.756
0.4820898
3180.874
0.4374537
3714.498
0.3690404
4294.417
0.2768967
4923.96
0.2018112
5605.24
0.1807826
6341.751
0.1641084
7116.846
0.1137847
7893.208
0.04452998
8651.917
0.01118401
9391.413
0.001676656
10111.31
0.0002075649
10815.57
 0
11511.78
 0
12208.05
 0
12908.13
 0
13611.48
 0
14316.57
 0
15020.83
 0
15722.08
 0
16419.26
 0
17112.3
 0
17801.14
 0
18485.87
 0
19167.21
 0
19845.85
