 1
0.9800382
0.9948004
1.250476
2.117587
2.776986
3.744999
5.558016
8.564842
11.66583
14.35394
16.86607
19.2184
21.8753
24.80462
27.98384
30.52834
32.28883
33.47552
34.41159
35.54235
37.25159
37.85336
37.98277
9.96921e+36
9.96921e+36
9.96921e+36
9.96921e+36
9.96921e+36
9.96921e+36
9.96921e+36
9.96921e+36
9.96921e+36
9.96921e+36
9.96921e+36
9.96921e+36
9.96921e+36
9.96921e+36
9.96921e+36
9.96921e+36
9.96921e+36
9.96921e+36
9.96921e+36
9.96921e+36
9.96921e+36
9.96921e+36
9.96921e+36
9.96921e+36
9.96921e+36
 1
0.9800145
0.9928766
1.229413
2.124131
2.799326
3.666409
5.198864
7.965308
11.00845
13.77663
16.25295
18.61344
21.26694
23.7987
26.36735
28.94564
30.91758
32.05526
32.93163
34.30416
35.90336
36.43202
36.56989
9.96921e+36
9.96921e+36
9.96921e+36
9.96921e+36
9.96921e+36
9.96921e+36
9.96921e+36
9.96921e+36
9.96921e+36
9.96921e+36
9.96921e+36
9.96921e+36
9.96921e+36
9.96921e+36
9.96921e+36
9.96921e+36
9.96921e+36
9.96921e+36
9.96921e+36
9.96921e+36
9.96921e+36
9.96921e+36
9.96921e+36
9.96921e+36
9.96921e+36
 1
0.9215794
0.9464873
1.24009
1.94989
2.471122
3.346121
5.103312
8.083439
11.18196
13.76336
16.07645
18.03925
19.90535
22.13272
24.97273
27.50047
29.0775
30.45687
31.46799
32.25235
34.29188
35.21126
35.42093
9.96921e+36
9.96921e+36
9.96921e+36
9.96921e+36
9.96921e+36
9.96921e+36
9.96921e+36
9.96921e+36
9.96921e+36
9.96921e+36
9.96921e+36
9.96921e+36
9.96921e+36
9.96921e+36
9.96921e+36
9.96921e+36
9.96921e+36
9.96921e+36
9.96921e+36
9.96921e+36
9.96921e+36
9.96921e+36
9.96921e+36
9.96921e+36
9.96921e+36
 1
0.9800683
0.9947881
1.274433
2.103928
2.767642
3.852868
5.954823
9.228475
12.37137
15.18877
17.9903
20.50917
22.99531
25.92907
29.38007
32.20099
33.80977
35.04603
36.00144
36.90897
38.7401
39.42991
39.54829
9.96921e+36
9.96921e+36
9.96921e+36
9.96921e+36
9.96921e+36
9.96921e+36
9.96921e+36
9.96921e+36
9.96921e+36
9.96921e+36
9.96921e+36
9.96921e+36
9.96921e+36
9.96921e+36
9.96921e+36
9.96921e+36
9.96921e+36
9.96921e+36
9.96921e+36
9.96921e+36
9.96921e+36
9.96921e+36
9.96921e+36
9.96921e+36
9.96921e+36
 1
0.9800515
0.9910758
1.234071
2.257178
3.089592
4.159184
6.073747
9.20682
12.52522
15.38027
17.68964
19.87739
22.2975
24.8114
27.27919
29.7485
31.51233
32.57672
33.3522
34.88612
36.29455
36.60487
36.65375
9.96921e+36
9.96921e+36
9.96921e+36
9.96921e+36
9.96921e+36
9.96921e+36
9.96921e+36
9.96921e+36
9.96921e+36
9.96921e+36
9.96921e+36
9.96921e+36
9.96921e+36
9.96921e+36
9.96921e+36
9.96921e+36
9.96921e+36
9.96921e+36
9.96921e+36
9.96921e+36
9.96921e+36
9.96921e+36
9.96921e+36
9.96921e+36
9.96921e+36
