 1
0.9800381
0.9929449
1.206822
2.040875
2.687269
3.65286
5.463935
8.45491
11.50927
13.6629
15.04623
16.14039
16.80129
17.08026
17.44256
18.28289
19.28356
20.05552
20.38519
21.25844
22.70018
23.13687
23.24606
23.29369
23.32585
23.36101
23.4181
23.48752
23.54338
23.58883
23.61892
23.64873
23.69442
23.72601
23.73942
23.7495
23.76225
23.78378
23.80783
23.81209
23.82851
23.85073
23.87366
23.88004
23.88258
23.88349
23.88399
23.88423
 1
0.9800145
0.9911132
1.190735
2.060171
2.72538
3.590552
5.121616
7.876877
10.9019
13.42628
15.16215
16.636
17.65687
18.23985
19.08186
20.55796
21.9472
22.6876
23.0411
24.09327
25.45719
25.85427
25.97096
26.03168
26.07084
26.11473
26.18235
26.26298
26.33154
26.38873
26.42456
26.46044
26.50823
26.536
26.55033
26.56198
26.57821
26.6024
26.62154
26.6235
26.63366
26.64953
26.66517
26.66776
26.66936
26.67004
26.67035
26.67052
 1
0.9215786
0.9438203
1.174157
1.867212
2.386831
3.261085
5.017403
7.98698
11.0417
13.14907
14.60056
15.76268
16.29179
16.44742
16.60307
16.889
17.4886
18.40097
18.80226
19.29094
20.92968
21.62889
21.78925
21.83673
21.87568
21.91445
21.96227
22.03684
22.10372
22.15902
22.20129
22.2415
22.30453
22.37647
22.41713
22.44013
22.46278
22.50176
22.5502
22.57137
22.60079
22.64364
22.69005
22.71197
22.71862
22.72294
22.72489
22.72578
 1
0.9800683
0.9930587
1.227881
2.006938
2.657035
3.739327
5.838399
9.087967
12.09501
13.88131
14.9986
15.80439
16.17839
16.28569
16.41692
16.78484
17.39389
18.14559
18.45779
19.1447
20.69054
21.1874
21.28659
21.32572
21.35105
21.37789
21.42313
21.48002
21.52423
21.55818
21.58239
21.6053
21.6448
21.68097
21.69356
21.70354
21.7137
21.73257
21.76011
21.76934
21.79386
21.82542
21.85778
21.873
21.87798
21.87942
21.88015
21.88043
 1
0.9800515
0.9896241
1.192031
2.177648
2.987608
4.053411
5.964344
9.075626
12.35501
14.98138
16.69959
18.08133
18.95987
19.56114
20.52618
21.98171
23.14785
23.71519
23.99956
25.23611
26.41339
26.61416
26.65392
26.67572
26.68499
26.69813
26.71941
26.74955
26.77283
26.79385
26.80916
26.82789
26.85595
26.86946
26.87571
26.88271
26.89127
26.90556
26.91724
26.91932
26.9283
26.93838
26.94955
26.95277
26.95331
26.95368
26.95404
26.95415
