 1
1.021944
1.319289
1.854167
2.259061
2.589274
3.201596
4.560076
7.415896
10.36523
13.39531
15.99368
18.39199
20.70371
23.46403
27.04215
30.31913
32.33459
33.59955
34.55697
35.74271
36.52502
36.77613
36.83198
36.88545
36.93706
36.97969
37.03193
37.07238
37.08987
37.09888
37.1053
37.11115
37.12014
37.12938
37.135
37.15182
37.16134
37.1747
37.20529
37.22109
37.23541
37.25953
37.29143
37.34412
37.38579
37.41076
37.42136
37.42311
 1
1.011571
1.251337
1.745325
2.168634
2.536779
3.073882
4.196228
6.746429
9.699137
13.05135
16.22025
19.10338
21.92045
24.9719
28.36393
31.43473
33.3901
34.67905
35.72025
36.99776
37.60565
37.8468
37.92257
38.01295
38.08325
38.14017
38.21333
38.27401
38.3033
38.32014
38.33218
38.34467
38.35949
38.3686
38.37858
38.3934
38.40253
38.4199
38.44819
38.46411
38.48052
38.50927
38.54291
38.58736
38.61784
38.63748
38.64683
38.64822
 1
0.9683622
1.212935
1.624211
1.820861
1.970228
2.346217
3.404416
5.750588
8.131796
10.32442
12.15534
13.82695
15.30585
17.07058
19.90276
23.16043
25.18577
26.35589
27.07371
27.99923
29.26455
29.65142
29.72025
29.79045
29.865
29.93452
30.01086
30.08679
30.14617
30.19404
30.23348
30.26825
30.3005
30.3334
30.3636
30.41799
30.46787
30.51221
30.59516
30.65915
30.72022
30.7946
30.88366
31.00009
31.12226
31.2171
31.25694
31.26406
 1
1.037137
1.377466
1.959332
2.347233
2.665785
3.379819
5.053839
8.320147
11.38299
13.81855
15.5799
17.23286
18.71105
20.75222
24.00323
27.49716
29.60654
30.82985
31.66227
32.71403
33.7081
33.99348
34.03115
34.05685
34.08739
34.11669
34.15044
34.1752
34.185
34.19001
34.19294
34.19511
34.19873
34.20949
34.21391
34.23071
34.24163
34.25007
34.28521
34.30404
34.31969
34.34176
34.37135
34.42112
34.4776
34.51206
34.52442
34.52639
 1
1.029249
1.244335
1.691365
2.2324
2.725713
3.456814
5.041903
8.258569
12.06153
16.19683
19.89414
23.21113
26.24551
29.39335
32.84492
35.77317
37.65894
38.9078
40.10603
41.51672
42.09679
42.22351
42.24232
42.24723
42.25107
42.25366
42.25612
42.25651
42.25651
42.25651
42.25651
42.25716
42.25998
42.26269
42.26352
42.26775
42.2699
42.27203
42.27719
42.27853
42.28056
42.28343
42.28728
42.29836
42.31148
42.32624
42.33562
42.33631
