 1
0.98
0.98
1.198457
2.118792
2.6086
3.321863
4.776677
7.610039
10.82371
13.90901
16.51287
18.79036
20.92965
23.34416
26.39635
29.44185
31.03565
31.98684
32.90866
34.33582
36.11225
36.69395
36.81634
9.96921e+36
9.96921e+36
9.96921e+36
9.96921e+36
9.96921e+36
9.96921e+36
9.96921e+36
9.96921e+36
9.96921e+36
9.96921e+36
9.96921e+36
9.96921e+36
9.96921e+36
9.96921e+36
9.96921e+36
9.96921e+36
9.96921e+36
9.96921e+36
9.96921e+36
9.96921e+36
9.96921e+36
9.96921e+36
9.96921e+36
9.96921e+36
9.96921e+36
 1
0.98
0.98
1.132166
2.091351
2.611664
3.26684
4.48857
7.052982
10.12964
13.37693
16.325
18.98648
21.51318
24.0603
27.1142
30.07704
31.68451
32.66529
33.46443
35.12835
36.68279
37.23924
37.38232
9.96921e+36
9.96921e+36
9.96921e+36
9.96921e+36
9.96921e+36
9.96921e+36
9.96921e+36
9.96921e+36
9.96921e+36
9.96921e+36
9.96921e+36
9.96921e+36
9.96921e+36
9.96921e+36
9.96921e+36
9.96921e+36
9.96921e+36
9.96921e+36
9.96921e+36
9.96921e+36
9.96921e+36
9.96921e+36
9.96921e+36
9.96921e+36
9.96921e+36
 1
0.9214408
0.9214074
1.225485
1.828182
2.162749
2.719282
3.989287
6.548051
9.370204
11.8134
13.84618
15.60659
17.21619
19.07101
21.53778
24.30424
25.95732
26.96718
27.98473
28.85188
30.86846
31.78073
32.0155
9.96921e+36
9.96921e+36
9.96921e+36
9.96921e+36
9.96921e+36
9.96921e+36
9.96921e+36
9.96921e+36
9.96921e+36
9.96921e+36
9.96921e+36
9.96921e+36
9.96921e+36
9.96921e+36
9.96921e+36
9.96921e+36
9.96921e+36
9.96921e+36
9.96921e+36
9.96921e+36
9.96921e+36
9.96921e+36
9.96921e+36
9.96921e+36
9.96921e+36
 1
0.98
0.98
1.267886
2.134444
2.621016
3.445013
5.222472
8.427031
11.71896
14.37709
16.50054
18.35563
20.05748
22.15964
24.95471
27.9951
29.65124
30.59713
31.58508
32.73843
34.66677
35.31137
35.4149
9.96921e+36
9.96921e+36
9.96921e+36
9.96921e+36
9.96921e+36
9.96921e+36
9.96921e+36
9.96921e+36
9.96921e+36
9.96921e+36
9.96921e+36
9.96921e+36
9.96921e+36
9.96921e+36
9.96921e+36
9.96921e+36
9.96921e+36
9.96921e+36
9.96921e+36
9.96921e+36
9.96921e+36
9.96921e+36
9.96921e+36
9.96921e+36
9.96921e+36
 1
0.98
0.98
1.187599
2.254097
2.930728
3.802558
5.470432
8.603209
12.32344
16.0729
19.38849
22.366
25.10527
27.84151
30.95425
33.71388
35.17453
36.07632
36.85809
38.77304
40.14893
40.3612
40.37393
9.96921e+36
9.96921e+36
9.96921e+36
9.96921e+36
9.96921e+36
9.96921e+36
9.96921e+36
9.96921e+36
9.96921e+36
9.96921e+36
9.96921e+36
9.96921e+36
9.96921e+36
9.96921e+36
9.96921e+36
9.96921e+36
9.96921e+36
9.96921e+36
9.96921e+36
9.96921e+36
9.96921e+36
9.96921e+36
9.96921e+36
9.96921e+36
9.96921e+36
