255.7184
257.4166
256.552
256.5115
257.3132
258.1739
258.4933
258.6726
259.3714
259.8728
260.6782
261.3721
261.9939
263.0078
263.659
263.8412
263.7331
262.9489
261.5809
260.0239
258.9346
256.5515
255.2637
254.7146
254.7345
254.5593
254.3671
254.2718
253.5459
252.19
250.9327
249.5532
248.4863
248.847
249.5454
249.4458
249.6549
249.3892
250.4261
251.2049
252.0257
252.584
252.8513
252.8628
252.7973
252.6492
252.5588
252.051
250.0646
255.3185
256.8644
256.3165
256.5886
257.4272
257.9871
258.113
258.229
258.7922
259.7192
260.4771
260.9944
261.7706
263.1249
263.5661
263.6244
263.5781
262.6919
261.0973
259.8676
258.6596
256.3866
255.499
254.9785
254.9989
254.784
254.7933
254.6126
253.9246
252.7032
251.6062
250.2133
249.4901
249.9353
249.8148
249.7738
249.8454
249.583
250.5671
251.3207
252.104
252.6752
252.8409
252.8457
252.7352
252.7689
252.6657
252.4668
251.35
255.5582
257.9123
259.3549
259.5433
261.8295
262.1061
262.7166
263.5366
264.1912
264.5103
263.7863
263.7116
263.8088
263.8026
263.2464
263.2411
263.1855
262.5478
261.3058
259.2085
257.5213
254.9934
253.6643
252.7101
252.5654
252.4452
252.4616
252.4334
251.9979
251.1125
250.1083
249.0212
248.2882
247.892
247.8677
247.6671
247.7525
247.636
248.1589
248.8168
249.5278
250.1489
250.3734
250.4139
250.3288
250.2112
250.4496
250.4139
249.9642
256.2592
257.94
257.1339
256.6737
257.451
258.4678
259.1146
259.8715
261.1295
261.1994
260.8872
261.7694
262.3697
263.4032
263.8445
264.1734
264.096
263.4073
262.154
260.3288
259.257
256.9121
255.2613
254.5918
254.5829
254.4676
254.0169
253.9473
253.2526
251.8413
250.3516
248.6567
247.0212
246.3124
248.9481
249.0516
249.5016
249.7023
250.3683
251.2462
252.0893
252.7417
253.0558
253.0728
253.0234
252.7404
252.5858
251.7233
247.2557
256.1391
257.2358
256.4883
256.9052
257.6069
258.1706
258.515
259.1176
260.0314
260.7514
261.2101
261.6957
262.5475
263.7791
264.4677
264.3083
264.3883
263.0883
261.937
260.6017
259.8276
257.4765
255.4859
254.9356
255.1962
254.5688
253.6289
253.7484
252.4006
250.2116
247.275
245.2688
245.2488
248.3129
250.3228
250.0707
250.7405
249.8007
251.6472
252.6187
253.4568
253.9783
254.1631
254.1893
254.0689
253.9243
253.4491
253.3613
250.6039
