0.9213937
0.8903522
0.8622733
0.827567
0.800027
0.8311681
1.027354
1.331604
1.512665
1.527443
1.540227
1.616058
1.663662
1.675639
1.66017
1.487853
1.227336
0.9609073
0.6816966
0.4195293
0.2477045
0.1451174
0.07858589
0.04078607
0.02328991
0.01564972
0.01340121
0.00862525
0.001
0.001
0.001
0.001
0.002421148
0.002739526
0.003055277
0.003430784
0.003896108
0.004419601
0.906774
0.9442605
1.050736
1.141538
1.204429
1.279337
1.393907
1.519781
1.657423
1.775505
1.838588
1.922923
1.950863
1.933283
1.828791
1.615317
1.367374
1.108386
0.7962016
0.4903594
0.2711685
0.1498721
0.08292893
0.04342848
0.02638172
0.0135471
0.007934681
0.00418191
0.001541932
0.0008942121
0.0009373096
0.00155745
0.002593381
0.002974523
0.003145574
0.003481007
0.003951549
0.004549537
1.081488
1.31563
1.438752
1.514556
1.560467
1.606576
1.787277
2.089175
2.289049
2.415443
2.490047
2.529432
2.801233
2.799813
2.410922
1.859373
1.391545
1.078817
0.7956968
0.5175574
0.310178
0.1767886
0.09560657
0.0482453
0.02425823
0.01784026
0.01342816
0.003822231
0.0009748142
0.0009332302
0.001018536
0.001652302
0.002594073
0.003043089
0.003274262
0.003533321
0.003984363
0.004605911
1.375801
1.349454
1.445532
1.519947
1.572724
1.571799
1.575877
1.898732
2.336904
2.688057
3.227533
3.693362
3.684122
3.241121
2.750155
2.267143
1.790645
1.326366
0.8811687
0.5646003
0.3355766
0.1902166
0.09907891
0.04825109
0.02730709
0.02023714
0.008270321
0.002009687
0.0009688465
0.000922536
0.0009693576
0.00138159
0.002372309
0.00308601
0.003541233
0.003923479
0.004333402
0.00480149
1.641166
1.59274
1.542674
1.465808
1.446754
1.530673
1.660888
1.999024
2.468565
3.045397
3.785223
3.881439
3.474043
3.2484
3.003315
2.35471
1.498362
0.8452933
0.8002546
0.5785522
0.3687553
0.2109842
0.1108643
0.06770431
0.03354883
0.01530588
0.005827434
0.001361275
0.001031805
0.001245192
0.001475405
0.001840116
0.002533346
0.003262178
0.003816823
0.004201506
0.004537985
0.00491251
1.149346
1.113758
1.074133
1.017569
0.9719444
0.9773257
1.104684
1.311206
1.578094
1.880963
2.134866
2.603432
2.918518
2.811231
2.472431
2.045973
1.575129
1.05583
0.6368125
0.1933978
0.03310127
0.0114837
0.01383252
0.01432156
0.01274392
0.008044117
0.003825419
0.001547313
0.001398069
0.001448639
0.001536214
0.001840711
0.002413194
0.003096591
0.00373502
0.004203378
0.004529676
0.004861658
 0
 0
 0
 0
 0
 0
 0
 0
 0
 0
 0
 0
 0
 0
 0
 0
 0
 0
 0
 0
 0
 0
 0
 0
 0
 0
 0
 0
 0
 0
 0
 0
 0
 0
 0
 0
 0
 0
 0
 0
 0
 0
 0
 0
 0
 0
 0
 0
 0
 0
 0
 0
 0
 0
 0
 0
 0
 0
 0
 0
 0
 0
 0
 0
 0
 0
 0
 0
 0
 0
 0
 0
 0
 0
 0
 0
 0
 0
 0
 0
 0
 0
 0
 0
 0
 0
 0
 0
 0
 0
 0
 0
 0
 0
 0
 0
 0
 0
 0
 0
 0
 0
 0
 0
 0
 0
 0
 0
 0
 0
 0
 0
 0
 0
 0
 0
 0
 0
 0
 0
 0
 0
 0
0.01574459
0.02226598
0.04557048
0.05767596
0.04140612
 0
 0
 0
 0
 0
 0
 0
 0
 0
 0
 0
 0
 0
 0
 0
 0
 0
 0
 0
 0
 0
 0
 0
 0
 0
 0
 0
 0
 0
 0
 0
 0
 0
 0
0.04177734
0.06667627
0.0502977
0.04197773
0.04039287
 0
 0
 0
 0
 0
 0
 0
 0
 0
 0
 0
 0
 0
 0
 0
 0
 0
 0
 0
 0
 0
 0
 0
 0
 0
 0
 0
 0
 0
 0
 0
 0
 0
 0
 0
 0
 0
 0
 0
 0
 0
 0
 0
 0
 0
 0
 0
 0
 0
 0
 0
 0
 0
 0
 0
 0
 0
 0
 0
 0
 0
 0
 0
 0
 0
 0
 0
 0
 0
 0
 0
 0
 0
 0
 0
 0
 0
 0
 0
 0
 0
 0
 0
 0
 0
 0
 0
 0
 0
 0
 0
 0
 0
 0
 0
 0
 0
 0
 0
 0
 0
 0
 0
 0
 0
 0
 0
 0
 0
 0
 0
 0
 0
 0
 0
 0
 0
 0
 0
 0
 0
 0
 0
 0
 0
 0
 0
 0
 0
 0
 0
 0
 0
 0
 0
 0
 0
 0
 0
 0
 0
 0
 0
 0
 0
 0
 0
 0
 0
 0
 0
 0
 0
 0
 0
 0
 0
 0
 0
 0
 0
 0
 0
 0
 0
 0
 0
 0
 0
 0
 0
 0
 0
 0
 0
 0
 0
 0
 0
 0
9.65106e-07
7.780513e-06
2.437396e-05
2.91042e-05
1.643899e-05
3.743481e-06
5.106696e-09
 0
 0
 0
 0
 0
 0
 0
 0
 0
 0
 0
 0
 0
 0
 0
 0
 0
 0
 0
 0
 0
 0
 0
 0
 0
 0
 0
 0
 0
 0
 0
 0
2.791888e-08
4.231748e-07
2.243038e-06
2.907159e-06
1.004894e-06
 0
 0
 0
 0
 0
 0
 0
 0
 0
 0
 0
 0
 0
 0
 0
 0
 0
 0
 0
 0
 0
 0
 0
 0
 0
 0
 0
 0
 0
 0
 0
 0
 0
 0
 0
 0
 0
 0
 0
 0
 0
 0
 0
 0
 0
 0
 0
 0
 0
 0
 0
 0
 0
 0
 0
 0
 0
 0
 0
 0
 0
 0
 0
 0
 0
 0
 0
 0
 0
 0
 0
 0
 0
 0
 0
 0
 0
 0
 0
 0
 0
 0
 0
 0
 0
 0
 0
 0
 0
 0
 0
 0
 0
 0
 0
 0
 0
 0
 0
 0
 0
 0
 0
 0
 0
 0
 0
6.585309e-09
7.31761e-08
8.631977e-07
4.570836e-06
1.242635e-05
1.981766e-05
3.817552e-05
6.798405e-05
9.423926e-05
0.0001441112
1.631421e-05
7.881806e-05
0.001062259
0.00369534
0.006808636
0.01029713
0.01040796
0.009267755
0.007792155
0.004302444
0.0004549974
4.682601e-08
 0
 0
 0
 0
 0
 0
 0
 0
 0
 0
 0
 0
 0
 0
 0
 0
 0
 0
4.200808e-08
6.618262e-07
2.647889e-06
6.798336e-06
1.394093e-05
2.134756e-05
5.266467e-05
0.0001725539
0.0003558985
0.0007906599
0.00197469
0.002921434
0.004819429
0.008337553
0.01120009
0.01210611
0.01118565
0.009502765
0.005960292
0.002075222
3.5933e-06
 0
 0
 0
 0
 0
 0
 0
 0
 0
 0
 0
 0
 0
 0
 0
5.824979e-09
1.396168e-07
7.328161e-07
2.90115e-06
4.949037e-06
2.008222e-05
6.018478e-05
0.0001711332
0.0003352554
0.0008419764
0.002047403
0.003746116
0.005901307
0.007709603
0.008200388
0.008662865
0.009628749
0.0103902
0.01049055
0.009306667
0.005528796
0.0001096916
 0
 0
 0
 0
 0
 0
 0
 0
 0
 0
 0
 0
4.192328e-08
3.09302e-07
1.039341e-06
1.046232e-06
9.174615e-07
3.224176e-06
1.532776e-05
3.940439e-05
3.526797e-05
1.922244e-05
4.991045e-06
5.263348e-06
4.516834e-06
3.358461e-06
2.610356e-06
8.276558e-09
5.775557e-07
6.249545e-05
0.002485788
0.008893152
0.01155446
0.01245671
0.01067936
0.002518065
3.936852e-06
 0
 0
 0
 0
 0
 0
 0
 0
 0
 0
 0
 0
 0
2.743754e-07
3.415001e-07
3.526298e-07
3.019715e-07
2.320737e-07
5.862019e-08
3.167366e-07
9.27299e-07
1.280728e-06
1.314009e-06
1.404739e-06
1.113551e-06
1.292836e-06
2.185994e-06
4.419378e-06
8.257885e-06
3.603421e-05
0.0001068917
2.202415e-05
 0
 0
 0
 0
 0
 0
 0
 0
 0
 0
 0
 0
 0
 0
 0
 0
 0
 0
 0
 0
 0
 0
 0
 0
 0
 0
 0
 0
 0
 0
 0
 0
 0
 0
 0
 0
 0
 0
 0
 0
 0
 0
 0
 0
 0
 0
 0
 0
 0
 0
 0
 0
 0
 0
 0
 0
 0
3.127495e-07
3.110137e-07
3.122419e-07
3.180437e-07
3.306974e-07
3.511154e-07
3.691785e-07
3.556672e-07
3.071664e-07
2.398984e-07
1.666629e-07
1.030554e-07
5.659432e-08
2.417841e-08
4.417406e-09
 0
 0
 0
 0
 0
 0
 0
 0
 0
 0
 0
 0
 0
 0
 0
 0
 0
 0
 0
 0
 0
 0
 0
1.129955e-07
1.153336e-07
1.19218e-07
1.250661e-07
1.330963e-07
1.459573e-07
1.711257e-07
2.053729e-07
2.209119e-07
2.028774e-07
1.686357e-07
1.363821e-07
1.016536e-07
6.426897e-08
3.66092e-08
2.053216e-08
1.18554e-08
6.20025e-09
 0
 0
 0
 0
 0
 0
 0
 0
 0
 0
 0
 0
 0
 0
 0
 0
 0
 0
 0
 0
0.0001009788
0.0001179956
0.0001435735
0.0001818259
0.0002412753
0.0003352624
0.0004712395
0.0006200465
0.0006957222
0.000613025
0.0003776408
9.889675e-05
2.900969e-06
1.439541e-07
2.517712e-08
 0
 0
 0
 0
 0
 0
 0
 0
 0
 0
 0
 0
 0
 0
 0
 0
 0
 0
 0
 0
 0
 0
 0
0.00131959
0.001368973
0.001433665
0.001518293
0.001623244
0.001740764
0.001839735
0.001865263
0.001750914
0.001466335
0.001018358
0.0004436849
5.274103e-08
2.679706e-07
3.773414e-09
4.784342e-08
2.463315e-09
 0
 0
 0
 0
 0
 0
 0
 0
 0
 0
 0
 0
 0
 0
 0
 0
 0
 0
 0
 0
 0
2.428763e-06
2.210194e-06
1.967577e-06
1.687759e-06
1.362254e-06
9.776236e-07
5.043958e-07
6.888479e-08
4.01195e-08
1.309304e-07
1.627498e-07
1.898187e-07
1.461132e-07
1.100285e-08
2.003961e-07
2.929171e-07
1.932894e-07
5.412614e-08
 0
 0
 0
 0
 0
 0
 0
 0
 0
 0
 0
 0
 0
 0
 0
 0
 0
 0
 0
 0
 0
 0
 0
 0
 0
 0
 0
 0
 0
 0
 0
 0
 0
 0
 0
 0
 0
 0
 0
 0
 0
 0
 0
 0
 0
 0
 0
 0
 0
 0
 0
 0
 0
 0
 0
 0
 0
 0
0.1614868
0.1588328
0.1550985
0.1545523
0.1585209
0.1667418
0.1784278
0.188648
0.1878532
0.1790931
0.1694791
0.1626423
0.153415
0.1414921
0.1334828
0.133102
0.1360474
0.1330464
0.1207344
0.0927506
0.0549898
0.02576463
0.009335873
0.001771718
4.979319e-05
6.775689e-08
 0
 0
 0
 0
 0
 0
 0
 0
 0
 0
 0
 0
0.7891178
0.7606323
0.756239
0.7653249
0.7869232
0.8207661
0.8545344
0.8740289
0.8559061
0.7916962
0.7303925
0.6977185
0.6617969
0.616954
0.5573059
0.4749442
0.3833898
0.3060972
0.2405434
0.1793609
0.1199103
0.06743821
0.03075961
0.01022256
0.001837168
7.820332e-05
3.463805e-08
1.493048e-09
 0
 0
 0
 0
 0
 0
 0
 0
 0
 0
0.5493249
0.5512999
0.5420552
0.5412918
0.550588
0.5784066
0.6289672
0.6830014
0.7050295
0.6576049
0.5651028
0.5072162
0.4771101
0.4447557
0.4014306
0.3436895
0.2711379
0.206129
0.1733434
0.1456951
0.0998114
0.05602609
0.02730343
0.009654311
0.001552786
6.309111e-08
8.495366e-08
 0
 0
 0
 0
 0
 0
 0
 0
 0
 0
 0
0.5681564
0.5727166
0.5764334
0.5799714
0.5790075
0.568846
0.5552997
0.524431
0.4700871
0.4018672
0.3360121
0.2892194
0.243733
0.1800175
0.1167691
0.07174231
0.03072989
0.04019723
0.132561
0.1699957
0.1260101
0.06979334
0.02561684
0.004010906
6.261946e-07
3.906848e-08
 0
 0
 0
 0
 0
 0
 0
 0
 0
 0
 0
 0
0.5329985
0.5445143
0.5562965
0.5689772
0.5810701
0.5815336
0.5770561
0.5709341
0.5690221
0.5844974
0.6285716
0.686927
0.7581153
0.8292779
0.8822556
0.8665609
0.7228245
0.4355789
0.07264533
5.303876e-06
1.821109e-06
2.98563e-09
3.012969e-09
 0
 0
 0
 0
 0
 0
 0
 0
 0
 0
 0
 0
 0
 0
 0
