 0
3.384279e-06
0.02576725
0.5145508
1.132812
1.65226
2.337108
3.800264
6.465973
9.505278
12.66561
15.52773
18.0702
20.60268
23.38525
26.73836
29.97693
31.74605
32.54917
33.24342
34.76091
36.72841
37.29817
37.40253
37.53944
37.64949
37.72895
37.83048
37.95646
38.04524
38.09426
38.12288
38.15146
38.1907
38.23253
38.26768
38.32405
38.36452
38.41179
38.47554
38.51819
38.55004
38.58598
38.62132
38.66334
38.69935
38.72999
38.74882
38.75047
 0
1.013689e-08
0.02676848
0.4960034
1.131781
1.676631
2.295977
3.481752
5.903967
8.801929
11.9918
14.9722
17.62574
20.29002
22.96126
26.02045
29.05298
30.83775
31.70343
32.52898
34.38807
36.24038
36.78244
36.91347
37.08781
37.21165
37.30529
37.42709
37.5725
37.68063
37.74814
37.79021
37.83087
37.88049
37.92283
37.96336
38.0132
38.04944
38.10045
38.16043
38.20145
38.23518
38.27153
38.30635
38.34407
38.37695
38.40816
38.42474
38.42569
 0
2.530887e-05
0.03415532
0.5065469
0.9474872
1.297736
1.838689
3.125675
5.626141
8.436765
11.10412
13.42594
15.4713
17.44585
19.86137
22.98874
26.29436
28.18357
29.05377
29.83933
30.70734
33.05418
33.88753
34.05459
34.21291
34.36602
34.50455
34.65729
34.81764
34.96505
35.08252
35.17788
35.2655
35.3497
35.44083
35.53261
35.6681
35.79944
35.92453
36.10486
36.25167
36.38305
36.51114
36.64109
36.7602
36.84275
36.90802
36.95211
36.96426
 0
1.366599e-05
0.02235952
0.5350257
1.121003
1.641041
2.456498
4.216156
7.182652
10.33362
13.27797
15.92407
18.39454
20.74921
23.53217
27.03492
30.50863
32.32961
33.12309
33.75466
34.93995
37.02155
37.63187
37.71215
37.80463
37.89034
37.95282
38.02974
38.12992
38.19863
38.23251
38.25223
38.27056
38.29531
38.33366
38.36488
38.42201
38.46721
38.50978
38.57833
38.62356
38.65853
38.6932
38.72771
38.77093
38.81229
38.8437
38.86289
38.86543
 0
8.910046e-07
0.02129777
0.5275778
1.289716
2.023025
2.870493
4.507644
7.422448
10.84457
14.41093
17.61423
20.444
23.16359
25.83611
28.883
31.62761
33.19169
34.01737
35.04219
37.17702
38.78854
39.07528
39.09742
39.11781
39.13335
39.14379
39.16219
39.19249
39.20709
39.21266
39.21608
39.22071
39.23509
39.25269
39.26252
39.28048
39.28947
39.29971
39.31456
39.32325
39.33134
39.3398
39.3503
39.36985
39.38927
39.4085
39.41988
39.42047
