 1
0.9954584
1.439371
2.112532
2.609428
3.041165
3.601831
4.851656
7.332808
10.19109
13.48577
16.46331
18.78838
21.07273
23.92506
27.53155
30.65812
32.61829
33.6753
34.64804
35.94124
36.76213
36.98957
37.07204
9.96921e+36
9.96921e+36
9.96921e+36
9.96921e+36
9.96921e+36
9.96921e+36
9.96921e+36
9.96921e+36
9.96921e+36
9.96921e+36
9.96921e+36
9.96921e+36
9.96921e+36
9.96921e+36
9.96921e+36
9.96921e+36
9.96921e+36
9.96921e+36
9.96921e+36
9.96921e+36
9.96921e+36
9.96921e+36
9.96921e+36
9.96921e+36
9.96921e+36
 1
0.9881179
1.34528
1.976582
2.518611
3.053906
3.611082
4.651923
6.951499
9.728032
13.07878
16.08617
18.53728
21.2463
24.20568
27.50881
30.50636
32.394
33.52111
34.64775
36.17518
36.63268
36.85786
36.97775
9.96921e+36
9.96921e+36
9.96921e+36
9.96921e+36
9.96921e+36
9.96921e+36
9.96921e+36
9.96921e+36
9.96921e+36
9.96921e+36
9.96921e+36
9.96921e+36
9.96921e+36
9.96921e+36
9.96921e+36
9.96921e+36
9.96921e+36
9.96921e+36
9.96921e+36
9.96921e+36
9.96921e+36
9.96921e+36
9.96921e+36
9.96921e+36
9.96921e+36
 1
0.9529244
1.272764
1.734995
1.93877
2.083178
2.411089
3.453171
5.713397
8.251643
10.74525
12.96259
14.88677
16.56501
18.69986
21.88756
25.14309
27.10201
28.1197
28.7285
29.70324
31.46313
31.83728
31.956
9.96921e+36
9.96921e+36
9.96921e+36
9.96921e+36
9.96921e+36
9.96921e+36
9.96921e+36
9.96921e+36
9.96921e+36
9.96921e+36
9.96921e+36
9.96921e+36
9.96921e+36
9.96921e+36
9.96921e+36
9.96921e+36
9.96921e+36
9.96921e+36
9.96921e+36
9.96921e+36
9.96921e+36
9.96921e+36
9.96921e+36
9.96921e+36
9.96921e+36
 1
1.010546
1.517576
2.226649
2.658246
2.99595
3.643792
5.17051
8.00499
11.22272
14.36746
17.33281
19.90941
22.24114
25.03263
28.73878
32.13512
34.16795
35.17042
35.91405
36.96331
38.2066
38.44755
38.50215
9.96921e+36
9.96921e+36
9.96921e+36
9.96921e+36
9.96921e+36
9.96921e+36
9.96921e+36
9.96921e+36
9.96921e+36
9.96921e+36
9.96921e+36
9.96921e+36
9.96921e+36
9.96921e+36
9.96921e+36
9.96921e+36
9.96921e+36
9.96921e+36
9.96921e+36
9.96921e+36
9.96921e+36
9.96921e+36
9.96921e+36
9.96921e+36
9.96921e+36
 1
1.014249
1.356192
1.974943
2.717367
3.415644
4.184919
5.738891
8.717726
12.35324
16.39043
19.90733
22.81948
25.63954
28.58866
31.86534
34.55335
36.23937
37.25253
38.49523
40.05031
40.39746
40.45838
40.46031
9.96921e+36
9.96921e+36
9.96921e+36
9.96921e+36
9.96921e+36
9.96921e+36
9.96921e+36
9.96921e+36
9.96921e+36
9.96921e+36
9.96921e+36
9.96921e+36
9.96921e+36
9.96921e+36
9.96921e+36
9.96921e+36
9.96921e+36
9.96921e+36
9.96921e+36
9.96921e+36
9.96921e+36
9.96921e+36
9.96921e+36
9.96921e+36
9.96921e+36
