 1
0.9800034
1.005767
1.494551
2.112812
2.63226
3.317108
4.780264
7.445973
10.48528
13.64561
16.50773
19.0502
21.58268
24.36525
27.71836
30.95693
32.72605
33.52917
34.22342
35.74091
37.70841
38.27817
38.38253
38.51944
38.62949
38.70895
38.81048
38.93645
39.02524
39.07426
39.10288
39.13146
39.1707
39.21253
39.24768
39.30405
39.34452
39.39179
39.45554
39.49819
39.53004
39.56598
39.60132
39.64334
39.67935
39.70999
39.72882
39.73047
 1
0.98
1.006768
1.476003
2.111781
2.656631
3.275977
4.461752
6.883967
9.781929
12.9718
15.9522
18.60574
21.27002
23.94126
27.00045
30.03298
31.81775
32.68343
33.50898
35.36807
37.22038
37.76244
37.89347
38.06781
38.19165
38.28529
38.40709
38.5525
38.66063
38.72814
38.77021
38.81087
38.86049
38.90283
38.94336
38.9932
39.02944
39.08045
39.14043
39.18145
39.21518
39.25153
39.28635
39.32407
39.35695
39.38816
39.40474
39.40569
 1
0.9214661
0.9557395
1.430564
1.873836
2.225875
2.769553
4.062838
6.575064
9.398096
12.07651
14.40594
16.4513
18.42585
20.84137
23.96874
27.27436
29.16357
30.03377
30.81933
31.68734
34.03418
34.86753
35.03459
35.19291
35.34602
35.48455
35.63729
35.79764
35.94505
36.06252
36.15788
36.2455
36.3297
36.42083
36.51261
36.6481
36.77944
36.90453
37.08486
37.23167
37.36304
37.49114
37.62109
37.7402
37.82275
37.88802
37.93211
37.94426
 1
0.9800137
1.00236
1.515026
2.101003
2.621041
3.436498
5.196157
8.162653
11.31362
14.25797
16.90407
19.37454
21.72921
24.51217
28.01492
31.48863
33.30961
34.10308
34.73466
35.91994
38.00155
38.61187
38.69215
38.78463
38.87033
38.93282
39.00974
39.10992
39.17863
39.21251
39.23223
39.25056
39.27531
39.31366
39.34488
39.40201
39.4472
39.48978
39.55833
39.60356
39.63853
39.67319
39.70771
39.75093
39.79229
39.8237
39.84289
39.84543
 1
0.9800009
1.001298
1.507578
2.269716
3.003025
3.850493
5.487644
8.402449
11.82457
15.39093
18.59423
21.424
24.14359
26.81611
29.863
32.60761
34.17169
34.99737
36.02219
38.15702
39.76854
40.05527
40.07742
40.09781
40.11335
40.12379
40.14219
40.17249
40.18709
40.19266
40.19608
40.20071
40.21509
40.23269
40.24252
40.26048
40.26947
40.27971
40.29456
40.30325
40.31134
40.3198
40.3303
40.34985
40.36927
40.3885
40.39988
40.40047
