 0
 0
 0
0.2184571
1.138792
1.628599
2.341862
3.796676
6.630038
9.843712
12.92784
15.52817
17.80456
19.92473
22.29348
25.33423
28.36983
29.94921
30.89881
31.82014
33.24454
35.02097
35.60267
35.72506
35.81844
35.88251
35.94178
36.03993
36.16191
36.23228
36.28077
36.31643
36.3458
36.38956
36.44588
36.47596
36.51959
36.56271
36.61737
36.68769
36.72908
36.75797
36.79179
36.81714
36.84095
36.85996
36.87441
36.88101
36.88129
 0
 0
 0
0.1521664
1.111351
1.631664
2.286839
3.50857
6.072982
9.149639
12.39683
15.34425
18.00548
20.52852
23.06421
26.1166
29.07868
30.68488
31.66483
32.46315
34.12486
35.67929
36.23575
36.37882
36.49387
36.5619
36.6282
36.74109
36.87666
36.96586
37.03545
37.08284
37.11943
37.17094
37.2292
37.26766
37.32206
37.36879
37.43489
37.49993
37.53679
37.56495
37.59864
37.62004
37.64012
37.65576
37.66759
37.6717
37.67189
 0
 0
 0
0.3026062
0.9020703
1.23494
1.788693
3.052501
5.599231
8.408927
10.83996
12.85801
14.61365
16.20786
18.01268
20.4519
23.20748
24.83329
25.84211
26.85952
27.72516
29.74172
30.654
30.88877
31.02203
31.12864
31.23153
31.36364
31.50212
31.61507
31.70364
31.78354
31.85717
31.93803
32.04165
32.11821
32.21628
32.34001
32.4669
32.65044
32.79986
32.91465
33.04027
33.16871
33.27374
33.35818
33.43122
33.4697
33.4756
 0
 0
 0
0.2878856
1.154442
1.641014
2.465012
4.242471
7.447029
10.73896
13.38845
15.4926
17.33648
18.98401
20.96997
23.70054
26.69303
28.2913
29.23447
30.22188
31.37359
33.30193
33.94653
34.05006
34.11832
34.17457
34.22458
34.3029
34.40417
34.45882
34.49062
34.51563
34.53767
34.57293
34.62972
34.65802
34.69164
34.73422
34.77771
34.85397
34.9052
34.93829
34.97384
35.00515
35.03215
35.05934
35.07841
35.08803
35.0885
 0
 0
 0
0.2075981
1.274094
1.950725
2.822555
4.490428
7.623207
11.34343
15.09251
18.40654
21.38314
24.11145
26.82242
29.93128
32.68778
34.14708
35.04573
35.82738
37.74218
39.11807
39.33034
39.34307
39.3553
39.36222
39.37167
39.39449
39.42837
39.44231
39.45125
39.45943
39.46877
39.48694
39.50725
39.51673
39.53349
39.55143
39.57542
39.59573
39.60618
39.61704
39.62634
39.63329
39.64481
39.65662
39.66688
39.6716
39.67164
