 0
3.807533e-05
0.01294489
0.2268223
1.060875
1.707269
2.67286
4.483935
7.47491
10.52927
12.6829
14.06623
15.16039
15.82129
16.10026
16.46256
17.30289
18.30356
19.07552
19.40519
20.27844
21.72018
22.15687
22.26606
22.31369
22.34585
22.38101
22.4381
22.50752
22.56338
22.60883
22.63892
22.66873
22.71442
22.74601
22.75942
22.7695
22.78225
22.80379
22.82783
22.83209
22.84851
22.87073
22.89367
22.90004
22.90258
22.90349
22.90399
22.90423
 0
1.447077e-05
0.01111321
0.2107346
1.080171
1.74538
2.610552
4.141616
6.896877
9.921903
12.44629
14.18215
15.656
16.67687
17.25985
18.10186
19.57796
20.9672
21.7076
22.0611
23.11327
24.47719
24.87427
24.99096
25.05169
25.09084
25.13474
25.20235
25.28298
25.35154
25.40873
25.44456
25.48044
25.52823
25.556
25.57033
25.58198
25.59821
25.6224
25.64154
25.64351
25.65366
25.66953
25.68517
25.68776
25.68936
25.69004
25.69035
25.69052
 0
0.0001374175
0.02228154
0.2511376
0.9405006
1.457498
2.327425
4.075338
7.031356
10.07298
12.17014
13.62056
14.78268
15.31179
15.46742
15.62307
15.909
16.5086
17.42097
17.82226
18.31094
19.94968
20.64889
20.80925
20.85673
20.89569
20.93445
20.98227
21.05684
21.12372
21.17902
21.22129
21.2615
21.32453
21.39647
21.43713
21.46013
21.48278
21.52176
21.5702
21.59137
21.62079
21.66364
21.71005
21.73197
21.73862
21.74294
21.74489
21.74578
 0
6.826408e-05
0.01305865
0.2478813
1.026938
1.677035
2.759327
4.858399
8.107966
11.11501
12.90131
14.0186
14.82439
15.19839
15.30569
15.43692
15.80484
16.41389
17.16559
17.47779
18.1647
19.71054
20.2074
20.30659
20.34572
20.37105
20.39789
20.44313
20.50002
20.54423
20.57818
20.60239
20.6253
20.6648
20.70097
20.71356
20.72354
20.7337
20.75257
20.78012
20.78934
20.81386
20.84542
20.87778
20.893
20.89798
20.89942
20.90015
20.90043
 0
5.143906e-05
0.009624088
0.2120311
1.197648
2.007608
3.07341
4.984344
8.095627
11.37501
14.00138
15.71959
17.10133
17.97987
18.58114
19.54618
21.00171
22.16785
22.7352
23.01956
24.25611
25.4334
25.63416
25.67392
25.69572
25.70499
25.71813
25.73941
25.76955
25.79283
25.81385
25.82916
25.84789
25.87595
25.88946
25.89571
25.90271
25.91127
25.92556
25.93724
25.93932
25.9483
25.95838
25.96955
25.97277
25.97331
25.97368
25.97404
25.97415
