 0
0.01542878
0.4538977
1.114137
1.595392
2.009022
2.542127
3.747742
6.117757
8.768067
11.72403
14.36323
16.44419
18.53266
21.14987
24.33275
27.15516
29.00102
29.99891
30.91964
32.16369
32.95392
33.17414
33.256
33.3644
33.48226
33.62175
33.7691
33.93143
34.02117
34.05389
34.06172
34.06643
34.07138
34.0763
34.08403
34.09604
34.10328
34.11438
34.14508
34.16528
34.19061
34.2241
34.27652
34.37978
34.46983
34.52576
34.52678
34.52678
 0
0.008116204
0.3614027
0.9805743
1.506014
2.021167
2.551965
3.551468
5.772044
8.405289
11.44091
14.18318
16.47078
19.01897
21.79902
24.8355
27.61727
29.39936
30.46354
31.53464
33.01229
33.44772
33.66645
33.78546
33.94769
34.10231
34.25728
34.42797
34.63405
34.7591
34.81629
34.83104
34.84164
34.85059
34.86037
34.87696
34.8912
34.90138
34.92157
34.96017
34.98164
35.01685
35.04977
35.10384
35.18495
35.22655
35.23782
35.23789
35.23789
 0
0.03130976
0.3443596
0.7945166
0.9912012
1.127844
1.438307
2.446459
4.589901
6.948969
9.283732
11.30722
13.03051
14.51015
16.40656
19.25378
22.17049
24.0047
24.97226
25.55391
26.48556
28.18804
28.55235
28.67038
28.84655
29.04642
29.25082
29.46276
29.68354
29.90126
30.07644
30.20169
30.31207
30.41449
30.51673
30.63581
30.77326
30.9164
31.05234
31.25581
31.4402
31.62527
31.81395
32.02694
32.30015
32.60205
32.88639
32.9667
32.96734
 0
0.03051376
0.5307997
1.226691
1.643953
1.965472
2.581139
4.0601
6.689609
9.5644
12.35987
14.89462
17.05733
19.01733
21.40074
24.5429
27.47879
29.36454
30.31149
31.01231
32.01407
33.22
33.4534
33.50759
33.56868
33.64149
33.74051
33.86258
33.97452
34.03387
34.05066
34.05447
34.05611
34.05819
34.06098
34.06405
34.07468
34.08441
34.09243
34.12203
34.14784
34.1675
34.1987
34.24532
34.34127
34.46996
34.58203
34.59573
34.59573
 0
0.03417846
0.3722467
0.9784909
1.697727
2.370436
3.107014
4.598642
7.433051
10.73219
14.252
17.40049
20.07897
22.7006
25.4507
28.45845
30.94405
32.53382
33.4842
34.66236
36.16325
36.4946
36.55301
36.55493
36.55522
36.55522
36.55522
36.55522
36.55522
36.55522
36.55522
36.55522
36.55522
36.55522
36.55522
36.55522
36.55522
36.55522
36.55522
36.55522
36.55522
36.55522
36.55522
36.55522
36.55522
36.55568
36.55792
36.55799
36.55799
