0.5661764
158.8017
0.5712271
210.5058
0.5743566
276.3671
0.5767789
359.9777
0.5864407
465.5089
0.603454
597.5038
0.6229497
760.9393
0.6450026
961.8703
0.6248247
1206.57
0.5712985
1499.743
0.5166121
1844.851
0.4767138
2242.855
0.4437485
2690.218
0.4076287
3181.262
0.3510345
3714.765
0.2734074
4294.486
0.1943344
4924.06
0.1443998
5605.604
0.1088655
6342.102
0.06076539
7116.776
0.01514863
7892.276
0.001285943
8649.846
3.488274e-05
9388.753
3.959698e-05
10108.91
3.733871e-06
10813.48
 0
11509.55
 0
12206.04
 0
12906.92
 0
13610.8
 0
14316.12
 0
15020.61
 0
15722.02
 0
16419.25
 0
17112.24
 0
17801.12
 0
18486.06
 0
19167.66
 0
19846.5
