1.636428
158.8017
1.587102
210.5058
1.56398
276.3671
1.589238
359.9777
1.613124
465.5089
1.622005
597.5038
1.627946
760.9393
2.045699
961.8703
2.572329
1206.57
3.01295
1499.743
3.624548
1844.851
4.02619
2242.855
3.834957
2690.218
3.229099
3181.262
2.642858
3714.765
2.190034
4294.486
1.704043
4924.06
1.189539
5605.604
0.8311643
6342.102
0.5717975
7116.776
0.3430974
7892.276
0.1826059
8649.846
0.09412038
9388.753
0.04688867
10108.91
0.03003767
10813.48
0.01667434
11509.55
0.006604431
12206.04
0.001956721
12906.92
0.001022043
13610.8
0.001089505
14316.12
0.001154355
15020.61
0.001580922
15722.02
0.002479642
16419.25
0.003244367
17112.24
0.003761754
17801.12
0.00412751
18486.06
0.004481611
19167.66
0.00487294
19846.5
 0
158.8017
 0
210.5058
 0
276.3671
 0
359.9777
 0
465.5089
 0
597.5038
 0
760.9393
 0
961.8703
 0
1206.57
 0
1499.743
 0
1844.851
 0
2242.855
 0
2690.218
 0
3181.262
 0
3714.765
 0
4294.486
 0
4924.06
 0
5605.604
 0
6342.102
 0
7116.776
 0
7892.276
 0
8649.846
 0
9388.753
 0
10108.91
 0
10813.48
 0
11509.55
 0
12206.04
 0
12906.92
 0
13610.8
 0
14316.12
 0
15020.61
 0
15722.02
 0
16419.25
 0
17112.24
 0
17801.12
 0
18486.06
 0
19167.66
 0
19846.5
 0
158.8017
 0
210.5058
 0
276.3671
 0
359.9777
 0
465.5089
 0
597.5038
 0
760.9393
 0
961.8703
 0
1206.57
 0
1499.743
 0
1844.851
 0
2242.855
 0
2690.218
 0
3181.262
 0
3714.765
 0
4294.486
 0
4924.06
 0
5605.604
 0
6342.102
 0
7116.776
 0
7892.276
 0
8649.846
 0
9388.753
 0
10108.91
 0
10813.48
 0
11509.55
 0
12206.04
 0
12906.92
 0
13610.8
 0
14316.12
 0
15020.61
 0
15722.02
 0
16419.25
 0
17112.24
 0
17801.12
 0
18486.06
 0
19167.66
 0
19846.5
5.892563e-06
158.8017
1.462593e-05
210.5058
2.369511e-05
276.3671
 0
359.9777
1.241234e-05
465.5089
4.012692e-07
597.5038
2.7037e-05
760.9393
0.001790313
961.8703
0.02246062
1206.57
0.03656984
1499.743
0.04794998
1844.851
0.07140856
2242.855
0.08875947
2690.218
0.09564725
3181.262
0.1026027
3714.765
0.10974
4294.486
0.1155605
4924.06
0.1221259
5605.604
0.1329942
6342.102
0.1455645
7116.776
0.1337328
7892.276
0.06632924
8649.846
0.02267912
9388.753
0.006066669
10108.91
0.001704169
10813.48
 0
11509.55
 0
12206.04
 0
12906.92
 0
13610.8
 0
14316.12
 0
15020.61
 0
15722.02
 0
16419.25
 0
17112.24
 0
17801.12
 0
18486.06
 0
19167.66
 0
19846.5
0.05939315
158.8017
0.06149138
210.5058
0.06395953
276.3671
0.06696137
359.9777
0.07146688
465.5089
0.07711766
597.5038
0.0811048
760.9393
0.0789791
961.8703
0.06283739
1206.57
0.04280578
1499.743
0.03072663
1844.851
0.02230152
2242.855
0.01743639
2690.218
0.01238296
3181.262
0.008158394
3714.765
0.004861986
4294.486
0.002566252
4924.06
0.001329864
5605.604
0.000629022
6342.102
0.0001970935
7116.776
5.336476e-05
7892.276
1.004994e-05
8649.846
9.73266e-07
9388.753
9.496465e-08
10108.91
2.877262e-08
10813.48
 0
11509.55
 0
12206.04
5.605194e-42
12906.92
 0
13610.8
 0
14316.12
 0
15020.61
 0
15722.02
 0
16419.25
 0
17112.24
 0
17801.12
 0
18486.06
 0
19167.66
 0
19846.5
0.5661764
158.8017
0.5712271
210.5058
0.5743566
276.3671
0.5767789
359.9777
0.5864407
465.5089
0.603454
597.5038
0.6229497
760.9393
0.6450026
961.8703
0.6248247
1206.57
0.5712985
1499.743
0.5166121
1844.851
0.4767138
2242.855
0.4437485
2690.218
0.4076287
3181.262
0.3510345
3714.765
0.2734074
4294.486
0.1943344
4924.06
0.1443998
5605.604
0.1088655
6342.102
0.06076539
7116.776
0.01514863
7892.276
0.001285943
8649.846
3.488274e-05
9388.753
3.959698e-05
10108.91
3.733871e-06
10813.48
 0
11509.55
 0
12206.04
 0
12906.92
 0
13610.8
 0
14316.12
 0
15020.61
 0
15722.02
 0
16419.25
 0
17112.24
 0
17801.12
 0
18486.06
 0
19167.66
 0
19846.5
