255.7184
252.1661
256.5457
256.2543
256.9367
257.3505
257.6381
258.0288
258.8416
259.3404
260.201
260.9446
261.533
262.1823
263.0034
263.4876
263.7354
262.4366
261.1403
260.4802
259.7502
257.2883
255.6346
254.7671
254.7957
254.0748
253.3472
252.6839
251.5201
249.7779
248.3636
246.2424
245.2318
245.6653
247.1053
246.1821
246.9201
247.6454
249.3639
250.2785
251.357
252.0548
252.5071
252.812
252.7803
251.804
250.3781
250.0391
247.5845
255.3185
251.7268
256.2759
256.4922
256.9977
257.1463
257.3267
257.6598
258.4505
259.173
259.8889
260.4596
261.1189
262.253
262.8936
263.3797
263.6563
262.0446
261.0963
260.3798
259.5941
257.184
255.7903
254.95
255.0283
254.3784
253.5663
252.8583
251.7305
250.2474
249.396
247.8986
247.4106
248.0803
247.9174
246.902
247.799
248.2222
249.5288
250.4657
251.4525
252.0883
252.582
252.8623
252.7069
252.2478
251.3737
251.3979
250.486
255.5582
254.6541
260.4291
259.8011
260.8857
261.3017
262.1026
263.0409
263.891
264.1594
263.8081
263.7682
263.18
262.4581
262.8546
263.0348
263.0669
262.1965
260.4668
259.5813
258.3001
255.9368
254.0695
252.9294
252.7842
252.3433
252.0379
251.0883
250.1777
249.1863
248.3459
247.4636
246.6519
246.3917
246.4192
245.9765
246.0136
246.3863
247.1954
247.8987
248.897
249.5508
250.0095
250.2763
250.2695
249.9601
249.7472
249.5806
249.355
256.2592
252.7152
257.1232
256.5486
257.0445
257.7111
258.2094
258.9782
260.0843
260.3435
260.5739
261.3853
261.9914
262.3828
263.19
263.7668
263.9518
262.9484
261.432
260.7614
260.0355
257.6415
255.6451
254.7008
254.7475
254.0775
253.2803
252.5856
251.4298
249.7689
247.3604
245.4181
244.9043
244.2869
245.8523
245.2817
246.2992
247.3776
249.2499
250.2932
251.451
252.2374
252.701
253.0011
252.9736
251.4518
249.3857
247.5724
245.6438
256.1391
253.2168
256.2505
256.7091
257.416
257.7109
258.0825
258.8207
259.5478
260.1095
260.4917
261.0107
261.6534
262.8177
263.9366
264.0921
264.3678
262.6997
261.7728
261.1844
260.6629
257.9832
255.933
255.3608
255.7247
254.7535
253.9375
253.1374
252.0157
249.745
246.2041
244.3641
243.5168
244.5646
245.6708
245.2174
247.9954
248.1839
250.529
251.7623
252.7617
253.4512
253.8216
254.1357
253.9562
252.6007
251.0459
252.1712
250.6406
