 0
0.0009848569
0.04122737
0.2603885
0.9468735
1.684828
2.929971
5.513162
9.266012
12.41181
14.45006
15.64279
16.33723
16.55479
16.70505
16.74646
16.75927
16.89379
17.19389
17.62578
17.80207
18.55494
19.36393
19.57067
19.58108
19.5873
19.59517
19.60773
19.6332
19.65714
19.67425
19.68735
19.70004
19.71776
19.7486
19.78276
19.81433
19.83196
19.85163
19.87638
19.90493
19.93423
19.97128
20.01599
20.06063
20.08671
20.10338
20.11298
20.11771
 0
0.0009110246
0.04451046
0.2643131
0.9715446
1.651497
2.782324
5.051702
8.788168
12.24547
14.54397
15.97375
16.92105
17.24445
17.44695
17.53236
17.55116
17.8786
18.50714
18.95861
19.16397
20.07288
21.0041
21.25011
21.26233
21.27106
21.28385
21.30523
21.33348
21.36016
21.38118
21.39841
21.41574
21.44091
21.48141
21.52407
21.55896
21.57881
21.60295
21.63212
21.66253
21.69292
21.73521
21.78687
21.83373
21.85818
21.87479
21.88366
21.8885
 0
0.0007264095
0.03219404
0.300829
0.9392248
1.621295
2.829663
5.338202
8.978604
12.01027
13.87572
15.08576
15.9021
16.16596
16.27045
16.29987
16.30839
16.56244
16.91647
17.32588
17.56449
18.87094
19.71422
19.88989
19.90658
19.92134
19.93868
19.96585
19.99981
20.03086
20.05559
20.07433
20.09188
20.11866
20.16821
20.2096
20.23933
20.2584
20.28399
20.3199
20.35236
20.39027
20.4378
20.49278
20.54073
20.56549
20.57809
20.58468
20.58783
 0
0.001141443
0.03815718
0.2964228
0.9945101
1.833857
3.278037
6.249708
9.914639
12.83141
14.66601
15.69489
16.20721
16.3458
16.41301
16.42728
16.43626
16.45691
16.57537
16.83365
17.00104
17.63349
18.36108
18.54216
18.55215
18.55589
18.56009
18.56585
18.58227
18.60069
18.61375
18.62346
18.63271
18.64532
18.67098
18.70176
18.73261
18.75073
18.76772
18.79021
18.81963
18.85081
18.88802
18.93193
18.97817
19.01077
19.03012
19.04058
19.04508
 0
0.0004849795
0.0360278
0.2095909
0.819803
1.448344
2.494899
4.662491
8.285748
11.57726
13.85138
15.07883
15.64539
15.82022
15.98843
16.0973
16.11557
16.30383
16.90765
17.34226
17.4868
17.95976
18.80046
19.13091
19.16916
19.1771
19.18724
19.20195
19.2227
19.24493
19.26337
19.27877
19.29604
19.31697
19.34247
19.37591
19.41532
19.43226
19.44994
19.46919
19.49475
19.51978
19.5536
19.59415
19.63508
19.66053
19.6791
19.68913
19.69456
