35.46279
35.48532
35.51595
35.54491
35.56871
35.59303
35.61605
35.6379
35.65867
35.67772
35.69667
35.7212
35.76559
35.83481
35.91863
36.00885
36.09944
36.17556
36.23441
36.29319
36.36163
36.43159
36.48998
36.53393
35.44816
9.96921e+36
9.96921e+36
9.96921e+36
9.96921e+36
9.96921e+36
9.96921e+36
9.96921e+36
9.96921e+36
9.96921e+36
9.96921e+36
9.96921e+36
9.96921e+36
9.96921e+36
9.96921e+36
9.96921e+36
9.96921e+36
9.96921e+36
9.96921e+36
9.96921e+36
9.96921e+36
9.96921e+36
9.96921e+36
9.96921e+36
9.96921e+36
38.47917
38.51216
38.55293
38.58972
38.62023
38.65178
38.68269
38.71366
38.7457
38.77487
38.80404
38.84335
38.91067
39.00486
39.10399
39.21168
39.32228
39.4159
39.49351
39.57572
39.66932
39.75424
39.82741
39.88781
38.45588
9.96921e+36
9.96921e+36
9.96921e+36
9.96921e+36
9.96921e+36
9.96921e+36
9.96921e+36
9.96921e+36
9.96921e+36
9.96921e+36
9.96921e+36
9.96921e+36
9.96921e+36
9.96921e+36
9.96921e+36
9.96921e+36
9.96921e+36
9.96921e+36
9.96921e+36
9.96921e+36
9.96921e+36
9.96921e+36
9.96921e+36
9.96921e+36
34.39394
34.45748
34.53709
34.62105
34.69825
34.77116
34.83232
34.88065
34.92119
34.95876
35.00497
35.05776
35.14162
35.25087
35.36828
35.51059
35.63967
35.742
35.84151
35.94281
36.05275
36.15779
36.23679
36.29098
34.35004
9.96921e+36
9.96921e+36
9.96921e+36
9.96921e+36
9.96921e+36
9.96921e+36
9.96921e+36
9.96921e+36
9.96921e+36
9.96921e+36
9.96921e+36
9.96921e+36
9.96921e+36
9.96921e+36
9.96921e+36
9.96921e+36
9.96921e+36
9.96921e+36
9.96921e+36
9.96921e+36
9.96921e+36
9.96921e+36
9.96921e+36
9.96921e+36
34.06573
34.08509
34.11477
34.14431
34.16951
34.19497
34.21815
34.2391
34.25696
34.27454
34.29389
34.31987
34.36452
34.43276
34.52298
34.61648
34.70538
34.78387
34.84105
34.8954
34.95863
35.03255
35.09352
35.13102
34.05378
9.96921e+36
9.96921e+36
9.96921e+36
9.96921e+36
9.96921e+36
9.96921e+36
9.96921e+36
9.96921e+36
9.96921e+36
9.96921e+36
9.96921e+36
9.96921e+36
9.96921e+36
9.96921e+36
9.96921e+36
9.96921e+36
9.96921e+36
9.96921e+36
9.96921e+36
9.96921e+36
9.96921e+36
9.96921e+36
9.96921e+36
9.96921e+36
37.53656
37.54914
37.56276
37.57517
37.5856
37.59739
37.60635
37.61531
37.62472
37.63266
37.63943
37.6515
37.68283
37.73528
37.79927
37.86388
37.93247
37.99832
38.03845
38.06866
38.10549
38.1442
38.1786
38.21041
37.51985
9.96921e+36
9.96921e+36
9.96921e+36
9.96921e+36
9.96921e+36
9.96921e+36
9.96921e+36
9.96921e+36
9.96921e+36
9.96921e+36
9.96921e+36
9.96921e+36
9.96921e+36
9.96921e+36
9.96921e+36
9.96921e+36
9.96921e+36
9.96921e+36
9.96921e+36
9.96921e+36
9.96921e+36
9.96921e+36
9.96921e+36
9.96921e+36
