 0
 0
 0
0.3636109
1.023467
1.594985
2.588188
4.842251
8.370441
11.60181
13.94088
15.66446
17.17286
18.43847
19.75782
20.83583
22.10455
24.95602
26.18741
26.76345
27.34144
28.83964
29.54965
29.68605
29.70101
29.72457
29.75228
29.77839
29.79607
29.8134
29.82839
29.84361
29.8606
29.87754
29.89637
29.92061
29.95659
30.02945
30.11798
30.19774
30.2907
30.36894
30.43514
30.51572
30.60535
30.69658
30.79112
30.88104
30.9335
 0
 0
 0
0.3047968
1.072862
1.6296
2.557796
4.56221
8.163414
11.70097
14.33346
16.32466
18.1134
19.66696
21.36446
23.09232
25.00707
27.59296
28.73307
29.28419
29.74266
31.4462
32.26812
32.45382
32.47688
32.50632
32.53882
32.57096
32.59418
32.61821
32.64022
32.66416
32.69147
32.7181
32.74537
32.77946
32.83083
32.92646
33.02994
33.12398
33.23791
33.33195
33.41924
33.52603
33.64345
33.7546
33.87058
33.98232
34.04834
 0
 0
 0
0.4231124
0.9728406
1.468878
2.378987
4.491621
7.855575
10.87666
12.87092
14.35759
15.67066
16.66628
17.58958
18.53413
20.20812
22.63978
23.61375
24.1728
24.84323
26.76734
27.53046
27.68587
27.73084
27.79115
27.85863
27.9282
27.98264
28.03021
28.06698
28.09925
28.13029
28.16294
28.21028
28.25806
28.31514
28.41977
28.52757
28.64668
28.77675
28.87452
28.97049
29.08572
29.19916
29.3173
29.43357
29.53227
29.57511
 0
 0
 0
0.4634552
1.05278
1.692314
2.848087
5.473033
8.954444
11.99313
14.16574
15.82117
17.22543
18.40924
19.47651
20.01378
20.43574
23.27129
24.60187
25.28107
25.9962
27.31538
28.02629
28.15147
28.16051
28.18108
28.20792
28.2322
28.24775
28.2617
28.2733
28.28523
28.29724
28.31005
28.3267
28.35071
28.37984
28.44081
28.52114
28.59559
28.68404
28.75978
28.81715
28.88425
28.96234
29.04917
29.13709
29.21479
29.25809
 0
 0
 0
0.1712847
0.9182383
1.411304
2.272967
4.216387
7.709205
11.13432
13.85262
15.8772
17.67276
19.30221
21.13373
22.8382
24.51664
27.38251
28.84888
29.35021
29.7873
31.07096
31.93981
32.21615
32.23207
32.24062
32.25119
32.26136
32.27055
32.28072
32.28822
32.29583
32.30423
32.31273
32.32075
32.3326
32.35447
32.40709
32.47571
32.53234
32.60223
32.66788
32.7096
32.75449
32.8184
32.88451
32.95383
33.0297
33.08432
