33.06561
33.08916
33.11688
33.14298
33.16067
33.178
33.19299
33.20821
33.2252
33.24214
33.26097
33.28521
33.32119
33.39405
33.48258
33.56234
33.6553
33.73354
33.79974
33.88032
33.96995
34.06118
34.15572
34.24564
33.05065
9.96921e+36
9.96921e+36
9.96921e+36
9.96921e+36
9.96921e+36
9.96921e+36
9.96921e+36
9.96921e+36
9.96921e+36
9.96921e+36
9.96921e+36
9.96921e+36
9.96921e+36
9.96921e+36
9.96921e+36
9.96921e+36
9.96921e+36
9.96921e+36
9.96921e+36
9.96921e+36
9.96921e+36
9.96921e+36
9.96921e+36
9.96921e+36
37.77892
37.80836
37.84087
37.873
37.89622
37.92026
37.94227
37.9662
37.99352
38.02014
38.04742
38.0815
38.13287
38.2285
38.33198
38.42602
38.53996
38.634
38.72128
38.82807
38.9455
39.05664
39.17262
39.28436
37.75586
9.96921e+36
9.96921e+36
9.96921e+36
9.96921e+36
9.96921e+36
9.96921e+36
9.96921e+36
9.96921e+36
9.96921e+36
9.96921e+36
9.96921e+36
9.96921e+36
9.96921e+36
9.96921e+36
9.96921e+36
9.96921e+36
9.96921e+36
9.96921e+36
9.96921e+36
9.96921e+36
9.96921e+36
9.96921e+36
9.96921e+36
9.96921e+36
30.14142
30.20172
30.2692
30.33877
30.39321
30.44078
30.47755
30.50982
30.54086
30.57352
30.62086
30.66863
30.72572
30.83035
30.93814
31.05725
31.18732
31.2851
31.38107
31.4963
31.60973
31.72788
31.84415
31.94284
30.09644
9.96921e+36
9.96921e+36
9.96921e+36
9.96921e+36
9.96921e+36
9.96921e+36
9.96921e+36
9.96921e+36
9.96921e+36
9.96921e+36
9.96921e+36
9.96921e+36
9.96921e+36
9.96921e+36
9.96921e+36
9.96921e+36
9.96921e+36
9.96921e+36
9.96921e+36
9.96921e+36
9.96921e+36
9.96921e+36
9.96921e+36
9.96921e+36
32.28521
32.30579
32.33263
32.3569
32.37246
32.3864
32.39801
32.40993
32.42194
32.43475
32.4514
32.47542
32.50454
32.56551
32.64584
32.72029
32.80875
32.88449
32.94185
33.00895
33.08704
33.17387
33.26179
33.33949
32.27617
9.96921e+36
9.96921e+36
9.96921e+36
9.96921e+36
9.96921e+36
9.96921e+36
9.96921e+36
9.96921e+36
9.96921e+36
9.96921e+36
9.96921e+36
9.96921e+36
9.96921e+36
9.96921e+36
9.96921e+36
9.96921e+36
9.96921e+36
9.96921e+36
9.96921e+36
9.96921e+36
9.96921e+36
9.96921e+36
9.96921e+36
9.96921e+36
34.64294
34.65149
34.66206
34.67223
34.68142
34.69159
34.69909
34.7067
34.7151
34.72359
34.73162
34.74347
34.76534
34.81796
34.88658
34.94321
35.0131
35.07875
35.12047
35.16536
35.22927
35.29538
35.3647
35.44057
34.62702
9.96921e+36
9.96921e+36
9.96921e+36
9.96921e+36
9.96921e+36
9.96921e+36
9.96921e+36
9.96921e+36
9.96921e+36
9.96921e+36
9.96921e+36
9.96921e+36
9.96921e+36
9.96921e+36
9.96921e+36
9.96921e+36
9.96921e+36
9.96921e+36
9.96921e+36
9.96921e+36
9.96921e+36
9.96921e+36
9.96921e+36
9.96921e+36
