 0
0.0007348465
0.05359241
0.4856531
0.9286243
1.455466
2.412374
4.632862
8.184521
11.51655
13.92733
15.73406
17.39849
19.04387
21.0347
22.97923
25.58919
29.62001
31.09619
31.82355
32.67433
34.41064
35.25737
35.43288
35.4475
35.47004
35.50066
35.52963
35.55342
35.57774
35.60077
35.62261
35.64339
35.66244
35.68138
35.70591
35.7503
35.81953
35.90334
35.99356
36.08416
36.16027
36.21913
36.2779
36.34634
36.4163
36.4747
36.51864
36.54266
 0
0.0006276218
0.05689327
0.4940425
1.011496
1.547309
2.431329
4.389477
7.912747
11.54
14.2628
16.3153
18.27462
20.18817
22.55925
25.26535
28.59157
32.0194
33.27491
34.05809
34.96593
37.05572
37.97001
38.16529
38.18858
38.22157
38.26234
38.29913
38.32964
38.36119
38.39211
38.42307
38.45512
38.48428
38.51345
38.55276
38.62008
38.71428
38.8134
38.92109
39.0317
39.12531
39.20292
39.28513
39.37873
39.46365
39.53682
39.59722
39.63196
 0
0.0005118658
0.0449195
0.5176272
0.915687
1.373144
2.247045
4.321832
7.669972
10.82751
12.99611
14.62299
16.19221
17.66433
19.40768
21.52897
24.71773
28.09825
29.20926
30.0841
31.23042
33.45141
34.21154
34.33578
34.37968
34.44323
34.52284
34.60679
34.684
34.7569
34.81807
34.86639
34.90693
34.94451
34.99072
35.0435
35.12737
35.23661
35.35402
35.49633
35.62542
35.72774
35.82726
35.92855
36.03849
36.14353
36.22253
36.27673
36.30072
 0
0.0008295712
0.0512349
0.5078484
0.9210104
1.498699
2.630328
5.251852
8.810396
11.95788
14.23782
15.94563
17.52225
19.18069
20.99569
22.48699
24.09579
28.38573
30.12138
30.86083
31.58899
33.03928
33.83592
34.01857
34.03051
34.04987
34.07955
34.10909
34.13429
34.15976
34.18293
34.20388
34.22174
34.23932
34.25867
34.28466
34.32931
34.39754
34.48776
34.58126
34.67016
34.74865
34.80583
34.86019
34.92341
34.99733
35.05831
35.09581
35.11399
 0
0.0003931411
0.04798386
0.3970056
0.8448108
1.293964
2.091938
3.951057
7.353923
10.75662
13.48523
15.67402
17.66615
19.5645
22.03005
24.6209
27.51244
31.47666
33.26235
33.85632
34.54541
36.12433
37.19705
37.51677
37.53348
37.54605
37.55968
37.57209
37.58252
37.5943
37.60327
37.61223
37.62164
37.62958
37.63634
37.64842
37.67975
37.73219
37.79618
37.86079
37.92939
37.99524
38.03537
38.06557
38.10241
38.14112
38.17552
38.20733
38.2283
