35.52522
35.54375
35.56321
35.57845
35.5903
35.6078
35.62725
35.64584
35.66363
35.68095
35.6981
35.71686
35.74442
35.792
35.84394
35.88139
35.93209
35.97472
36.00676
36.04638
36.09868
36.17063
36.24627
36.33152
35.51275
9.96921e+36
9.96921e+36
9.96921e+36
9.96921e+36
9.96921e+36
9.96921e+36
9.96921e+36
9.96921e+36
9.96921e+36
9.96921e+36
9.96921e+36
9.96921e+36
9.96921e+36
9.96921e+36
9.96921e+36
9.96921e+36
9.96921e+36
9.96921e+36
9.96921e+36
9.96921e+36
9.96921e+36
9.96921e+36
9.96921e+36
9.96921e+36
42.00972
42.04313
42.07665
42.10487
42.1232
42.14782
42.17864
42.21104
42.24223
42.27159
42.30078
42.3356
42.38128
42.43772
42.49558
42.54688
42.61052
42.66383
42.71447
42.77663
42.84668
42.93548
43.03523
43.14563
41.98414
9.96921e+36
9.96921e+36
9.96921e+36
9.96921e+36
9.96921e+36
9.96921e+36
9.96921e+36
9.96921e+36
9.96921e+36
9.96921e+36
9.96921e+36
9.96921e+36
9.96921e+36
9.96921e+36
9.96921e+36
9.96921e+36
9.96921e+36
9.96921e+36
9.96921e+36
9.96921e+36
9.96921e+36
9.96921e+36
9.96921e+36
9.96921e+36
33.38216
33.45846
33.55457
33.65024
33.73962
33.83843
33.92839
33.99903
34.05706
34.11489
34.17529
34.2411
34.32816
34.43689
34.53372
34.63365
34.74563
34.85342
34.9698
35.09227
35.23647
35.42003
35.62847
35.82498
33.32997
9.96921e+36
9.96921e+36
9.96921e+36
9.96921e+36
9.96921e+36
9.96921e+36
9.96921e+36
9.96921e+36
9.96921e+36
9.96921e+36
9.96921e+36
9.96921e+36
9.96921e+36
9.96921e+36
9.96921e+36
9.96921e+36
9.96921e+36
9.96921e+36
9.96921e+36
9.96921e+36
9.96921e+36
9.96921e+36
9.96921e+36
9.96921e+36
34.57846
34.6011
34.6268
34.65121
34.6715
34.69943
34.73208
34.76476
34.79083
34.812
34.83635
34.87031
34.91431
34.96873
35.01959
35.05786
35.11625
35.17394
35.2196
35.27794
35.34708
35.43048
35.51583
35.6007
34.5617
9.96921e+36
9.96921e+36
9.96921e+36
9.96921e+36
9.96921e+36
9.96921e+36
9.96921e+36
9.96921e+36
9.96921e+36
9.96921e+36
9.96921e+36
9.96921e+36
9.96921e+36
9.96921e+36
9.96921e+36
9.96921e+36
9.96921e+36
9.96921e+36
9.96921e+36
9.96921e+36
9.96921e+36
9.96921e+36
9.96921e+36
9.96921e+36
37.60017
37.60621
37.61125
37.61414
37.61466
37.61586
37.61742
37.61979
37.62207
37.62413
37.62638
37.62935
37.6358
37.645
37.6596
37.67478
37.69612
37.72005
37.72596
37.7319
37.74223
37.75805
37.77517
37.804
37.59652
9.96921e+36
9.96921e+36
9.96921e+36
9.96921e+36
9.96921e+36
9.96921e+36
9.96921e+36
9.96921e+36
9.96921e+36
9.96921e+36
9.96921e+36
9.96921e+36
9.96921e+36
9.96921e+36
9.96921e+36
9.96921e+36
9.96921e+36
9.96921e+36
9.96921e+36
9.96921e+36
9.96921e+36
9.96921e+36
9.96921e+36
9.96921e+36
