32.65149
32.65383
32.65644
32.65806
32.65917
32.66059
32.6618
32.663
32.66392
32.66497
32.66635
32.66785
32.6727
32.68698
32.70732
32.72959
32.75452
32.78156
32.79881
32.81383
32.83066
32.8551
32.88607
32.91934
32.65044
9.96921e+36
9.96921e+36
9.96921e+36
9.96921e+36
9.96921e+36
9.96921e+36
9.96921e+36
9.96921e+36
9.96921e+36
9.96921e+36
9.96921e+36
9.96921e+36
9.96921e+36
9.96921e+36
9.96921e+36
9.96921e+36
9.96921e+36
9.96921e+36
9.96921e+36
9.96921e+36
9.96921e+36
9.96921e+36
9.96921e+36
9.96921e+36
39.96932
39.97356
39.97744
39.98
39.98233
39.98476
39.98739
39.99039
39.99318
39.99566
39.99822
40.00145
40.01061
40.03109
40.05547
40.08275
40.11528
40.14717
40.16798
40.18888
40.21325
40.24809
40.29006
40.33517
39.96638
9.96921e+36
9.96921e+36
9.96921e+36
9.96921e+36
9.96921e+36
9.96921e+36
9.96921e+36
9.96921e+36
9.96921e+36
9.96921e+36
9.96921e+36
9.96921e+36
9.96921e+36
9.96921e+36
9.96921e+36
9.96921e+36
9.96921e+36
9.96921e+36
9.96921e+36
9.96921e+36
9.96921e+36
9.96921e+36
9.96921e+36
9.96921e+36
30.77853
30.79577
30.81625
30.83397
30.84866
30.8624
30.87282
30.87941
30.88383
30.88946
30.8993
30.90762
30.92505
30.95494
30.98759
31.0313
31.0741
31.10803
31.14067
31.1786
31.22328
31.2895
31.36345
31.42216
30.77026
9.96921e+36
9.96921e+36
9.96921e+36
9.96921e+36
9.96921e+36
9.96921e+36
9.96921e+36
9.96921e+36
9.96921e+36
9.96921e+36
9.96921e+36
9.96921e+36
9.96921e+36
9.96921e+36
9.96921e+36
9.96921e+36
9.96921e+36
9.96921e+36
9.96921e+36
9.96921e+36
9.96921e+36
9.96921e+36
9.96921e+36
9.96921e+36
32.68217
32.68308
32.68484
32.68596
32.68665
32.68745
32.688
32.68811
32.68831
32.68917
32.69063
32.69307
32.70007
32.71759
32.74607
32.77351
32.79643
32.82059
32.83478
32.84715
32.86358
32.88528
32.91227
32.93971
32.68201
9.96921e+36
9.96921e+36
9.96921e+36
9.96921e+36
9.96921e+36
9.96921e+36
9.96921e+36
9.96921e+36
9.96921e+36
9.96921e+36
9.96921e+36
9.96921e+36
9.96921e+36
9.96921e+36
9.96921e+36
9.96921e+36
9.96921e+36
9.96921e+36
9.96921e+36
9.96921e+36
9.96921e+36
9.96921e+36
9.96921e+36
9.96921e+36
35.61164
35.61164
35.61164
35.61164
35.61164
35.61164
35.61164
35.61179
35.61179
35.61179
35.61179
35.61179
35.61291
35.62295
35.63862
35.65666
35.6789
35.7098
35.72716
35.73444
35.74012
35.74797
35.75632
35.77129
35.60712
9.96921e+36
9.96921e+36
9.96921e+36
9.96921e+36
9.96921e+36
9.96921e+36
9.96921e+36
9.96921e+36
9.96921e+36
9.96921e+36
9.96921e+36
9.96921e+36
9.96921e+36
9.96921e+36
9.96921e+36
9.96921e+36
9.96921e+36
9.96921e+36
9.96921e+36
9.96921e+36
9.96921e+36
9.96921e+36
9.96921e+36
9.96921e+36
