 0
0.2169293
0.6171372
0.8668191
1.061467
1.385331
2.121855
4.011994
7.095991
10.17963
12.53301
14.5521
16.40915
18.14629
19.84213
20.98872
22.70089
25.57166
26.69762
27.28964
28.14002
29.61329
30.062
30.10752
30.11998
30.13848
30.1579
30.17312
30.18498
30.20244
30.22187
30.24043
30.25821
30.27553
30.29268
30.31144
30.33895
30.38639
30.43824
30.47563
30.52625
30.56884
30.60085
30.64041
30.69262
30.76438
30.83977
30.92471
30.96886
 0
0.1917985
0.6320832
1.035786
1.357556
1.775902
2.509747
4.169564
7.336348
10.80079
13.45542
15.60377
17.74964
19.90747
22.22233
24.52343
26.89564
29.44459
30.40942
30.91781
32.01202
33.68385
34.19518
34.26087
34.2864
34.31974
34.35314
34.38121
34.39943
34.42395
34.45471
34.48705
34.5182
34.54753
34.57669
34.61146
34.65695
34.71299
34.77007
34.82024
34.88297
34.93581
34.98636
35.04844
35.11835
35.20693
35.3064
35.41645
35.47847
 0
0.1933276
0.5927683
0.8870083
1.031748
1.268778
1.909727
3.662215
6.56527
9.502051
11.49441
13.03742
14.52239
15.93974
17.21033
18.53216
20.70605
23.15683
24.08306
24.6234
26.03537
27.83416
28.21168
28.25755
28.3096
28.3857
28.48155
28.57696
28.66612
28.7647
28.85448
28.92501
28.98297
29.04075
29.10107
29.1668
29.25365
29.36202
29.45865
29.55836
29.67007
29.77767
29.89383
30.01603
30.15984
30.34279
30.55047
30.74621
30.79982
 0
0.2272812
0.5803612
0.7708421
0.977514
1.390081
2.30754
4.614142
7.643066
10.57411
13.06995
15.13957
16.89208
18.3762
19.66633
20.06863
20.66595
23.55606
24.84897
25.55622
26.28416
27.62187
28.05901
28.09806
28.11481
28.13743
28.1631
28.18749
28.20774
28.23565
28.26826
28.30092
28.32699
28.34816
28.3725
28.40643
28.45038
28.5047
28.55551
28.59375
28.65206
28.70969
28.75531
28.81357
28.88262
28.96583
29.05094
29.13553
29.18213
 0
0.156802
0.5042266
0.735698
0.9124546
1.152298
1.774557
3.31836
6.350579
9.591176
12.34706
14.82818
17.02396
19.07625
21.30163
23.52332
25.84437
28.63628
29.83696
30.27955
30.85462
32.19638
32.86679
33.03368
33.03732
33.04336
33.0484
33.05128
33.05181
33.053
33.05456
33.05694
33.05922
33.06128
33.06353
33.06649
33.07295
33.08214
33.09675
33.11192
33.13324
33.15716
33.16307
33.16901
33.17934
33.19514
33.21223
33.24098
33.26505
