 0
0.1690376
0.442737
0.6689839
0.9070062
1.273001
2.058189
4.210729
7.551133
10.67876
13.45827
16.02907
18.29712
20.18229
21.40016
21.60565
21.90897
24.62331
26.11784
27.01084
27.75729
29.28494
29.70858
29.75254
29.75359
29.75594
29.75854
29.76017
29.76128
29.7627
29.76391
29.76511
29.76603
29.76707
29.76846
29.76996
29.7748
29.78909
29.80943
29.8317
29.85663
29.88367
29.90092
29.91594
29.93277
29.95721
29.98818
30.02145
30.03543
 0
0.154245
0.4502359
0.7705661
1.099515
1.496474
2.264269
4.175884
7.776409
11.28738
14.30868
16.98732
19.39615
21.52237
23.43934
24.57729
26.63708
29.38062
30.5961
31.3809
32.17532
33.75468
34.208
34.27014
34.27308
34.27732
34.2812
34.28375
34.28609
34.28851
34.29115
34.29415
34.29693
34.29942
34.30198
34.3052
34.31437
34.33485
34.35923
34.38651
34.41903
34.45093
34.47174
34.49264
34.51701
34.55185
34.59381
34.63892
34.66335
 0
0.1371565
0.4148165
0.6707891
0.8636119
1.159438
1.847013
3.790143
6.916253
9.811503
12.0201
13.90926
15.54416
16.66718
17.36854
17.56165
18.76097
21.33645
22.64534
23.46003
24.50741
26.14084
26.51251
26.55099
26.55927
26.57651
26.59698
26.61471
26.62939
26.64314
26.65355
26.66014
26.66457
26.6702
26.68004
26.68836
26.70578
26.73567
26.76833
26.81203
26.85483
26.88876
26.92141
26.95934
27.00402
27.07024
27.14419
27.20289
27.21993
 0
0.1704192
0.4035631
0.5816594
0.7809322
1.175144
2.080928
4.577259
7.759393
10.78088
13.5677
16.13245
18.31069
20.01119
20.70501
20.75476
20.80073
22.57745
24.26613
25.2671
26.05215
27.5664
28.05637
28.09595
28.09611
28.09702
28.09878
28.09991
28.10059
28.10139
28.10195
28.10206
28.10225
28.10312
28.10457
28.10701
28.11401
28.13153
28.16001
28.18746
28.21037
28.23454
28.24872
28.26109
28.27752
28.29922
28.32621
28.35365
28.36238
 0
0.1275241
0.3745754
0.5962703
0.8140544
1.102858
1.772135
3.562476
6.950499
10.19819
13.32903
16.2992
18.87247
21.17648
23.37074
24.85521
26.5123
29.60237
30.95724
31.64581
32.19063
33.64022
34.30867
34.44296
34.44749
34.44749
34.44749
34.44749
34.44749
34.44749
34.44749
34.44763
34.44763
34.44763
34.44763
34.44763
34.44876
34.4588
34.47447
34.49251
34.51474
34.54565
34.56301
34.57029
34.57597
34.58382
34.59217
34.60714
34.61773
