31.31094
31.31775
31.32733
31.34402
31.37001
31.39429
31.41151
31.42465
31.43733
31.45516
31.48614
31.52043
31.55208
31.56973
31.58944
31.61421
31.64281
31.67224
31.70934
31.75661
31.80423
31.83077
31.84942
31.85957
31.30051
9.96921e+36
9.96921e+36
9.96921e+36
9.96921e+36
9.96921e+36
9.96921e+36
9.96921e+36
9.96921e+36
9.96921e+36
9.96921e+36
9.96921e+36
9.96921e+36
9.96921e+36
9.96921e+36
9.96921e+36
9.96921e+36
9.96921e+36
9.96921e+36
9.96921e+36
9.96921e+36
9.96921e+36
9.96921e+36
9.96921e+36
9.96921e+36
36.42231
36.43136
36.44416
36.46563
36.49683
36.52426
36.54589
36.56321
36.58053
36.60571
36.64628
36.68903
36.72408
36.74403
36.76834
36.79754
36.82801
36.85851
36.90147
36.95909
37.00822
37.03575
37.05309
37.06256
36.4089
9.96921e+36
9.96921e+36
9.96921e+36
9.96921e+36
9.96921e+36
9.96921e+36
9.96921e+36
9.96921e+36
9.96921e+36
9.96921e+36
9.96921e+36
9.96921e+36
9.96921e+36
9.96921e+36
9.96921e+36
9.96921e+36
9.96921e+36
9.96921e+36
9.96921e+36
9.96921e+36
9.96921e+36
9.96921e+36
9.96921e+36
9.96921e+36
31.3172
31.33646
31.35559
31.38803
31.4287
31.46334
31.4886
31.50819
31.52576
31.55259
31.60234
31.64379
31.67359
31.69274
31.71842
31.75441
31.78697
31.82545
31.87424
31.93341
31.98404
32.00958
32.02396
32.03125
31.2989
9.96921e+36
9.96921e+36
9.96921e+36
9.96921e+36
9.96921e+36
9.96921e+36
9.96921e+36
9.96921e+36
9.96921e+36
9.96921e+36
9.96921e+36
9.96921e+36
9.96921e+36
9.96921e+36
9.96921e+36
9.96921e+36
9.96921e+36
9.96921e+36
9.96921e+36
9.96921e+36
9.96921e+36
9.96921e+36
9.96921e+36
9.96921e+36
30.81635
30.82123
30.82859
30.83551
30.85299
30.87196
30.8851
30.89485
30.90411
30.91676
30.94251
30.97336
31.00427
31.02241
31.03941
31.06191
31.09134
31.1226
31.16018
31.20667
31.25586
31.28923
31.30953
31.32038
30.80626
9.96921e+36
9.96921e+36
9.96921e+36
9.96921e+36
9.96921e+36
9.96921e+36
9.96921e+36
9.96921e+36
9.96921e+36
9.96921e+36
9.96921e+36
9.96921e+36
9.96921e+36
9.96921e+36
9.96921e+36
9.96921e+36
9.96921e+36
9.96921e+36
9.96921e+36
9.96921e+36
9.96921e+36
9.96921e+36
9.96921e+36
9.96921e+36
33.14334
33.15184
33.16206
33.1787
33.19962
33.22201
33.24049
33.25596
33.2733
33.2944
33.32005
33.35366
33.39315
33.41055
33.4283
33.44762
33.47353
33.49862
33.53274
33.57391
33.61764
33.64368
33.66548
33.67636
33.10354
9.96921e+36
9.96921e+36
9.96921e+36
9.96921e+36
9.96921e+36
9.96921e+36
9.96921e+36
9.96921e+36
9.96921e+36
9.96921e+36
9.96921e+36
9.96921e+36
9.96921e+36
9.96921e+36
9.96921e+36
9.96921e+36
9.96921e+36
9.96921e+36
9.96921e+36
9.96921e+36
9.96921e+36
9.96921e+36
9.96921e+36
9.96921e+36
