9.96921e+36
9.96921e+36
9.96921e+36
9.96921e+36
9.96921e+36
9.96921e+36
9.96921e+36
9.96921e+36
9.96921e+36
9.96921e+36
9.96921e+36
9.96921e+36
9.96921e+36
9.96921e+36
9.96921e+36
9.96921e+36
9.96921e+36
9.96921e+36
0.0006104184
0.0006848425
0.000634952
9.96921e+36
9.96921e+36
9.96921e+36
9.96921e+36
9.96921e+36
9.96921e+36
9.96921e+36
9.96921e+36
9.96921e+36
9.96921e+36
9.96921e+36
9.96921e+36
9.96921e+36
9.96921e+36
9.96921e+36
0.0006483598
0.0007159631
0.0006514551
9.96921e+36
9.96921e+36
9.96921e+36
9.96921e+36
9.96921e+36
9.96921e+36
9.96921e+36
0.0003843603
7.261481e-05
9.96921e+36
9.96921e+36
9.96921e+36
9.96921e+36
9.96921e+36
9.96921e+36
0.0006714168
0.0007480369
0.0006905178
0.0005389754
9.96921e+36
0.0005501786
0.0005465657
0.000540318
0.0005257273
0.0005136224
0.000405559
9.433702e-05
3.213056e-05
9.96921e+36
1.197141e-05
9.96921e+36
9.96921e+36
0.0001235065
0.0006759404
0.0007653588
0.000733993
0.0005670855
0.0005391893
0.0005542805
0.0005417892
0.0005395953
0.000529189
0.0005220086
0.0004469202
0.000168043
3.3402e-05
2.474017e-05
9.812861e-07
3.019587e-05
8.39795e-05
8.978796e-05
0.000657762
0.0007414495
0.0007514371
0.000605382
0.0005344387
0.0005513856
0.0005277839
0.0005336776
0.000519326
0.0005072171
0.0004527249
0.0002624041
2.690674e-05
3.668202e-05
3.008878e-05
7.698279e-06
5.441756e-05
6.961658e-05
0.0006215352
0.0006934254
0.0007462212
0.0006435591
0.0005190352
0.0005318154
0.0004951349
0.0005079695
0.0004870576
0.0004635393
0.0004061901
0.0003197478
2.219809e-05
3.707877e-05
2.118284e-05
5.294987e-07
3.659636e-05
5.325843e-05
0.0005820741
0.0006358464
0.0007166731
0.0006770226
0.0005156076
0.0005056134
0.0004667198
0.0004872835
0.0004651949
0.0004070782
0.0003606695
0.0003516963
3.647133e-05
2.213384e-05
2.421435e-05
4.501711e-06
2.956282e-05
3.719181e-05
0.0005530336
0.0005922746
0.0006838174
0.0006932364
0.0005015484
0.0004636294
0.0004272202
0.0004506159
0.0004508816
0.0003805583
0.0003421663
0.0003611675
9.61318e-05
3.351793e-05
3.281671e-05
1.920698e-05
3.42251e-05
3.089153e-05
0.0005378082
0.0005541221
0.0006485055
0.0006954256
0.0005364274
0.0004642548
0.0003859857
0.0004048316
0.000425577
0.0003758294
0.0003333036
0.0003686704
0.0002542927
6.493188e-05
5.44961e-05
4.710744e-05
5.339059e-05
4.097249e-05
0.0005286634
0.0005349829
0.0006245314
0.0006772081
0.0005914211
0.0004702546
0.0003906768
0.0003959842
0.0004150284
0.0003703151
0.0003299959
0.000374932
0.0003061298
0.0001086621
9.504341e-05
8.860712e-05
0.0001042968
8.605638e-05
0.0005220077
0.0005176093
0.0006039224
0.0006605965
0.0005905128
0.0004790813
0.0004029775
0.000390942
0.0004072382
0.0003748837
0.0003461055
0.0003750833
0.0002934866
0.0001855431
0.0001641061
0.0001425462
0.000143388
0.0001334164
0.0005129284
0.0005089013
0.0005885919
0.0006453865
0.0005889063
0.0004979312
0.0004250947
0.0003912245
0.0004033348
0.0003928313
0.0003641078
0.0003744862
0.000298461
0.0002294347
0.0001930528
0.000186119
0.0001778253
0.0001612933
0.0005029025
0.0005001932
0.0005747543
0.0006306368
0.0005866811
0.0005187921
0.0004358416
0.0003961305
0.0004018212
0.0003994873
0.0003645491
0.0003664729
0.0003044022
0.0002272207
0.0002024436
0.0001948079
0.0002013721
0.0001878386
0.000488941
0.000490186
0.0005621838
0.0006161904
0.000579597
0.0005164536
0.0004352404
0.0004060354
0.0004066828
0.0003942423
0.0003638886
0.0003578407
0.0002942156
0.0002220717
0.0002023407
0.0002022267
0.0002202519
0.0002095023
0.0004708545
0.0004800424
0.0005506873
0.0006007606
0.0005698794
0.0005124175
0.0004339529
0.0004116078
0.0004094566
0.000385936
0.000354971
0.000346412
0.0002840289
0.0002142616
0.0001993092
0.0002074258
0.0002270985
0.0002305715
0.0004524814
0.0004675973
0.0005388844
0.0005841052
0.0005548004
0.0005020297
0.0004313428
0.0004080526
0.0003979825
0.0003712347
0.0003431865
0.0003339239
0.0002713156
0.0002070658
0.0001976138
0.0002114958
0.0002345242
0.000242133
0.0004278282
0.0004519607
0.0005237767
0.0005667216
0.0005354494
0.0004902121
0.0004287328
0.0004044974
0.0003865084
0.0003565334
0.0003294392
0.0003186797
0.0002582679
0.0002007042
0.0001966527
0.0002125717
0.0002443475
0.0002536945
0.0004031752
0.0004363242
0.000508669
0.0005414855
0.0005135505
0.0004742989
0.0004209847
0.0003982128
0.0003738194
0.0003393935
0.0003118301
0.0002975856
0.0002445432
0.0001947113
0.0001962038
0.0002136475
0.0002541708
0.0002614145
0.0003769711
0.0004154811
0.0004878729
0.0005162494
0.0004849021
0.000454386
0.0004131322
0.0003918159
0.0003607936
0.0003221488
0.0002942211
0.0002764914
0.0002302719
0.000191115
0.0001967804
0.0002155691
0.0002557682
0.0002675242
0.0003483134
0.0003925812
0.0004590863
0.0004847941
0.0004562537
0.0004344671
0.0004016988
0.0003814693
0.000346643
0.0003047411
0.0002763802
0.000257675
0.000216172
0.0001875186
0.000197357
0.0002174943
0.0002566733
0.0002727742
0.0003196556
0.0003696812
0.0004302996
0.0004476676
0.0004242965
0.000409554
0.0003852877
0.0003651707
0.00032891
0.0002870809
0.0002584519
0.000239789
0.0002083918
0.0001867612
0.0001988089
0.0002185895
0.0002567466
0.0002732159
0.0002913092
0.0003411673
0.0003983012
0.0004105411
0.0003915099
0.000384641
0.0003688766
0.0003488723
0.000311177
0.0002694207
0.0002405235
0.0002219031
0.0002006116
0.00018753
0.0002004454
0.0002189389
0.0002558471
0.0002736576
0.0002632768
0.0003110653
0.0003632867
0.0003765025
0.0003595419
0.0003598972
0.0003487939
0.0003298197
0.0002941524
0.0002552682
0.000229793
0.000213819
0.0001950665
0.0001882988
0.0002022338
0.0002192883
0.0002549477
0.0002732571
0.0002352443
0.0002809632
0.0003282721
0.0003435464
0.0003339991
0.0003355813
0.0003266421
0.0003090775
0.0002779007
0.0002433924
0.0002199376
0.0002071245
0.0001951877
0.0001921508
0.000205333
0.0002207905
0.0002535032
0.0002714838
0.0002109387
0.0002562448
0.0002979046
0.0003105903
0.0003084563
0.0003112655
0.0003044904
0.0002883353
0.0002616491
0.0002315165
0.0002100822
0.00020043
0.0001953089
0.0001961478
0.0002084323
0.0002225026
0.0002519128
0.0002697106
0.000193268
0.0002352496
0.0002755129
0.00028894
0.0002854873
0.0002904644
0.0002870692
0.0002729582
0.0002497382
0.000224505
0.0002073928
0.0001993348
0.0001959837
0.0002001505
0.0002117493
0.0002242146
0.0002503224
0.0002688636
0.0001755972
0.0002142542
0.0002531211
0.0002716953
0.0002731393
0.0002766992
0.0002724867
0.0002610923
0.0002424942
0.0002209722
0.0002063196
0.0001996413
0.0001979295
0.0002043591
0.0002163353
0.0002278157
0.0002516423
0.0002695962
0.0001579266
0.0001964333
0.0002307294
0.0002544508
0.0002607912
0.0002629341
0.0002579042
0.0002492264
0.0002352503
0.0002174393
0.0002052465
0.0001999478
0.0001998753
0.0002085676
0.0002209213
0.0002315556
0.0002533473
0.0002703288
0.0001615664
0.0001976562
0.0002293037
0.0002445694
0.0002487236
0.0002507113
0.0002477524
0.0002406017
0.0002290228
0.0002141522
0.0002036207
0.0001989477
0.0002015264
0.0002127762
0.0002255073
0.0002352955
0.0002550523
0.0002705355
0.0001660121
0.0001988792
0.0002287005
0.000243917
0.0002479073
0.0002489054
0.0002456474
0.0002384562
0.0002261956
0.000211429
0.0002014017
0.0001964462
0.0001991489
0.000212333
0.0002251122
0.0002348381
0.0002529875
0.0002660607
0.0001704579
0.0002001022
0.0002280973
0.0002432647
0.0002470911
0.0002470996
0.0002435425
0.0002363106
0.0002233683
0.0002087058
0.0001991827
0.0001939448
0.0001967713
0.0002110299
0.0002243615
0.0002330681
0.0002494688
0.0002615858
0.0001753916
0.000202296
0.0002278883
0.0002426123
0.0002462748
0.0002452938
0.0002414375
0.0002341651
0.0002205411
0.0002059826
0.0001969637
0.0001914433
0.0001943939
0.0002097268
0.0002236109
0.0002312982
0.0002459501
0.000257111
0.0001815001
0.000205832
0.0002286955
0.0002399117
0.0002428983
0.0002415337
0.0002373012
0.0002282587
0.0002130278
0.0001974163
0.0001874849
0.0001825006
0.0001878505
0.00020476
0.0002178156
0.0002259247
0.0002392246
0.000246497
0.0001876087
0.000209368
0.0002295027
0.0002369511
0.0002375864
0.0002366771
0.0002326637
0.0002212898
0.0002034685
0.0001868282
0.000176917
0.0001724448
0.0001779536
0.0001938646
0.0002056511
0.0002126372
0.0002242906
0.0002309672
0.0001937172
0.0002129041
0.00023031
0.0002339905
0.0002322745
0.0002318206
0.0002280262
0.0002143209
0.0001939093
0.00017624
0.000166349
0.000162389
0.0001680568
0.0001829693
0.0001934865
0.0001993497
0.0002093566
0.0002154374
0.0001924556
0.0002085319
0.0002252652
0.000229527
0.0002269626
0.000226964
0.0002228159
0.0002070983
0.0001843501
0.0001656519
0.0001555526
0.0001521486
0.0001581599
0.0001720739
0.000181322
0.0001860622
0.0001944226
0.0001999077
0.0001813296
0.0001964424
0.0002115603
0.0002148002
0.0002125632
0.0002115935
0.0002060201
0.000190008
0.0001685688
0.0001510024
0.0001414036
0.0001382291
0.0001440833
0.0001571285
0.0001653464
0.0001701239
0.0001775089
0.0001820006
0.0001702035
0.0001843528
0.0001978555
0.0002000734
0.0001971904
0.0001956013
0.0001892243
0.0001729176
0.0001525317
0.0001362877
0.0001272545
0.0001243095
0.0001292107
0.0001405786
0.0001480996
0.0001528169
0.0001594564
0.0001635487
0.0001590774
0.0001722633
0.0001841506
0.0001853466
0.0001818177
0.000179609
0.0001724286
0.0001558273
0.0001364946
0.0001215729
0.0001131054
0.00011039
0.0001143382
0.0001240287
0.0001308529
0.0001355099
0.000141404
0.0001450968
0.0001438704
0.0001557697
0.0001671025
0.0001689824
0.0001658299
0.000163107
0.0001553234
0.0001389891
0.0001208885
0.0001073274
9.958312e-05
9.703084e-05
9.975435e-05
0.0001075216
0.0001136942
0.0001182028
0.0001233516
0.0001268168
0.0001253303
0.0001362288
0.0001469836
0.0001495001
0.0001473592
0.0001447511
0.0001373856
0.0001229096
0.0001070023
9.490535e-05
8.79919e-05
8.555371e-05
8.787209e-05
9.444672e-05
0.0001000911
0.0001042893
0.0001088888
0.000112089
0.0001067902
0.000116688
0.0001268647
0.0001300178
0.0001288885
0.0001263953
0.0001194479
0.0001068303
9.311623e-05
8.248336e-05
7.640071e-05
7.407662e-05
7.598985e-05
8.137187e-05
8.648797e-05
9.049832e-05
9.462994e-05
9.736128e-05
8.825002e-05
9.714711e-05
0.0001067457
0.0001105355
0.0001104178
0.0001080394
0.0001015102
9.07509e-05
7.923014e-05
7.006136e-05
6.480952e-05
6.259952e-05
6.410763e-05
6.829701e-05
7.288486e-05
7.670729e-05
8.037114e-05
8.263357e-05
7.378484e-05
8.151215e-05
8.990822e-05
9.347995e-05
9.380744e-05
9.183869e-05
8.61794e-05
7.714877e-05
6.743766e-05
5.95584e-05
5.512004e-05
5.308444e-05
5.39293e-05
5.692113e-05
6.092309e-05
6.432604e-05
6.74612e-05
6.95036e-05
6.06028e-05
6.702774e-05
7.429876e-05
7.78808e-05
7.879543e-05
7.749545e-05
7.292608e-05
6.5703e-05
5.776669e-05
5.108556e-05
4.735944e-05
4.568897e-05
4.627137e-05
4.872309e-05
5.209511e-05
5.511159e-05
5.780327e-05
5.955724e-05
4.742077e-05
5.254333e-05
5.86893e-05
6.228166e-05
6.378341e-05
6.31522e-05
5.967276e-05
5.425724e-05
4.809571e-05
4.261272e-05
3.959884e-05
3.82935e-05
3.861345e-05
4.052504e-05
4.326713e-05
4.589715e-05
4.814534e-05
4.961089e-05
3.461152e-05
3.84206e-05
4.326762e-05
4.668243e-05
4.877133e-05
4.880889e-05
4.641938e-05
4.281142e-05
3.842468e-05
3.413983e-05
3.183821e-05
3.089798e-05
3.095548e-05
3.232696e-05
3.443911e-05
3.668266e-05
3.848736e-05
3.966448e-05
2.714494e-05
3.022778e-05
3.424004e-05
3.722349e-05
3.914207e-05
3.950761e-05
3.782043e-05
3.505922e-05
3.164706e-05
2.816052e-05
2.62448e-05
2.543877e-05
2.540992e-05
2.64884e-05
2.82026e-05
3.005394e-05
3.1517e-05
3.25762e-05
1.967836e-05
2.203497e-05
2.521246e-05
2.792805e-05
2.995e-05
3.069513e-05
2.970022e-05
2.779133e-05
2.536847e-05
2.268555e-05
2.112034e-05
2.044609e-05
2.051448e-05
2.152907e-05
2.301029e-05
2.457517e-05
2.581272e-05
2.682178e-05
1.221178e-05
1.384215e-05
1.618488e-05
1.863261e-05
2.075794e-05
2.188264e-05
2.158001e-05
2.052343e-05
1.908988e-05
1.721058e-05
1.599587e-05
1.545341e-05
1.561903e-05
1.656974e-05
1.781799e-05
1.909639e-05
2.010845e-05
2.106736e-05
7.145823e-06
8.143538e-06
9.701102e-06
1.162135e-05
1.349754e-05
1.469188e-05
1.477601e-05
1.42804e-05
1.355543e-05
1.231774e-05
1.137709e-05
1.0934e-05
1.11444e-05
1.19631e-05
1.292778e-05
1.38857e-05
1.464746e-05
1.551022e-05
4.853587e-06
5.536634e-06
6.656987e-06
8.125566e-06
9.631188e-06
1.060829e-05
1.069708e-05
1.04061e-05
9.998074e-06
9.20223e-06
8.482291e-06
8.196224e-06
8.51273e-06
9.228597e-06
9.939396e-06
1.057789e-05
1.111534e-05
1.183689e-05
2.561351e-06
2.929729e-06
3.612872e-06
4.629786e-06
5.764836e-06
6.524689e-06
6.618156e-06
6.531787e-06
6.440713e-06
6.086716e-06
5.587491e-06
5.458449e-06
5.881061e-06
6.494098e-06
6.951017e-06
7.270086e-06
7.583219e-06
8.163556e-06
2.69104e-07
3.228113e-07
5.687419e-07
1.133989e-06
1.898466e-06
2.441072e-06
2.539207e-06
2.65746e-06
2.883334e-06
2.971187e-06
2.692675e-06
2.720661e-06
3.249379e-06
3.759585e-06
3.962624e-06
3.962262e-06
4.051081e-06
4.490205e-06
9.351691e-08
8.251661e-08
1.967767e-07
5.236689e-07
9.97844e-07
1.331731e-06
1.356486e-06
1.418438e-06
1.583959e-06
1.683737e-06
1.471276e-06
1.501531e-06
1.923898e-06
2.275033e-06
2.337948e-06
2.215115e-06
2.197377e-06
2.511757e-06
5.684095e-08
5.037784e-08
1.206069e-07
3.228327e-07
6.182544e-07
8.280945e-07
8.46667e-07
8.897485e-07
9.992877e-07
1.068086e-06
9.375578e-07
9.596603e-07
1.236696e-06
1.473232e-06
1.533655e-06
1.453194e-06
1.452686e-06
1.757778e-06
2.016499e-08
1.823906e-08
4.443715e-08
1.219966e-07
2.386648e-07
3.244583e-07
3.368477e-07
3.610591e-07
4.146163e-07
4.524352e-07
4.038393e-07
4.177896e-07
5.494942e-07
6.714309e-07
7.293626e-07
6.912729e-07
7.079955e-07
1.003799e-06
2.26314e-11
4.438844e-11
6.380389e-11
5.373674e-10
8.694267e-10
6.295876e-10
3.468764e-10
4.43723e-10
5.076308e-10
3.74621e-10
1.065834e-09
5.772072e-10
7.392432e-09
1.958908e-08
5.709617e-08
4.752967e-08
7.07418e-08
3.336722e-07
1.51873e-11
2.984835e-11
4.299234e-11
3.631271e-10
5.905079e-10
4.285604e-10
2.383059e-10
3.059603e-10
3.483916e-10
2.595783e-10
7.51111e-10
4.169674e-10
5.114825e-09
1.35938e-08
3.965138e-08
3.303552e-08
4.923193e-08
2.326248e-07
7.743215e-12
1.530826e-11
2.218079e-11
1.888868e-10
3.11589e-10
2.275332e-10
1.297354e-10
1.681975e-10
1.891525e-10
1.445356e-10
4.363883e-10
2.567276e-10
2.837216e-09
7.598524e-09
2.220658e-08
1.854136e-08
2.772205e-08
1.315774e-07
2.990889e-13
7.681018e-13
1.369142e-12
1.464565e-11
3.266886e-11
2.650503e-11
2.116442e-11
3.04341e-11
2.991261e-11
2.949235e-11
1.21664e-10
9.648705e-11
5.595968e-10
1.603218e-09
4.761693e-09
4.047143e-09
6.212074e-09
3.052949e-08
 0
 0
 0
 0
3.245308e-12
2.599539e-12
5.371434e-12
7.555458e-12
2.058099e-12
5.668738e-12
4.35162e-11
4.763773e-11
2.313485e-11
7.30969e-11
6.198098e-11
5.003958e-11
1.128109e-10
2.032924e-10
 0
 0
 0
 0
1.995787e-12
1.602494e-12
3.32118e-12
4.690472e-12
1.283328e-12
3.548061e-12
2.72997e-11
2.992987e-11
1.456607e-11
4.616343e-11
3.924013e-11
3.169983e-11
7.154551e-11
1.293123e-10
 0
 0
 0
 0
7.462669e-13
6.054489e-13
1.270926e-12
1.825487e-12
5.085565e-13
1.427384e-12
1.108319e-11
1.222202e-11
5.997294e-12
1.922997e-11
1.649928e-11
1.336007e-11
3.028016e-11
5.533226e-11
 0
 0
 0
 0
 0
 0
 0
 0
 0
 0
 0
 0
 0
 0
 0
 0
 0
 0
 0
 0
 0
 0
 0
 0
 0
 0
 0
 0
 0
 0
 0
 0
 0
 0
 0
 0
 0
 0
 0
 0
 0
 0
 0
 0
 0
 0
 0
 0
 0
 0
 0
 0
 0
 0
 0
 0
 0
 0
 0
 0
 0
 0
 0
 0
 0
 0
 0
 0
 0
 0
 0
 0
 0
 0
 0
 0
 0
 0
 0
 0
 0
 0
 0
 0
 0
 0
 0
 0
 0
 0
 0
 0
 0
 0
 0
 0
 0
 0
 0
 0
 0
 0
 0
 0
 0
 0
 0
 0
 0
 0
 0
 0
 0
 0
 0
 0
 0
 0
 0
 0
 0
 0
 0
 0
 0
 0
 0
 0
 0
 0
 0
 0
 0
 0
 0
 0
 0
 0
 0
 0
 0
 0
 0
 0
 0
 0
 0
 0
 0
 0
 0
 0
 0
 0
 0
 0
 0
 0
 0
 0
 0
 0
 0
 0
 0
 0
 0
 0
 0
 0
 0
 0
 0
 0
 0
 0
 0
 0
 0
 0
 0
 0
 0
 0
 0
 0
 0
 0
 0
 0
 0
 0
 0
 0
 0
 0
 0
 0
 0
 0
 0
 0
 0
 0
 0
 0
 0
 0
 0
 0
 0
 0
 0
 0
 0
 0
 0
 0
 0
 0
 0
 0
 0
 0
 0
 0
 0
 0
 0
 0
 0
 0
 0
 0
 0
 0
 0
 0
 0
 0
 0
 0
 0
 0
 0
 0
 0
 0
 0
 0
 0
 0
 0
 0
 0
 0
 0
 0
 0
 0
 0
 0
 0
 0
 0
 0
 0
 0
 0
 0
 0
 0
 0
 0
 0
 0
 0
 0
 0
 0
 0
 0
 0
 0
 0
 0
 0
 0
 0
 0
 0
 0
 0
 0
 0
 0
 0
 0
 0
 0
 0
 0
 0
 0
 0
 0
 0
 0
 0
 0
 0
 0
 0
 0
 0
 0
 0
 0
 0
 0
 0
 0
 0
 0
 0
 0
 0
 0
 0
 0
 0
 0
 0
 0
 0
 0
 0
 0
 0
 0
 0
 0
 0
 0
 0
 0
 0
 0
 0
 0
 0
 0
 0
 0
 0
 0
 0
 0
 0
 0
 0
 0
 0
 0
 0
 0
 0
 0
 0
 0
 0
 0
 0
 0
 0
 0
 0
 0
 0
 0
 0
 0
 0
 0
 0
 0
 0
 0
 0
 0
 0
 0
 0
 0
 0
 0
 0
 0
 0
 0
 0
 0
 0
 0
 0
 0
 0
 0
 0
 0
 0
 0
 0
 0
 0
 0
 0
 0
 0
 0
 0
 0
 0
 0
 0
 0
 0
 0
 0
 0
 0
 0
 0
 0
 0
 0
 0
 0
 0
 0
 0
 0
 0
 0
 0
 0
 0
 0
 0
 0
 0
 0
 0
 0
 0
 0
 0
 0
 0
 0
 0
 0
 0
 0
 0
 0
 0
 0
 0
 0
 0
 0
 0
 0
 0
 0
 0
 0
 0
 0
 0
 0
 0
 0
 0
 0
 0
 0
 0
 0
 0
 0
 0
 0
 0
 0
 0
 0
 0
 0
 0
 0
 0
 0
 0
 0
 0
 0
 0
 0
 0
 0
 0
 0
 0
 0
 0
 0
 0
 0
 0
 0
 0
 0
 0
 0
 0
 0
 0
 0
 0
 0
 0
 0
 0
 0
 0
 0
 0
 0
 0
 0
 0
 0
 0
 0
 0
 0
 0
 0
 0
 0
 0
 0
 0
 0
 0
 0
 0
 0
 0
 0
 0
 0
 0
 0
 0
 0
 0
 0
 0
 0
 0
 0
 0
 0
 0
 0
 0
 0
 0
 0
 0
 0
 0
 0
 0
 0
 0
 0
 0
 0
 0
 0
 0
 0
 0
 0
 0
 0
 0
 0
 0
 0
 0
 0
 0
 0
 0
 0
 0
 0
 0
 0
 0
 0
 0
 0
 0
 0
 0
 0
 0
 0
 0
 0
 0
 0
 0
 0
